import settings;
import three;
surface ellipsoid(triple v1,triple v2,triple v3,real l1,real l2, real l3, triple pos=O) {
  transform3 T = identity(4);
  T[0][0] = l1*v1.x;
  T[1][0] = l1*v1.y;
  T[2][0] = l1*v1.z;
  T[0][1] = l2*v2.x;
  T[1][1] = l2*v2.y;
  T[2][1] = l2*v2.z;
  T[0][2] = l3*v3.x;
  T[1][2] = l3*v3.y;
  T[2][2] = l3*v3.z;
  T[0][3] = pos.x;
  T[1][3] = pos.y;
  T[2][3] = pos.z;
  return T*unitsphere;
}

size(200);

real gDx=1.5;
real gDy=1.5;
real gDz=1.5;

currentprojection=perspective(up=Y, camera = (gDx*-2.0,gDy*6.0,gDz*14.0), target = (gDx*1.5,gDy*1.5,gDz*0.0) );
currentlight=Viewport;

  draw(  ellipsoid( (-0.19977485694763,-0.607391397557896,0.7688730042758817), (0.8594176798732955,-0.4855135049742219,-0.1602432151725866), (0.4706285775988911,0.6287704880640572,0.618996296666573), 0.5737812934081606, 0.8137948505143314, 1.0659411973759712,  (gDx*0, gDy*0, gDz*0)), rgb(0.2034065364040273,0.37897478286739766,0.5538518118095768)  );
  draw(  ellipsoid( (-0.389707422644888,-0.3716989539189893,0.8425959959500211), (-0.7395052791841564,0.6715933618197854,-0.045763505311129125), (-0.5488716305241529,-0.6409385649304681,-0.5365982567905248), 0.5148205197745954, 0.7583763235735455, 1.2545891783866985,  (gDx*0, gDy*0, gDz*1)), rgb(0.16855979917963915,0.4589246212214898,0.5580671595017492)  );
  draw(  ellipsoid( (-0.5813445745106204,-0.041465431401058,0.8126002114728927), (0.5706149578052109,-0.7327204770714879,0.3708359103553599), (-0.580031943616921,-0.6792652799009051,-0.4496238693676327), 0.4963104350649729, 0.8126666490904796, 1.4293542622359223,  (gDx*0, gDy*0, gDz*2)), rgb(0.153127892740461,0.4976016979608584,0.5577016302250644)  );
  draw(  ellipsoid( (-0.653893269652416,0.2017979757241218,0.7291784204822023), (0.5205947258470166,-0.5793379198187483,0.6271751797387675), (-0.5490033909945752,-0.7897120688287171,-0.27377020477532826), 0.4841470242678755, 0.9727448766221122, 1.4639835321961532,  (gDx*0, gDy*0, gDz*3)), rgb(0.148117793848647,0.5104196320176548,0.5571206966226103)  );
  draw(  ellipsoid( (-0.2576455203101188,-0.7860450790470757,0.5619180719375423), (-0.6129899295582273,0.5825085081491311,0.533785709994257), (-0.7469016883930093,-0.20692262234891234,-0.6319184253018119), 0.6103160545799324, 0.7571240069425144, 1.0442395527384654,  (gDx*0, gDy*1, gDz*0)), rgb(0.21714279109264428,0.3495416448681669,0.5503408468991836)  );
  draw(  ellipsoid( (-0.6228476874355724,-0.19644249501746822,0.7572787494756943), (0.3855762586893502,-0.9193174922095715,0.07865301807704299), (-0.6807288057598873,-0.34097755742690244,-0.6483383363182381), 0.588897776233846, 0.7802739520482153, 1.1401892111446332,  (gDx*0, gDy*1, gDz*1)), rgb(0.19692640814860535,0.39308822307415325,0.5550916603031408)  );
  draw(  ellipsoid( (0.7280562650533217,-0.10411450501077545,-0.6775649376723745), (0.26763970524061037,-0.8667861055714051,0.42077409065563437), (-0.6311125597667404,-0.48769049307395507,-0.6032038791900756), 0.5444770547563986, 0.9623321402303396, 1.2402884064150135,  (gDx*0, gDy*1, gDz*2)), rgb(0.17388479333554843,0.4459818503998071,0.5578152773117646)  );
  draw(  ellipsoid( (0.7487725166837794,-0.23422837009936062,-0.6200619234396161), (-0.5956449248919907,0.17259668919604002,-0.7844855042185167), (-0.2907693961018846,-0.9567379231112156,0.010281282574799887), 0.5126232441449698, 1.1909069093209177, 1.344886421431819,  (gDx*0, gDy*1, gDz*3)), rgb(0.15381292676522107,0.4958592743050516,0.5577598893899143)  );
  draw(  ellipsoid( (0.01629076776602354,0.9839726797013003,0.1775735804871761), (-0.7655829225049776,-0.10195807950662424,0.6352065323908895), (0.6431309350780217,-0.14629530281168615,0.7516517043956638), 0.6471509038883012, 0.8061607462959911, 1.2564774014904692,  (gDx*0, gDy*2, gDz*0)), rgb(0.1950351422834785,0.3972561230211753,0.5554114453864061)  );
  draw(  ellipsoid( (0.7071170650056889,-0.33160759779049503,-0.6245172995725239), (0.4036007463694798,0.9144882421471084,-0.028595323126171246), (-0.5805961538864496,0.23183540726625557,-0.7804873157393087), 0.6891684571997698, 0.7731638475116293, 1.3103892370667771,  (gDx*0, gDy*2, gDz*1)), rgb(0.19368828901716822,0.4002385431838531,0.5556290124362292)  );
  draw(  ellipsoid( (0.8093565801624052,-0.16600317089842673,-0.5633692158784361), (0.38746026000743494,0.8717917612943655,0.2997560205471092), (-0.44138019106297405,0.4608926905375437,-0.7699100302933299), 0.6046471905714215, 0.9228456990364065, 1.4183432590500842,  (gDx*0, gDy*2, gDz*2)), rgb(0.17285595943108947,0.4484609762133169,0.5578768088571759)  );
  draw(  ellipsoid( (0.8340033019703184,-0.19760617890987672,-0.5151604510822272), (0.4951636402465794,0.67995168546349,0.5408129758179948), (-0.24341623134121862,0.7061285318495475,-0.6649293457410652), 0.5532615806844615, 0.9819923178698088, 1.7122190522382439,  (gDx*0, gDy*2, gDz*3)), rgb(0.1472592385450007,0.5126298200100893,0.5569939235537282)  );
  draw(  ellipsoid( (0.014191907936764746,0.9183766764059575,0.39545274051732343), (-0.9001314297043962,-0.16047549755240167,0.4049827452418541), (0.43538718286995276,-0.3617069185388308,0.8243822572530961), 0.6187532166160848, 0.9195120285882217, 1.5938545307784562,  (gDx*0, gDy*3, gDz*0)), rgb(0.1628996086760126,0.4729452554655248,0.5581440868977803)  );
  draw(  ellipsoid( (-0.04214934186248876,0.8466356364220783,0.5305012084064857), (-0.9225531467307415,-0.23682179515060497,0.30464918972295313), (0.3835611091309525,-0.476574796314101,0.7910482533198635), 0.6386827243314965, 0.806102472719758, 1.709008389805323,  (gDx*0, gDy*3, gDz*1)), rgb(0.15570892020363752,0.4910465590163445,0.5578989803020957)  );
  draw(  ellipsoid( (-0.5434538809724053,0.5225971993764826,0.656924688575401), (0.774981339181191,0.6130851462822691,0.15339663402101214), (-0.3225861174585238,0.5924683709801734,-0.7381865795387609), 0.6532351930221396, 0.6875603944213764, 1.8920349729000852,  (gDx*0, gDy*3, gDz*2)), rgb(0.14189735827182373,0.5265519877898216,0.5559820671524272)  );
  draw(  ellipsoid( (0.9245311872981413,-0.03965273288957816,-0.379037919590477), (0.2851726745425876,0.731766961297168,0.6190263807368279), (0.252821338908164,-0.6804004520341653,0.6878492534446675), 0.5843676796981288, 0.6902369469379515, 2.2045207450419544,  (gDx*0, gDy*3, gDz*3)), rgb(0.12651518022755492,0.5704275542974777,0.5498808734194636)  );
  draw(  ellipsoid( (0.48854557689878586,-0.5302256202373787,0.6929531087573817), (-0.8079315473236385,0.025011090197279297,0.5887453271206275), (-0.32949936894000953,-0.8474876028656881,-0.41616694829972406), 0.7770002101808016, 0.9443764914366393, 1.3296051179642916,  (gDx*1, gDy*0, gDz*0)), rgb(0.21654195175749963,0.3508256260098849,0.5505251668827253)  );
  draw(  ellipsoid( (-0.6415307286135363,0.010242068476944262,0.7670289592172507), (0.6098425096976091,-0.5997455363224077,0.5180708494280191), (-0.4653283116363186,-0.8001252350067839,-0.378509142155156), 0.7287982553190898, 0.7711735286695879, 1.4278120127112257,  (gDx*1, gDy*0, gDz*1)), rgb(0.18544865375730463,0.41881687046043276,0.5567653661835674)  );
  draw(  ellipsoid( (-0.7339579661853801,0.23932013043479006,0.6356347843232744), (0.44492149060274855,-0.5376960302336119,0.7161898116217815), (-0.5131769393424156,-0.8084607932606812,-0.28816761561192306), 0.6389839337258273, 0.8538020149959565, 1.381560303289568,  (gDx*1, gDy*0, gDz*2)), rgb(0.18132789510355724,0.4283465357482572,0.5572124111820674)  );
  draw(  ellipsoid( (0.6900196303720436,-0.35122255757929005,-0.6328630379068528), (-0.6085625981431025,0.19181032164794604,-0.7699742623300003), (-0.3918219925457792,-0.916434130506265,0.08138802492186034), 0.5612662274108826, 0.9471180270058165, 1.279150880378091,  (gDx*1, gDy*0, gDz*3)), rgb(0.17493861077292283,0.44345181822491875,0.5577466181539867)  );
  draw(  ellipsoid( (0.1376680132236646,-0.6941033631416921,0.7065890173293391), (0.8451569016648905,-0.28967338103665247,-0.4492205960182557), (0.5164855561419411,0.6590218915894882,0.5467474889769156), 0.6739261440399722, 0.7649035842199693, 1.0264149005682268,  (gDx*1, gDy*1, gDz*0)), rgb(0.23813949236484389,0.3036081174225846,0.5415261043165686)  );
  draw(  ellipsoid( (-0.7326827931762195,0.11492852634033195,0.6707960632090296), (0.4250307758313561,-0.692519625720261,0.5828939934400296), (-0.5315305863068353,-0.7121853704096353,-0.4585490529864854), 0.6197308066349675, 0.7371026911357612, 1.1685407870707905,  (gDx*1, gDy*1, gDz*1)), rgb(0.19805477955444156,0.3906127075624496,0.5548926672718493)  );
  draw(  ellipsoid( (-0.7521191341103586,0.2621523840120226,0.604642816596623), (0.4237654511700472,-0.5102726505577577,0.7483613194756974), (-0.5047173966684041,-0.8190836035775431,-0.2726947008115399), 0.5419167932761035, 0.8739924352003308, 1.3009455981537033,  (gDx*1, gDy*1, gDz*2)), rgb(0.17025413679085266,0.45477862320035145,0.5580041641232645)  );
  draw(  ellipsoid( (0.7318021056789256,-0.3522125166247725,-0.5834483878259799), (-0.5975121039668431,0.08017537522925895,-0.7978415850405166), (-0.32778798595587194,-0.9324796256968255,0.1517787334355549), 0.5011674506025787, 0.9796935069402459, 1.4043179996971884,  (gDx*1, gDy*1, gDz*3)), rgb(0.15422499100498588,0.49481221651593177,0.557792831810185)  );
  draw(  ellipsoid( (0.17723373428232728,-0.9840347618221287,-0.016241642712726267), (0.7379048397381197,0.14378712966447635,-0.6594101218770538), (0.6512178214110859,0.10488493156081702,0.7516079431512694), 0.6740608182391132, 0.7325208865357502, 0.9303047869838283,  (gDx*1, gDy*2, gDz*0)), rgb(0.25768396017720824,0.25511814175659314,0.5261605038078153)  );
  draw(  ellipsoid( (-0.7840756942615547,0.2751961192157579,0.5563204127450723), (-0.04590569883297606,-0.9195872589611152,0.3901947462114769), (0.6189652433561332,0.2804039392108627,0.7336590886727389), 0.6172818055133839, 0.8237824468483921, 0.9769659514493174,  (gDx*1, gDy*2, gDz*1)), rgb(0.23165079176307535,0.3181570341333924,0.5448444586990173)  );
  draw(  ellipsoid( (0.8031719786693715,-0.2743027563780892,-0.5288409690291681), (-0.5135547981666799,0.1311391861821767,-0.847976404817644), (-0.30195403948334154,-0.9526597040343727,0.03554217704128247), 0.5417807627381699, 0.9958815941685075, 1.0759411298637196,  (gDx*1, gDy*2, gDz*2)), rgb(0.18474296164243076,0.4204397920732277,0.5568466612341954)  );
  draw(  ellipsoid( (-0.7941835602925682,0.3153260483766601,0.5194631418841771), (0.6001921298128513,0.2732644684574398,0.7517286329450186), (-0.09508879992792993,-0.9087882115728797,0.40627836102164355), 0.4986153471139196, 0.9832997951940835, 1.4291117644602465,  (gDx*1, gDy*2, gDz*3)), rgb(0.15236051624885996,0.49955728742942673,0.5576289258133429)  );
  draw(  ellipsoid( (0.012113502582275141,0.943093157732636,0.3323079278215832), (-0.9154945563889537,-0.12319627453474774,0.383004432301967), (0.40214795819123833,-0.3088656241452655,0.8619043136821938), 0.6062934298184041, 0.8073696550725803, 1.1433590234642745,  (gDx*1, gDy*3, gDz*0)), rgb(0.2011510147614496,0.383861485839786,0.554310925850202)  );
  draw(  ellipsoid( (-0.5933997007083385,0.5939181439059841,0.5432660798711118), (0.7226165372282367,0.6903852994524167,0.034546757073122734), (-0.35454496939531804,0.4130730887376556,-0.8388495026148647), 0.6611496301943743, 0.743967601961711, 1.193150940391131,  (gDx*1, gDy*3, gDz*1)), rgb(0.20280955786691174,0.38026540251876695,0.5539762720104767)  );
  draw(  ellipsoid( (0.8475204114601677,-0.2491334977392031,-0.4686594205418456), (0.47770480100418267,0.7428723313352323,0.46897635594357096), (-0.2313163964269325,0.6213478893830633,-0.7486117318765921), 0.5963256501969755, 0.8101036529748664, 1.3099832533483677,  (gDx*1, gDy*3, gDz*2)), rgb(0.17959207658480336,0.43241015989618536,0.5573773196679808)  );
  draw(  ellipsoid( (-0.8672267851225689,0.23373426682132264,0.43964303210613087), (-0.4832782864385976,-0.6076382560525636,-0.6302522095466003), (-0.11983238720373743,0.759041528702414,-0.6399188672653401), 0.5408448047538889, 0.8149918059854813, 1.598453532060791,  (gDx*1, gDy*3, gDz*3)), rgb(0.1501321289555357,0.5052500947708543,0.5573869263827393)  );
  draw(  ellipsoid( (0.7276426961652953,-0.1967210737036171,0.6571430026091702), (-0.4538403303101346,0.5802815739725534,0.6762412657416906), (-0.5143588837584971,-0.7903000152276554,0.33295769195181624), 0.8846507577834398, 1.5925337754661089, 1.8677341649251786,  (gDx*2, gDy*0, gDz*0)), rgb(0.18033434797528403,0.4306669747238827,0.5573090860246324)  );
  draw(  ellipsoid( (0.7849977080348391,-0.3255759232726499,0.5270473570422406), (-0.38552931395573553,0.4092013643119485,0.8269953999425027), (-0.48491828843720686,-0.852381699492898,0.195703070769799), 0.8679904656785484, 1.2209790194707637, 1.4917644130483207,  (gDx*2, gDy*0, gDz*1)), rgb(0.2158674980453886,0.3522665784427997,0.5507267769815474)  );
  draw(  ellipsoid( (0.903072601906711,-0.42904635568682115,-0.019470499667469852), (0.20201212278007563,0.38432229736042206,0.9008259954072679), (0.37901316327448403,0.8174445525070584,-0.4337435021313915), 0.8280205271980735, 0.9443741750670865, 1.223042390722565,  (gDx*2, gDy*0, gDz*2)), rgb(0.2451880762971271,0.2871535499691952,0.5371050219489338)  );
  draw(  ellipsoid( (-0.3663101575764508,0.656636131484324,0.6592767698665084), (-0.9228584932861674,-0.16580476831288415,-0.3476218925417323), (-0.11894986265607935,-0.7357565967315634,0.6667182017465008), 0.636373060145879, 0.7638653543343886, 1.1980960305213597,  (gDx*2, gDy*0, gDz*3)), rgb(0.19870319321212052,0.3891955225280242,0.5547744781603325)  );
  draw(  ellipsoid( (0.656227222904492,-0.4058681762882991,0.6361107257352829), (-0.5202690784996488,0.3672136597188619,0.7710215393054894), (-0.5465216536205906,-0.8369140646400263,0.0298149380600574), 0.7129573532024785, 1.0840711970259203, 1.2446075623727695,  (gDx*2, gDy*1, gDz*0)), rgb(0.21014461236784335,0.36449429266990985,0.5522954062763199)  );
  draw(  ellipsoid( (-0.8032759588223286,0.4896610538186377,-0.33908669444743705), (-0.3325152472326781,0.10364970678846593,0.9373848455359496), (-0.49414708775410116,-0.8657302066209115,-0.07956044876855989), 0.698816956020344, 0.8835964292326155, 1.2220089693434983,  (gDx*2, gDy*1, gDz*1)), rgb(0.21344443060727553,0.35744186180348514,0.5514199314243684)  );
  draw(  ellipsoid( (-0.8543428141842528,0.4433984908560051,0.2711017044548931), (0.29794307439526857,-0.009541751689654593,0.9545359497654284), (-0.4258265847403455,-0.896273804861723,0.1239555825570737), 0.6400517330200363, 0.8497878138639261, 1.1727495659815204,  (gDx*2, gDy*1, gDz*2)), rgb(0.20584956039625765,0.3737088263031433,0.5533204964248013)  );
  draw(  ellipsoid( (-0.7277645234842426,0.46181895066924916,0.5070325977296795), (0.6604289541221934,0.27258090366296656,0.6996665259359963), (-0.18491185715042346,-0.8440514840701568,0.5033733180494843), 0.5454524415541653, 0.7884146726320947, 1.262450280663867,  (gDx*2, gDy*1, gDz*3)), rgb(0.17409928699171986,0.44546499655435734,0.557802449073807)  );
  draw(  ellipsoid( (0.5622189416180403,-0.5787864661473995,0.5906911953724178), (-0.3442967384510189,0.4856067067772272,0.8035209283055215), (-0.751910644676534,-0.6551277378783326,0.07374299617277305), 0.6300665266156663, 0.8129890586296219, 0.8835539740073524,  (gDx*2, gDy*2, gDz*0)), rgb(0.2541722316502982,0.2646226308535047,0.5297511788961121)  );
  draw(  ellipsoid( (0.8562629717835946,-0.5163461043963253,-0.014157105179594882), (-0.06003164150622685,-0.1266982515821602,0.9901231009647696), (0.5130398865296881,0.8469558746007742,0.13948412565178286), 0.6069559484800646, 0.729585499456011, 0.9580321511954617,  (gDx*2, gDy*2, gDz*1)), rgb(0.23261698502985506,0.31601471438169004,0.5443842611573527)  );
  draw(  ellipsoid( (0.8357653781939401,-0.41247242875341106,-0.36243996486397906), (0.39007465323320467,-0.018546806845807118,0.9205964267043509), (0.3864427480459885,0.9107812643407235,-0.14539426057646865), 0.5271485955949209, 0.7812748138295129, 1.0887660415578895,  (gDx*2, gDy*2, gDz*2)), rgb(0.18805070067139218,0.4128876242461818,0.5564399350777909)  );
  draw(  ellipsoid( (-0.7963740891015629,0.40440023915351,0.44972075422448493), (0.5623241564656126,0.22133415812619883,0.7967450869015787), (-0.2226653391592268,-0.8873959865917531,0.4036688119213024), 0.4712118912066367, 0.7756197045028513, 1.3001572519476037,  (gDx*2, gDy*2, gDz*3)), rgb(0.15693232202813617,0.4879479938808233,0.557970954623829)  );
  draw(  ellipsoid( (-0.15369241485643167,0.9809104590475584,0.11913569132173105), (0.7487715977355568,0.036941976892453744,0.6617978428249968), (0.6447633178462766,0.19091873054885242,-0.7401555932947314), 0.6425209016568155, 0.7484073922496494, 0.8008466710662979,  (gDx*2, gDy*3, gDz*0)), rgb(0.2761051378328319,0.19050200910228227,0.4932671435196142)  );
  draw(  ellipsoid( (-0.7990631459860961,0.5157089864801652,0.30909922353575), (0.5853137742761976,0.5496508915423631,0.596063489126148), (-0.13749863406360024,-0.6572123999821412,0.7410573438947613), 0.6026057486590676, 0.7602470672708812, 0.8204707932616314,  (gDx*2, gDy*3, gDz*1)), rgb(0.26019477675502123,0.24800311474195338,0.5232749700818303)  );
  draw(  ellipsoid( (-0.8593087772779129,0.3663296371953127,0.35691878937019955), (0.474827994061627,0.31206080644681145,0.8228951507544429), (-0.19007051677877296,-0.8765960586222801,0.44210015681894327), 0.5117732351948768, 0.7769530238747582, 0.997038572244541,  (gDx*2, gDy*3, gDz*2)), rgb(0.1953334872723648,0.39659671279005737,0.5553624557831174)  );
  draw(  ellipsoid( (-0.8438200291757487,0.35853004159617163,0.3992793103015556), (0.516067457281299,0.33819527358741175,0.7869551044744232), (-0.14711267075630705,-0.8701035376299668,0.47040163255112444), 0.46352504100928316, 0.7504955507069525, 1.2644890828767479,  (gDx*2, gDy*3, gDz*3)), rgb(0.1579328865214334,0.48541776061658953,0.5580213503012191)  );
  draw(  ellipsoid( (0.7271779399153498,0.02197631563925085,0.6860971398070334), (-0.1438563117298555,0.9821720531639093,0.12100999776577775), (-0.6712060825677539,-0.18669520490552238,0.7173752819754347), 0.9389573466606205, 2.0723875316121063, 2.9460491298014353,  (gDx*3, gDy*0, gDz*0)), rgb(0.14401957004055044,0.5210146823804904,0.5564273516251641)  );
  draw(  ellipsoid( (-0.7070133690759464,-0.13718493551781832,-0.6937668119871774), (-0.22901460359485315,0.9725559981813097,0.04107483100207129), (-0.66909222629483,-0.18792318608550787,0.7190274465159864), 0.854759894918882, 1.3777615583030771, 2.1679616776543984,  (gDx*3, gDy*0, gDz*1)), rgb(0.16479149894197231,0.4682323893601091,0.558142527149736)  );
  draw(  ellipsoid( (0.5511025588878603,0.5096375667491433,0.6607234823625273), (-0.5578939093336293,0.8138626446698501,-0.16242531064904134), (-0.6205162008486905,-0.2791006022369175,0.7328454805177538), 0.6953733919772593, 0.9798324117067599, 1.5649325647849455,  (gDx*3, gDy*0, gDz*2)), rgb(0.1771349979191647,0.4382120517257795,0.5575868459226929)  );
  draw(  ellipsoid( (0.34815101426490896,0.6923747357969009,0.6319874179890663), (-0.8254001060171771,0.5460102027752897,-0.1434835302469247), (-0.4444159495935627,-0.47168854522392095,0.7615801862255825), 0.48558421635599097, 0.8098017658854384, 1.234757104301882,  (gDx*3, gDy*0, gDz*3)), rgb(0.16441215951160731,0.46917565295706226,0.5581443068923717)  );
  draw(  ellipsoid( (-0.6887928383439265,0.16798383922229945,-0.705227520454395), (-0.0463117189266748,0.9606009294442437,0.27404576085192783), (0.7234774706486539,0.22142105615995913,-0.6538754203614281), 0.7582477459210741, 1.5230788433205102, 1.984874972125265,  (gDx*3, gDy*1, gDz*0)), rgb(0.1588067701908246,0.48321366494532636,0.5580571407586686)  );
  draw(  ellipsoid( (0.7038327583970403,-0.21121951432684033,0.6782372482949807), (0.07448760718822722,-0.9275640700330433,-0.36616457004891656), (-0.7064496051259326,-0.308238889096216,0.6371167417876764), 0.7250779669159181, 1.1458103765608276, 1.5454480637235706,  (gDx*3, gDy*1, gDz*1)), rgb(0.1833880831721678,0.4235633860308101,0.5569986561277092)  );
  draw(  ellipsoid( (-0.6904045669034641,-0.14215420759345493,-0.7093191913816496), (-0.4170510292282845,0.8793799503402024,0.2296940181182169), (-0.5911091041579958,-0.4544040979163158,0.6664134923441984), 0.7131314177341784, 0.8325582016663411, 1.2386557172086823,  (gDx*3, gDy*1, gDz*2)), rgb(0.21198819339988867,0.36055251685562906,0.5518166469733907)  );
  draw(  ellipsoid( (0.19588887157307386,0.6869347561409436,0.6998201131715279), (0.9327784203001244,-0.35072394386156974,0.08316930818872538), (0.3025755585242013,0.6364851577277891,-0.7094608342791017), 0.5285471829785526, 0.7045890300126305, 1.122958909349685,  (gDx*3, gDy*1, gDz*3)), rgb(0.18359830227464932,0.42307675825460295,0.5569761235077111)  );
  draw(  ellipsoid( (-0.6025154120894975,0.31242273456401864,-0.7344162396912012), (-0.05255218769079078,0.9026701433056096,0.4271122568523903), (0.7963751915796569,0.29593689751731,-0.5274541751889865), 0.5604297471751716, 1.036596783510165, 1.3219432649167164,  (gDx*3, gDy*2, gDz*0)), rgb(0.16945482030712494,0.45673064179977135,0.5580365403579142)  );
  draw(  ellipsoid( (0.6577941828286787,-0.3735330101008844,0.6540488539870116), (-0.19007205147299097,0.7579356664129069,0.6240241508371863), (-0.7288205734511064,-0.5347958638061773,0.427567486802031), 0.5543945284329721, 0.888731582623435, 1.1306580104411692,  (gDx*3, gDy*2, gDz*1)), rgb(0.18820013981523548,0.41254882486333144,0.5564204161352441)  );
  draw(  ellipsoid( (0.810760212374494,-0.39138356449914885,0.43530079654235193), (-0.12140156787190037,0.6150347340936229,0.7790981550335175), (0.5726513226638967,0.6845079848316795,-0.45113111326194605), 0.5930894299038127, 0.7078262656606216, 1.0389748649387496,  (gDx*3, gDy*2, gDz*2)), rgb(0.21135646562294308,0.36190278489472416,0.5519822584836259)  );
  draw(  ellipsoid( (-0.4736468507626121,0.6483867892243649,0.5960312343510017), (-0.8225565000693806,-0.08382446137181107,-0.5624715671652538), (-0.3147371362840275,-0.7566822524911265,0.5730379601812471), 0.5185650024233974, 0.6060851170270726, 1.0635073342645374,  (gDx*3, gDy*2, gDz*3)), rgb(0.1842298791065577,0.42161975812225305,0.5569057678471939)  );
  draw(  ellipsoid( (-0.5212509805135361,0.3875132172015694,-0.7603492104341046), (-0.00023876266776963866,0.8908947876449245,0.45420966561654474), (-0.8534033971727938,-0.23693877656726942,0.4642872579047806), 0.4896819361653719, 0.7509413262165973, 1.0102591804161496,  (gDx*3, gDy*3, gDz*0)), rgb(0.1877908721105932,0.4134766918343762,0.5564738724961932)  );
  draw(  ellipsoid( (0.6442179704891361,-0.43300224915753416,0.6304698713843312), (-0.21634458400501025,0.687486107645712,0.6932228161030531), (-0.7336063164058482,-0.5829853377390082,0.349213213539776), 0.49598833925315733, 0.6936791174510402, 0.9076719170230975,  (gDx*3, gDy*3, gDz*1)), rgb(0.20591785313358318,0.37356184765422035,0.5533051646499889)  );
  draw(  ellipsoid( (0.8347046853940927,-0.5169342930272894,0.18986054059104876), (0.024901056883561288,0.3798399573409904,0.9247170076154522), (0.5501345522208458,0.7671378907990212,-0.3299264023281533), 0.5074137591162988, 0.6128653556185684, 0.9289936476518554,  (gDx*3, gDy*3, gDz*2)), rgb(0.2037651346907412,0.3782010680857377,0.5537754147832769)  );
  draw(  ellipsoid( (-0.7494587035277345,0.537297442124248,0.3868114662122465), (0.5523610643293853,0.1853665891989745,0.8127339553763256), (-0.3649779531964039,-0.8227701296811151,0.43570679061162737), 0.4477802097625593, 0.5866776971927391, 1.0202918237788237,  (gDx*3, gDy*3, gDz*3)), rgb(0.17428224085782137,0.4450242577024497,0.5577914372866708)  );
