import settings;
import three;
surface ellipsoid(triple v1,triple v2,triple v3,real l1,real l2, real l3, triple pos=O) {
  transform3 T = identity(4);
  T[0][0] = l1*v1.x;
  T[1][0] = l1*v1.y;
  T[2][0] = l1*v1.z;
  T[0][1] = l2*v2.x;
  T[1][1] = l2*v2.y;
  T[2][1] = l2*v2.z;
  T[0][2] = l3*v3.x;
  T[1][2] = l3*v3.y;
  T[2][2] = l3*v3.z;
  T[0][3] = pos.x;
  T[1][3] = pos.y;
  T[2][3] = pos.z;
  return T*unitsphere;
}

size(200);

real gDx=1.5;
real gDy=1.5;
real gDz=1.5;

currentprojection=perspective(up=Y, camera = (gDx*-2.0,gDy*6.0,gDz*14.0), target = (gDx*1.5,gDy*1.5,gDz*0.0) );
currentlight=Viewport;

  draw(  ellipsoid( (0.9762456859735205,0.19978632498310497,-0.08384381293712428), (0.08975026081660684,-0.7250975117672993,-0.6827726481869515), (0.19720357831804528,-0.6590288482142622,0.7258041925477849), 0.43527927337704797, 1.2658192175434424, 5.251086019285853,  (gDx*0, gDy*0, gDz*0)), rgb(0.17019839961938635,0.6938046812392541,0.49424619198845043)  );
  draw(  ellipsoid( (0.9696508937538186,0.16576126244292402,-0.17972297603742526), (-0.007980351709223565,0.7561485185210175,0.6543513826111073), (0.24436337333777736,-0.6330581504188998,0.7345229199685899), 0.39704669843893425, 1.0973414330137299, 2.8730364456880277,  (gDx*0, gDy*0, gDz*1)), rgb(0.12591134959294664,0.6431291116532235,0.5257822424095684)  );
  draw(  ellipsoid( (-0.9209060887419468,-0.18292968837919532,0.3441928308775474), (-0.040542645969321056,0.9231973598466865,0.3821818004954109), (-0.38767031041313416,0.33799905899513744,-0.8575945233865395), 0.33989069702368646, 0.8845836830667, 1.3840886069859677,  (gDx*0, gDy*0, gDz*2)), rgb(0.1271095202317824,0.5684638336018957,0.5502619972786766)  );
  draw(  ellipsoid( (0.7520669335597092,0.3718526395485987,-0.5441699568212451), (-0.4734144583876514,0.8792149247293286,-0.053477721742121266), (-0.4585565156396996,-0.297836751583718,-0.8372688883330353), 0.24643747086827023, 0.5357469506585166, 1.0464270410315732,  (gDx*0, gDy*0, gDz*3)), rgb(0.12647930801518414,0.5705460773740463,0.5498578701622032)  );
  draw(  ellipsoid( (-0.9480584720548746,-0.021126287634495623,0.31739378307673444), (0.2344958189862847,0.6277816631788974,0.7422276566218002), (0.21493451198662403,-0.7781027331574681,0.5902196982564626), 0.26576554914812933, 0.5386450908171925, 1.3957446957603135,  (gDx*0, gDy*1, gDz*0)), rgb(0.11978405349106429,0.6033061217496959,0.5415470069065047)  );
  draw(  ellipsoid( (0.8342733016468514,0.012877263065890075,-0.5512007204777527), (0.4463639520908749,0.5710718289776581,0.6889384503872081), (-0.32364684523887527,0.8207990876237895,-0.4706820342044918), 0.20109939024091855, 0.4720257063053586, 0.6161259119683535,  (gDx*0, gDy*1, gDz*1)), rgb(0.1441365763771554,0.5207105981158673,0.5564502405766045)  );
  draw(  ellipsoid( (-0.6452316413478089,-0.2401461977540219,0.7252626646311657), (0.5248403477885442,-0.8291778510012938,0.19237125757783044), (-0.5551745116058672,-0.5047711314181524,-0.6610501997201311), 0.13977624385461102, 0.31087118382786466, 0.48436637862424997,  (gDx*0, gDy*1, gDz*2)), rgb(0.13759193911738843,0.537973235028556,0.5548506991531977)  );
  draw(  ellipsoid( (-0.44082614259141145,-0.47836272951871284,0.7595007643283733), (-0.6879482849014592,0.7235624705018647,0.05643145029483701), (-0.5765409519792304,-0.49762078964674006,-0.6480540721284277), 0.09109412720302568, 0.22767278745302003, 0.5372155098670628,  (gDx*0, gDy*1, gDz*3)), rgb(0.11968111674952453,0.6181859019490906,0.5364583563513403)  );
  draw(  ellipsoid( (-0.6126248827805308,0.04772178484758605,0.7889317994916301), (0.7836366547075383,-0.09337756332923126,0.6141613990356881), (-0.10297740721594731,-0.9944864312385847,-0.019808878954266133), 0.13054634848002505, 0.32773286629105564, 0.512111167148457,  (gDx*0, gDy*2, gDz*0)), rgb(0.12923443167433235,0.5617188996207924,0.5514955690308978)  );
  draw(  ellipsoid( (-0.4406507489736076,-0.14697277069416528,0.8855653121613781), (-0.7332683816858124,0.6279989135186854,-0.2606431373338275), (-0.5178266098308086,-0.7642096370066469,-0.3844986773154111), 0.07511017099097111, 0.22197667194219214, 0.38781976534367324,  (gDx*0, gDy*2, gDz*1)), rgb(0.1197263807090889,0.603974147660451,0.5413392300802791)  );
  draw(  ellipsoid( (-0.3320024089951882,-0.3120121443339029,0.8901813423171435), (-0.7095864745486022,0.7043946425204891,-0.017754512838101373), (-0.6214993447776733,-0.6375551814365504,-0.45526031571435044), 0.04786180769456846, 0.16966727962611333, 0.383948069101021,  (gDx*0, gDy*2, gDz*2)), rgb(0.13306831731225927,0.6562098536736811,0.5189967102177122)  );
  draw(  ellipsoid( (-0.2836016880849087,-0.40348327204612616,0.8699260495549848), (0.7088877968452001,-0.6991406886013348,-0.09316860536688065), (-0.6457926710635142,-0.5902571869287173,-0.484301847280855), 0.039951982634527254, 0.15355752534614492, 0.4155084126669112,  (gDx*0, gDy*2, gDz*3)), rgb(0.15472982931653484,0.6809553942445027,0.5036468871162735)  );
  draw(  ellipsoid( (-0.3217112561592873,-0.1565726066920296,0.9338023808569328), (-0.7995851203253721,0.5731400460325049,-0.17937146648260002), (-0.5071148814762525,-0.8043603088588603,-0.3095787307258126), 0.05233529971152075, 0.21756851475927313, 0.5522161101119448,  (gDx*0, gDy*3, gDz*0)), rgb(0.15701665364071782,0.6830139406793623,0.5022101812103046)  );
  draw(  ellipsoid( (-0.2492490741271883,-0.25691002527994344,0.9337409372826053), (0.7665425308855357,-0.6415787610642665,0.028093445762993385), (0.5918508658355894,0.7227544066015091,0.3568453731628918), 0.0319566454954436, 0.16879977800591406, 0.4861335000069007,  (gDx*0, gDy*3, gDz*1)), rgb(0.19818288394587885,0.7128101692977253,0.478325730889125)  );
  draw(  ellipsoid( (-0.22573411554906905,-0.30038354090830566,0.9267220928782629), (0.7350897817820126,-0.6767703783691348,-0.04030964750244794), (0.6392864160898094,0.6721246783993924,0.37357903432816), 0.024661706642722766, 0.15039116609346748, 0.4633530318798969,  (gDx*0, gDy*3, gDz*2)), rgb(0.22356963828405219,0.7273650197292861,0.46433812198592583)  );
  draw(  ellipsoid( (-0.2231355143180615,-0.31359460771353115,0.9229674773593113), (0.7109983129675567,-0.7000915950609035,-0.06597846226131704), (0.6668522634041982,0.6415061812157984,0.3791805351737101), 0.026419185667725963, 0.14715376004705835, 0.47717867753751503,  (gDx*0, gDy*3, gDz*3)), rgb(0.21776724832239525,0.7242024729024383,0.46751982742327025)  );
  draw(  ellipsoid( (-0.9690635073182376,-0.23143167240118034,0.08576304445196005), (-0.12726532251912273,0.7662748534515034,0.6297828091111894), (0.21146975308109617,-0.5993848763336209,0.7720222234847582), 0.5670754822555036, 2.215261816335304, 10.850851686530955,  (gDx*1, gDy*0, gDz*0)), rgb(0.22295288683162312,0.7270328017860759,0.46467604239753085)  );
  draw(  ellipsoid( (-0.9717624168867336,-0.18933280750941947,0.14082220395610637), (-0.06127770571249154,0.7788173910112155,0.624250361826965), (0.2278658550750146,-0.5979937787795829,0.7684273502627609), 0.4935193555861611, 2.048126212305701, 8.173731273820275,  (gDx*1, gDy*0, gDz*1)), rgb(0.2055474019768076,0.7172360492821328,0.4742448159099072)  );
  draw(  ellipsoid( (0.9634491461059684,0.17008981351194635,-0.2069666596511425), (0.01809812562223506,-0.8121380001099205,-0.583184641967208), (0.267279256053743,-0.5581230367194405,0.7855319695381133), 0.4345662831772814, 1.7290677711712543, 4.807280251316952,  (gDx*1, gDy*0, gDz*2)), rgb(0.1610147817315216,0.68646238029499,0.49974367349639837)  );
  draw(  ellipsoid( (-0.9334321394743861,-0.1933694469314365,0.30217990997036936), (-0.07755019756631326,0.9311468188540963,0.35630263624526065), (-0.35027190560148586,0.3091502203320047,-0.8841582061005694), 0.37546343433147267, 1.3682428301308502, 2.4967864842237875,  (gDx*1, gDy*0, gDz*3)), rgb(0.12393157456370496,0.6381418011277323,0.5281444080198503)  );
  draw(  ellipsoid( (-0.9760079481497922,-0.14541046684195447,0.16206258445809574), (0.006860789717231431,0.7234034715751715,0.6903914446728361), (0.21762677848299952,-0.6749394146483034,0.7050499073408327), 0.3143490610911537, 0.9209560378375322, 3.5656780203804628,  (gDx*1, gDy*1, gDz*0)), rgb(0.16326586519115144,0.6883291721494564,0.4983771346789203)  );
  draw(  ellipsoid( (0.9559027396298083,0.08760349086439906,-0.28031336171613025), (-0.12924028554289674,-0.7316049670308619,-0.6693662082959981), (0.2637174642700354,-0.6760767712354433,0.6880212921377072), 0.25988424890635775, 0.797414001010164, 2.025477676175397,  (gDx*1, gDy*1, gDz*1)), rgb(0.1302576915788307,0.6516984981513655,0.5214393146279039)  );
  draw(  ellipsoid( (0.9083104022116267,0.0972157577768128,-0.4068431020357024), (0.13624829677842398,0.8508176870941495,0.507489571274859), (0.39548529031954055,-0.5163897363112882,0.7595610741561385), 0.2180645861829038, 0.7205951536253405, 1.01413891117498,  (gDx*1, gDy*1, gDz*2)), rgb(0.12061467451923222,0.5961081899582639,0.5436987611574772)  );
  draw(  ellipsoid( (0.8083066170616364,0.2258387261702243,-0.5437253742250618), (-0.39786537444038567,0.890254314129377,-0.22169889488999342), (0.4339856640901684,0.39553018334362666,0.8094518623293002), 0.17582204891279718, 0.5063511568629057, 0.7882392822120539,  (gDx*1, gDy*1, gDz*3)), rgb(0.12260366831341377,0.5853820837850112,0.546554189941585)  );
  draw(  ellipsoid( (0.9099356423934367,0.012461525555049677,-0.41456222341511595), (0.3367522426072564,0.5612771430403627,0.7560197720955663), (-0.24210546008098893,0.8275340954192093,-0.5065296310362145), 0.18798016020359226, 0.4654032175268562, 1.0411974055043207,  (gDx*1, gDy*2, gDz*0)), rgb(0.11945200399813036,0.6099427112233107,0.5393847970976307)  );
  draw(  ellipsoid( (-0.8111250791927831,-0.02262952822627429,0.5844347785311527), (-0.5647655518567529,-0.22945368914931016,-0.7927110923733242), (-0.1520393940412759,0.9730564777997358,-0.1733352637853407), 0.13781326816086487, 0.4098524865695577, 0.5491058561746638,  (gDx*1, gDy*2, gDz*1)), rgb(0.12602768901819833,0.5721129536996593,0.5495377801782245)  );
  draw(  ellipsoid( (0.6805781878463004,0.15906455833431626,-0.7152005288796663), (-0.6425338585407031,0.5986609134797312,-0.47828375604907364), (-0.35208460752586423,-0.7850500474196044,-0.5096399240540669), 0.10214729112597098, 0.2910889506091311, 0.45891703077860524,  (gDx*1, gDy*2, gDz*2)), rgb(0.12263741967469022,0.5852359357274693,0.5465895562090138)  );
  draw(  ellipsoid( (-0.5438145420382449,-0.3194166062236337,0.7760404471007358), (-0.7124208230746482,0.6644511124751941,-0.2257460741189485), (-0.4435338935384476,-0.6756313719766519,-0.5888972189470523), 0.08012853816528967, 0.22720979782548095, 0.49019929115617894,  (gDx*1, gDy*2, gDz*3)), rgb(0.12032018641082147,0.6237356796561622,0.5343199070251747)  );
  draw(  ellipsoid( (-0.6308843433885141,-0.01771581276914385,0.7756746065491457), (0.7648776343669401,-0.18194311994848827,0.6179473323420398), (-0.1301812187394044,-0.9831494551091093,-0.1283354947245106), 0.10002869897602962, 0.2893687692487152, 0.48581683403932474,  (gDx*1, gDy*3, gDz*0)), rgb(0.12067849183867774,0.5957050352626928,0.5438115087372866)  );
  draw(  ellipsoid( (-0.4985355414633265,-0.1495819964527204,0.8538662308787519), (-0.7864720846276443,0.4923169327910096,-0.3729419496231288), (-0.36458740241444937,-0.8574667713821168,-0.3630795532334659), 0.06352966484683577, 0.2067390414968418, 0.4187349025746473,  (gDx*1, gDy*3, gDz*1)), rgb(0.12272945608213041,0.6345012503853964,0.5297950488566403)  );
  draw(  ellipsoid( (-0.39491170060436404,-0.2553586733026707,0.8825172500834582), (0.807843078952864,-0.5539941181514267,0.2011966124008546), (-0.4375320656977335,-0.792390348895494,-0.4250684962021428), 0.04575133003567911, 0.17214848217177348, 0.4172808289445762,  (gDx*1, gDy*3, gDz*2)), rgb(0.143017953984662,0.6691272296620702,0.5114188544409725)  );
  draw(  ellipsoid( (-0.33901377811321726,-0.31870867032975503,0.8851522138627016), (0.8048704459959981,-0.5853880502602867,0.09749049068839033), (-0.48708646399957095,-0.7454834767244003,-0.4549738042121713), 0.040806842389288944, 0.1629721125200004, 0.4387157408760169,  (gDx*1, gDy*3, gDz*3)), rgb(0.15827400380988074,0.6841256450249428,0.5014263071448103)  );
  draw(  ellipsoid( (-0.9411164082981917,-0.33467855280126413,0.047855744971351886), (-0.23782157772311419,0.7559623184011682,0.6098867684470778), (0.2402931609538662,-0.562593316217303,0.7910423233597661), 0.9846938322251941, 3.858722519650026, 16.26964812198816,  (gDx*2, gDy*0, gDz*0)), rgb(0.20529264006890266,0.7170857173973959,0.4743855903869822)  );
  draw(  ellipsoid( (-0.9569434837868913,-0.26962685173657547,0.1075199035547856), (-0.14962197979382652,0.7755808316812347,0.6132598443492121), (0.2487416973496471,-0.5707676710810332,0.7825291263897786), 0.8098385190933197, 3.4297685753932523, 15.75252684824515,  (gDx*2, gDy*0, gDz*1)), rgb(0.2245947187924865,0.727917187278784,0.463776476567866)  );
  draw(  ellipsoid( (-0.9624469468073606,-0.22602013281332883,0.15036879378459625), (-0.09454828617704603,0.7983093942805252,0.5947795663810622), (0.25447297727297624,-0.558226665940016,0.7897002553319334), 0.6476273823124321, 2.839919731994821, 12.61170327305483,  (gDx*2, gDy*0, gDz*2)), rgb(0.22468698266325032,0.7279668859268489,0.463725924850376)  );
  draw(  ellipsoid( (-0.9592381267305875,-0.21008464627737788,0.18901496666905065), (-0.07815221717938367,0.8399664057020354,0.5369810687928861), (0.27157770007189436,-0.5003207757934034,0.8221463824241685), 0.5212413518269366, 2.138654062239702, 7.714462135206774,  (gDx*2, gDy*0, gDz*3)), rgb(0.19248340331035332,0.7092458702530803,0.4815053110126597)  );
  draw(  ellipsoid( (-0.9575910620086646,-0.27750954567666725,0.07751006398815292), (-0.16553991776778942,0.7500648549957227,0.6403118372525054), (0.23583022195331776,-0.600325882632571,0.7641943084418211), 0.5423233930880212, 1.6756972078083916, 6.947473041531127,  (gDx*2, gDy*1, gDz*0)), rgb(0.17652572268696537,0.6984796940658617,0.49056222617838063)  );
  draw(  ellipsoid( (-0.9656393743738407,-0.1856976531057629,0.1818157866905652), (-0.0302372902683358,0.7751260950867251,0.6310825960148428), (0.25812071775842754,-0.6039005864764632,0.7541072713594916), 0.4204059675333971, 1.4077062095259463, 5.523405712444817,  (gDx*2, gDy*1, gDz*1)), rgb(0.17891656518508675,0.7001725227008034,0.48918746757250575)  );
  draw(  ellipsoid( (-0.9548123795749262,-0.13113031838867872,0.2667173774049055), (0.05216195642785475,0.809541880622662,0.5847401763343634), (0.292596052796489,-0.5722296594176217,0.7661205954487236), 0.32488880024784755, 1.1969451262927226, 3.6514290735613772,  (gDx*2, gDy*1, gDz*2)), rgb(0.16197780340504794,0.6872834343076412,0.4991524498663367)  );
  draw(  ellipsoid( (-0.933954956868058,-0.13424353877553763,0.3312201848296762), (0.029114348469789896,0.895114451035201,0.44488478762611167), (0.3562028821539261,-0.4251456125199593,0.8320881653408279), 0.2645375539894407, 1.0180404424332876, 2.0672930089485333,  (gDx*2, gDy*1, gDz*3)), rgb(0.1324023153375735,0.6552146972577109,0.5195495138369647)  );
  draw(  ellipsoid( (-0.9655359649140117,-0.16462656276253365,0.2015896705949045), (0.024705025887739436,0.713073912416181,0.700653450093102), (0.25909450429033537,-0.6814863830367225,0.6844314045849087), 0.3113257018247726, 0.7458670187588894, 2.4260321064991865,  (gDx*2, gDy*2, gDz*0)), rgb(0.13055565945745976,0.6521899217767282,0.5211757328652094)  );
  draw(  ellipsoid( (-0.9362648086058334,-0.07374762542122736,0.3434668774583837), (0.1821150167209488,0.7341824329355036,0.6540720723694243), (0.30040360991674303,-0.6749351397828055,0.6739586250174073), 0.22189974644296004, 0.6616492333174866, 1.5658116526280683,  (gDx*2, gDy*2, gDz*1)), rgb(0.1248964926245143,0.6407357296953293,0.526935608317418)  );
  draw(  ellipsoid( (0.8952161099100581,0.05747570825763832,-0.44191023920903383), (0.2362771847891445,0.7795686315605644,0.5800395164425484), (0.37783754247774176,-0.623674026753617,0.6843021992126792), 0.16732771362192544, 0.6309550245841812, 0.9302374618167576,  (gDx*2, gDy*2, gDz*2)), rgb(0.11999413233452196,0.6213262062828013,0.5352645905741747)  );
  draw(  ellipsoid( (-0.8484077383832175,-0.1118272716947335,0.5173963381748912), (0.3013445612148251,-0.9056214810719,0.29839770181317254), (0.435196237205377,0.4090774918355333,0.8020348127081708), 0.13791745175695386, 0.5436561015978341, 0.6619512173782688,  (gDx*2, gDy*2, gDz*3)), rgb(0.11946477978460328,0.6094148846293679,0.5395622226266253)  );
  draw(  ellipsoid( (0.8718579307995789,0.018619862933349798,-0.4894047907471073), (0.40685080902441284,0.5287576261725045,0.7449079083756588), (-0.27264659854481554,0.8485686026885281,-0.4534260235508997), 0.18630505167297842, 0.4337785299984248, 0.8337266275529142,  (gDx*2, gDy*3, gDz*0)), rgb(0.12405596330160705,0.5793425045424657,0.5479807028969454)  );
  draw(  ellipsoid( (-0.8026662948916667,-0.02401484770964673,0.5959447173474789), (-0.5744723459809083,-0.23748345726751144,-0.7833154736295341), (-0.16033821362381215,0.9710946887990649,-0.1768241008408416), 0.12135446536148464, 0.395271592129968, 0.5337959001086661,  (gDx*2, gDy*3, gDz*1)), rgb(0.1218331766800574,0.5890446530460238,0.5456256232505465)  );
  draw(  ellipsoid( (0.7377122207076451,0.08798971962255611,-0.6693567723264917), (-0.6300773866728571,0.4457981127684374,-0.6358195730359382), (-0.24245239990995737,-0.8907984350529826,-0.38431104835153945), 0.09124588124147476, 0.3096032823373068, 0.46964399378993255,  (gDx*2, gDy*3, gDz*2)), rgb(0.11948400937491896,0.608620421667674,0.5398292762629194)  );
  draw(  ellipsoid( (-0.6602769162163529,-0.1760364822970001,0.7300996855309015), (0.6713280321936024,-0.5741492620293751,0.4686910476019245), (-0.3366794723515074,-0.7996022647614385,-0.4972757294353798), 0.07804847278553226, 0.2416832338172615, 0.49724774750940515,  (gDx*2, gDy*3, gDz*3)), rgb(0.12145971619391148,0.6298051341050537,0.5318382864748814)  );
  draw(  ellipsoid( (0.8916076315818275,0.4522150334533791,-0.023181777839577117), (-0.3636321343887327,0.7455818457939275,0.5584616209395367), (-0.2698286533060176,0.4894990038205179,-0.8292063814960552), 1.6368827547259612, 5.539241270645673, 19.251892819719398,  (gDx*3, gDy*0, gDz*0)), rgb(0.16653568484150624,0.6909740004645858,0.4964117269688444)  );
  draw(  ellipsoid( (0.9121326773009987,0.407358307705421,-0.04553227583909751), (-0.30732727256743825,0.7531609802707914,0.5816343226923599), (-0.2712267069002832,0.516534361820117,-0.8121750590378359), 1.3842992215414434, 4.753232693489052, 20.54591280072411,  (gDx*3, gDy*0, gDz*1)), rgb(0.19307661861388825,0.7096204584971114,0.4811737987932239)  );
  draw(  ellipsoid( (0.9294140486686474,0.3620559483469891,-0.07144939750561638), (0.2540854041167161,-0.7682109677388637,-0.5876159600117786), (0.2676380644680393,-0.527984279417751,0.8059791977064421), 1.0793414079612493, 3.681112940881822, 18.984556543451404,  (gDx*3, gDy*0, gDz*2)), rgb(0.2137971161926753,0.721998012992563,0.46969963706985957)  );
  draw(  ellipsoid( (-0.9411764948865597,-0.3217070227099348,0.10339921185463234), (-0.209345927807909,0.795308478881581,0.5689101035570662), (0.26525664550260614,-0.5137986132310743,0.8158737016588594), 0.8087654974963503, 2.5201530008751454, 14.10228670927705,  (gDx*3, gDy*0, gDz*3)), rgb(0.21394894771770542,0.7220848138292343,0.46961609158246864)  );
  draw(  ellipsoid( (0.9065136900904178,0.42208423278103785,-0.008822137852965319), (-0.33724897039948676,0.7365665251936678,0.5862873748671482), (-0.2539607482331476,0.5285022747366078,-0.8100551116776507), 1.0523767871316658, 3.0259602648357258, 11.340792685698712,  (gDx*3, gDy*1, gDz*0)), rgb(0.15789682970601895,0.6838040735380728,0.5016578639715988)  );
  draw(  ellipsoid( (-0.9343795393495609,-0.3475183065966831,0.07852326422835577), (-0.23201984974562692,0.7607891628661637,0.6061077783607619), (0.2703731972088187,-0.548115750773115,0.7914969728214415), 0.8393389347820026, 2.4122597602330362, 10.73277192272297,  (gDx*3, gDy*1, gDz*1)), rgb(0.1770895625709419,0.6988789191515241,0.49023801254513566)  );
  draw(  ellipsoid( (0.9469221089076326,0.2822998492541551,-0.15377033125087117), (0.1420556749747548,-0.7965750535117726,-0.5876124312250245), (0.2883725105993777,-0.5345792543990076,0.7943968252056482), 0.6180987102605809, 1.8439342674705437, 8.748408978825235,  (gDx*3, gDy*1, gDz*2)), rgb(0.18876407049080002,0.706842991700684,0.48359400627529653)  );
  draw(  ellipsoid( (-0.9489866747276746,-0.237401909910311,0.20752017820021035), (-0.0919586162290127,0.8378978092027324,0.5380249754746583), (0.30160885943644866,-0.49149526396924537,0.8169850068423817), 0.44334669436183893, 1.3506742892056638, 5.764528452816082,  (gDx*3, gDy*1, gDz*3)), rgb(0.17839476636585033,0.6998030646609801,0.4894875071685244)  );
  draw(  ellipsoid( (-0.9337407523087218,-0.35657218729017925,0.03137646775912996), (-0.25525964214894664,0.7247527683837249,0.6399812027006093), (0.2509396791420878,-0.589567383741014,0.7677496841164065), 0.6215813060194598, 1.368743684591441, 4.8346425736771215,  (gDx*3, gDy*2, gDz*0)), rgb(0.13112024790618637,0.6531210694681766,0.5206762991034326)  );
  draw(  ellipsoid( (-0.9535558503816925,-0.24579448346861493,0.1741158008316418), (-0.08455547721400748,0.7732257382212154,0.62846824026785), (0.2891048451270896,-0.5845571226566771,0.7580971961928021), 0.45393308630887047, 1.079533745711566, 3.904699889551113,  (gDx*3, gDy*2, gDz*1)), rgb(0.13808708813025367,0.663191865512304,0.5150123441479402)  );
  draw(  ellipsoid( (0.9425328532608142,0.17067331211312348,-0.2872323816291696), (0.026441662474701588,0.8188853915283061,0.5733476729063325), (0.3330655476172859,-0.5479939197416969,0.7673134984584384), 0.3218151522826183, 0.874512367619271, 2.810918795783845,  (gDx*3, gDy*2, gDz*2)), rgb(0.13840147319151286,0.6635868452810124,0.5147775682610227)  );
  draw(  ellipsoid( (-0.927169309711065,-0.1457321394249045,0.34513651598830725), (0.03780457749813981,0.8801462392365409,0.4731948979838655), (0.37273031141844953,-0.45177952708861624,0.8105352391188749), 0.2332745900108153, 0.7357026013670155, 1.8255893503911407,  (gDx*3, gDy*2, gDz*3)), rgb(0.1306441257316907,0.6523358248096489,0.5210974757839155)  );
  draw(  ellipsoid( (-0.9559457038315795,-0.23182676026949137,0.1800671112360549), (-0.03129428489942614,0.6904150167017835,0.7227363090680512), (0.29187065467185874,-0.6852615981766582,0.6672541217600627), 0.3949881153927259, 0.6563900151935094, 1.779071445068145,  (gDx*3, gDy*3, gDz*0)), rgb(0.12297733047366377,0.5837747555834569,0.5469417624977986)  );
  draw(  ellipsoid( (-0.9186437522643027,-0.1078620664993351,0.3800781906874631), (0.1788968647047872,0.7441772670821145,0.6435806918770888), (0.35226349260824635,-0.6592161783274804,0.664337611464797), 0.2571074741160819, 0.5609056910372756, 1.2485489381837163,  (gDx*3, gDy*3, gDz*1)), rgb(0.1214409818336264,0.5911586997436609,0.5450622418164291)  );
  draw(  ellipsoid( (0.8821790443080585,0.08227680856430253,-0.46367085368415556), (0.21041934908323345,0.8119866308654589,0.5444275974150738), (0.42128829952315183,-0.5778479368036498,0.6990049575050643), 0.17367419833204562, 0.5185834252939028, 0.878152658218065,  (gDx*3, gDy*3, gDz*2)), rgb(0.11993584247521283,0.6017277735840157,0.5420315310649448)  );
  draw(  ellipsoid( (-0.86183349185832,-0.09659402815379117,0.49790825062085436), (0.08928775789274265,0.9374703883769863,0.33641784614789594), (-0.49927019598788563,0.33439327840333,-0.7993187141290334), 0.1327092624011459, 0.49266692446172994, 0.6417320819687041,  (gDx*3, gDy*3, gDz*3)), rgb(0.11956767364219117,0.6065577020813216,0.5405091780755308)  );
