import settings;
import three;
surface ellipsoid(triple v1,triple v2,triple v3,real l1,real l2, real l3, triple pos=O) {
  transform3 T = identity(4);
  T[0][0] = l1*v1.x;
  T[1][0] = l1*v1.y;
  T[2][0] = l1*v1.z;
  T[0][1] = l2*v2.x;
  T[1][1] = l2*v2.y;
  T[2][1] = l2*v2.z;
  T[0][2] = l3*v3.x;
  T[1][2] = l3*v3.y;
  T[2][2] = l3*v3.z;
  T[0][3] = pos.x;
  T[1][3] = pos.y;
  T[2][3] = pos.z;
  return T*unitsphere;
}

size(200);

real gDx=1.5;
real gDy=1.5;
real gDz=1.5;

currentprojection=perspective(up=Y, camera = (gDx*-2.0,gDy*6.0,gDz*14.0), target = (gDx*1.5,gDy*1.5,gDz*0.0) );
currentlight=Viewport;

  draw(  ellipsoid( (0.8730554903360336,0.19438675935037308,-0.44720006550018326), (-0.19159385763158018,0.9800968316144021,0.051980711588628034), (-0.44840372936892203,-0.0402987400382497,-0.8929222289983446), 0.5294709963196128, 0.8015175824618878, 1.1823253471656265,  (gDx*0, gDy*0, gDz*0)), rgb(0.1783981394578578,0.43522295808547506,0.5574825163992414)  );
  draw(  ellipsoid( (-0.9677688375269166,-0.06721796154921764,0.24270398174930824), (-0.079265981699096,0.9960421821628056,-0.0402103904188331), (0.23904054312412995,0.05815253216777541,0.9692666824694826), 0.5812437162890784, 0.786288503982531, 1.192307094420216,  (gDx*0, gDy*0, gDz*1)), rgb(0.18867750063410488,0.41146658130471264,0.5563580658155217)  );
  draw(  ellipsoid( (-0.9794545332892481,0.20128868213621998,0.012315992164865452), (0.2007776452758142,0.9676008842327992,0.15309103824001075), (-0.018898528425269394,-0.15241848731623334,0.9881353400964823), 0.6316440744705258, 0.8188910677683618, 1.2328224952747724,  (gDx*0, gDy*0, gDz*2)), rgb(0.19528256057617152,0.39670927236289366,0.5553708181781173)  );
  draw(  ellipsoid( (-0.8623508476829478,0.4970170288084919,-0.09656649820139421), (0.4034550640876281,0.7897834892038127,0.4620238645817975), (-0.305900354302753,-0.3594664285513035,0.8815944986114767), 0.6873719899210216, 0.7549901049382578, 1.3293910151972685,  (gDx*0, gDy*0, gDz*3)), rgb(0.1897362399149487,0.4090773533766759,0.5562131558197642)  );
  draw(  ellipsoid( (-0.81992766498842,-0.19412769411444347,0.5385471776589741), (0.03688437274724998,0.9208785833628649,0.388100731448222), (-0.5712776621168375,0.33807850135939216,-0.7478935483642761), 0.5580785274465709, 0.8894930236303096, 1.073662510679933,  (gDx*0, gDy*1, gDz*0)), rgb(0.19536354594859423,0.396530276284073,0.5553575200118501)  );
  draw(  ellipsoid( (0.9333471992259871,0.26085864718548457,-0.24660853976609198), (-0.2584998654265141,0.9650763806877163,0.04248998721077688), (0.24907995758687487,0.02409036378423638,0.968183262146823), 0.606911459661452, 0.9124492475252979, 1.0522553436620505,  (gDx*0, gDy*1, gDz*1)), rgb(0.21170632848463355,0.36115498076540264,0.551890539678447)  );
  draw(  ellipsoid( (0.9883586593330973,0.13674168888056482,0.06669985789620174), (-0.13466520556374473,0.9902828918209636,-0.03471421289882082), (-0.07079860826144223,0.025327942845817727,0.9971690189629048), 0.6609388665766771, 0.8816573480968907, 1.1418559580489043,  (gDx*0, gDy*1, gDz*2)), rgb(0.21597451136402765,0.35203799978520456,0.5506956020764836)  );
  draw(  ellipsoid( (-0.9143697751090127,0.29328454885669786,-0.27912736836257473), (-0.25005847989999175,-0.9512796145715179,-0.18038251448178103), (-0.31843157977373804,-0.09513815376907386,0.943159615706808), 0.7167689891871882, 0.8574269940969457, 1.232711157696177,  (gDx*0, gDy*1, gDz*3)), rgb(0.21499219094947103,0.3541362197501884,0.5509817696867911)  );
  draw(  ellipsoid( (0.582380323053141,-0.006278878756923383,-0.8128922038020017), (0.6853626132085128,0.5415471785491197,0.48683132789651756), (-0.43716272455061533,0.8406469110673304,-0.31968972954481784), 0.5872402444638197, 0.9286086486131977, 1.2158383864360887,  (gDx*0, gDy*2, gDz*0)), rgb(0.18677181755039746,0.4157943066789732,0.5566034725878317)  );
  draw(  ellipsoid( (0.7957109899877557,0.21043150619597806,-0.567945949552242), (0.47075818493815963,0.37513051226865585,0.7985385589179682), (-0.3810915267051149,0.9027711116142051,-0.19943311738128425), 0.716642394797492, 0.8950761560601561, 1.1526520232256163,  (gDx*0, gDy*2, gDz*1)), rgb(0.22940639525211168,0.32308785384502386,0.5458478335166524)  );
  draw(  ellipsoid( (-0.9398265505493483,-0.3416428175933304,-0.0024980130911899535), (0.11179529296852463,-0.314430721686937,0.942674457980863), (-0.32284340995689376,0.8856712180297618,0.3337043994332154), 0.7986466564377646, 0.9343655173511279, 1.0584659684059514,  (gDx*0, gDy*2, gDz*2)), rgb(0.26737326780318377,0.2255684328844344,0.5130110749803651)  );
  draw(  ellipsoid( (-0.6835226711981655,0.4402507963026674,-0.5822164497100644), (0.6192259099482806,0.7720490606636995,-0.14317653570687847), (-0.38646607924479853,0.45838791899783693,0.8003277361868607), 0.7943937217285516, 0.9296280780641013, 1.1195629187484228,  (gDx*0, gDy*2, gDz*3)), rgb(0.2559218965410601,0.25994793268797384,0.5280232152353523)  );
  draw(  ellipsoid( (-0.3264662077685744,0.16958831532404461,0.929870753648462), (-0.9279299710755927,-0.24474836689069634,-0.28114801383610505), (-0.1799049303517157,0.9546402674357969,-0.23726815172975624), 0.4855887474596585, 1.052914460395979, 1.4495153090774897,  (gDx*0, gDy*3, gDz*0)), rgb(0.1476679415186275,0.5115763053969368,0.5570575539422096)  );
  draw(  ellipsoid( (-0.32028875722079253,0.10805991103389861,0.9411366360020771), (-0.9117852998607707,-0.3047133790489672,-0.27531313732977714), (-0.2570266113766539,0.9462942524690218,-0.1961237078691143), 0.6369848907890963, 1.0723414529318958, 1.3568614385793656,  (gDx*0, gDy*3, gDz*1)), rgb(0.1819426432548221,0.4269141385500734,0.5571512008560042)  );
  draw(  ellipsoid( (-0.22889147140233665,-0.09371601441214328,0.9689303395817349), (-0.9553889465419424,-0.16922946048707901,-0.2420606339922493), (-0.18665651648081008,0.9811109510885886,0.05080006406781553), 0.7792885356721323, 1.0797415933080343, 1.212841084484339,  (gDx*0, gDy*3, gDz*2)), rgb(0.23274319376623262,0.31573481755731303,0.5443240682918953)  );
  draw(  ellipsoid( (-0.0881737770910369,0.4441153649682979,-0.8916203943565757), (0.9798306457295785,-0.12247207971668017,-0.15790027035768073), (0.17932454021315034,0.8875596499891976,0.4243590189785006), 0.7938152377975352, 1.0847239306536056, 1.199653511052117,  (gDx*0, gDy*3, gDz*3)), rgb(0.23835223673573092,0.30312265822035567,0.5414058283651537)  );
  draw(  ellipsoid( (-0.8779979424975451,-0.06970073417105038,0.47356247805975293), (0.11885883372521355,-0.9901016894978895,0.07464061963104912), (0.46367250362250234,0.12182139430100725,0.8775917942158523), 0.6026426266238281, 0.8409334751506765, 1.2641906152653206,  (gDx*1, gDy*0, gDz*0)), rgb(0.18595868979423646,0.41765066521005356,0.5567034751656044)  );
  draw(  ellipsoid( (-0.835152996284544,0.44490848781627207,0.3233819881594934), (-0.4180238758319868,-0.8955419931581668,0.15251418860126273), (-0.35745700724891666,0.007808710478434427,-0.9338969493521819), 0.6581182200234929, 0.8714197979196789, 1.1500054992685693,  (gDx*1, gDy*0, gDz*1)), rgb(0.21399274318319314,0.35627089895086866,0.5512683747165741)  );
  draw(  ellipsoid( (-0.6431335293866647,0.7145456343780464,0.275324898565181), (0.7367947230254683,0.47948612679011193,0.47668290334103686), (-0.20859721834309095,-0.509428690404351,0.8348470577850968), 0.6431799724450022, 0.9053087717265635, 1.1567212492884202,  (gDx*1, gDy*0, gDz*2)), rgb(0.2085695927483212,0.3678665953134576,0.5526876438164124)  );
  draw(  ellipsoid( (-0.38513852806110466,0.7896232648508258,0.4776645410842722), (-0.8152637405617864,-0.048571931046078626,-0.5770492187323878), (-0.4324503989223844,-0.6116664672194951,0.6624581385650665), 0.597749447728709, 0.8232239117652596, 1.3677440968718644,  (gDx*1, gDy*0, gDz*3)), rgb(0.17481849965238802,0.4437395636917265,0.5577548197429447)  );
  draw(  ellipsoid( (-0.8092440346464275,-0.1703112587608236,0.5622438683778377), (-0.14867241862566316,0.9852725173367416,0.08446643428555344), (0.5683490162999907,0.015236197695743026,0.82264649391498), 0.5793061403699291, 0.7817786257457049, 1.0479237421817729,  (gDx*1, gDy*1, gDz*0)), rgb(0.20803824690591072,0.36900669785480544,0.5528134364582686)  );
  draw(  ellipsoid( (0.9279178960687464,-0.19438150673095517,-0.31809465257428443), (-0.14935337042103483,-0.975665775889338,0.1605299489258417), (0.341558119357788,0.10145010398841331,0.9343692672073023), 0.6689438125382938, 0.7820417168373369, 1.0358352539775237,  (gDx*1, gDy*1, gDz*1)), rgb(0.23582819600985855,0.3088444946513639,0.5427825657869007)  );
  draw(  ellipsoid( (-0.7919871623418607,0.6020086669481567,0.10169513068476001), (0.6054169658115865,0.7528455214276416,0.2582516570592237), (-0.07890901211635572,-0.2660999545013984,0.9607102487332873), 0.6728451347093087, 0.8736526914149357, 1.0621507080730235,  (gDx*1, gDy*1, gDz*2)), rgb(0.23284604350218913,0.31550672467477187,0.5442750160590908)  );
  draw(  ellipsoid( (0.6109514908291008,-0.7716552565762576,-0.17687973556043488), (0.6359263077167796,0.34528024589027284,0.6902023492800183), (-0.47152519233589496,-0.5341626314112428,0.7016653591252844), 0.6589200820523816, 0.8634417426375793, 1.2174662577907898,  (gDx*1, gDy*1, gDz*3)), rgb(0.20431975246613446,0.377004419950786,0.5536572570833018)  );
  draw(  ellipsoid( (0.6413253981048946,0.11723674591186346,-0.758259374589985), (0.3498743791775977,0.834844684851399,0.42499678936488344), (0.6828540492233239,-0.5378567630729998,0.4943889661753641), 0.6018967450338273, 0.8460222429425251, 0.9876702141194224,  (gDx*1, gDy*2, gDz*0)), rgb(0.22340813470872345,0.3361064884652631,0.5482396161356418)  );
  draw(  ellipsoid( (0.8355245437064648,0.26793638751660476,-0.4796966011018375), (0.22474686708513034,0.6300109005715436,0.743353960705431), (0.50138566253885,-0.7289007870798241,0.466171706557671), 0.7239765708018286, 0.8305032309946295, 0.8971610700346332,  (gDx*1, gDy*2, gDz*1)), rgb(0.27717075812408914,0.18502449061367016,0.48976398775033086)  );
  draw(  ellipsoid( (0.9470797247034712,-0.24771757972381522,0.20414699545026996), (0.15448225837792065,0.9092187034655426,0.38659614730994835), (0.2813809284618517,0.3346002838675021,-0.8993705705290413), 0.7794942568929476, 0.829190556291534, 0.945975906276743,  (gDx*1, gDy*2, gDz*2)), rgb(0.27936359513865533,0.17197478900646632,0.48095338573338486)  );
  draw(  ellipsoid( (-0.6788889770856484,0.7167233934287364,-0.15942814714973932), (0.4291042002796963,0.5634829505246973,0.705943729889503), (-0.5958014284087647,-0.41084612907994894,0.690091382445903), 0.7280262766543932, 0.8731460056323728, 1.1027005126818024,  (gDx*1, gDy*2, gDz*3)), rgb(0.24126075030055633,0.29642938429086146,0.5396938965306164)  );
  draw(  ellipsoid( (0.36699965739935886,-0.07782367810500775,-0.9269599379665561), (0.8228169861151498,0.4919892452404289,0.28446228208346797), (-0.4339164191744007,0.8671159424748006,-0.24459452871416404), 0.5533599781368665, 0.953670026292534, 1.2172108939621422,  (gDx*1, gDy*3, gDz*0)), rgb(0.1779715104344642,0.4362309894433807,0.5575186034406938)  );
  draw(  ellipsoid( (-0.24911068740435996,0.1256376549647856,0.9602911251677154), (0.846571976431041,0.5098385498966785,0.1529069709362291), (-0.47038256147796137,0.8510463164212637,-0.23336754950770322), 0.6646146066718757, 0.9032447020966853, 1.1313652511382712,  (gDx*1, gDy*3, gDz*1)), rgb(0.21832263956541895,0.3470196293682651,0.5499755196012523)  );
  draw(  ellipsoid( (0.07721140450921471,0.18068931512001776,0.9805048548656826), (0.9590554074076347,0.25532042360572377,-0.12257327119714814), (0.272490595316409,-0.9498225374727913,0.1535774162201498), 0.7542142975661495, 0.9302354066868206, 0.9821450344176436,  (gDx*1, gDy*3, gDz*2)), rgb(0.26796094122255815,0.22357296831274007,0.5120199053299649)  );
  draw(  ellipsoid( (-0.47163917311213976,0.288405431884514,-0.8332939440831212), (-0.3301591065261811,0.8185044247343306,0.47015473098561544), (-0.8176499585788105,-0.4968629726089772,0.29081907036203836), 0.7636508202498751, 0.8858504103135558, 1.052293485565853,  (gDx*1, gDy*3, gDz*3)), rgb(0.26031076939631187,0.24766979840349979,0.5231371656238087)  );
  draw(  ellipsoid( (-0.8806727734717547,0.11938316436797902,0.4584355201454786), (-0.03397844466534084,-0.9811510184031246,0.1902318174876012), (0.47250495379804425,0.1519550563554889,0.8681294428161669), 0.6278213452289424, 1.0148726545031064, 1.3751559429616347,  (gDx*2, gDy*0, gDz*0)), rgb(0.17991744526120168,0.43164604873751333,0.5573474100008337)  );
  draw(  ellipsoid( (-0.7464797040394567,0.4946313664741352,0.4450930944837211), (0.6464081106944868,0.6977557131348486,0.30869648397100774), (0.15787528586054606,-0.5181474462810824,0.8405942053255206), 0.6845747287449446, 1.0585723700601097, 1.1497768179891972,  (gDx*2, gDy*0, gDz*1)), rgb(0.2141607447350333,0.3559121189683787,0.5512219381341947)  );
  draw(  ellipsoid( (-0.4763978252421386,0.6749022805440827,0.5635175452645259), (-0.7466250317030497,0.0279388576380374,-0.6646581694888745), (-0.4643233508439783,-0.7373780115722725,0.49058892558917555), 0.6447512769704357, 0.9417509006705754, 1.3045622422756542,  (gDx*2, gDy*0, gDz*2)), rgb(0.19086421964259365,0.40653916091558706,0.556054814270234)  );
  draw(  ellipsoid( (-0.2540150712075372,0.6395905289014544,0.7255344919016515), (0.8060758996233347,-0.2745738906109566,0.5242621697597435), (0.5345259466535383,0.7180063606503221,-0.4458126045995318), 0.5640696975200412, 0.8650749833393112, 1.5551494902207108,  (gDx*2, gDy*0, gDz*3)), rgb(0.1566383445396791,0.4886919040161102,0.5579554397049729)  );
  draw(  ellipsoid( (0.8411731364671358,-0.07548771079004994,-0.535471157025025), (0.1304162872197314,-0.9326620065057037,0.3363527518076447), (0.5248041029887839,0.35276505940984604,0.7746853983041797), 0.558993660641106, 0.8455289475691449, 1.1951568906274077,  (gDx*2, gDy*1, gDz*0)), rgb(0.18356242682772392,0.4231598048890508,0.5569799688662123)  );
  draw(  ellipsoid( (-0.7959139791261849,0.4384292260648166,0.4174934149944509), (0.024353295370827657,-0.6658606376443414,0.7456785689829447), (0.6049197094128312,0.6036633374390701,0.5192905932094468), 0.63783787650499, 0.8858436049091698, 1.0732927029175898,  (gDx*2, gDy*1, gDz*1)), rgb(0.21974133488678366,0.3439827231925363,0.5495153823018994)  );
  draw(  ellipsoid( (-0.6623216430222619,0.6548293674431428,0.3640446960447368), (0.38046302031749135,-0.12462381286475366,0.9163606252114629), (-0.64542848663131,-0.7454310194787074,0.16659731043372775), 0.6541462411695307, 0.8376885091791209, 1.1841082969015169,  (gDx*2, gDy*1, gDz*2)), rgb(0.20747072556182927,0.3702244217457482,0.552947793412786)  );
  draw(  ellipsoid( (-0.37247397631047546,0.6328820076220657,0.6787661610597032), (-0.6613040858926895,0.33213852189940907,-0.6725778083256315), (-0.6511067830648806,-0.69938856631971,0.29481450159068345), 0.6080466732595461, 0.767892108521113, 1.4408207295882567,  (gDx*2, gDy*1, gDz*3)), rgb(0.16863954892783564,0.45872912940452926,0.5580644312208898)  );
  draw(  ellipsoid( (0.7116223089405848,0.06021251760613247,-0.6999772440169767), (0.35940647299953193,-0.8872827706274313,0.2890610179767342), (-0.6036726568133659,-0.4572786214893934,-0.6530509825003344), 0.5335608138190665, 0.7727101788999612, 0.9744811907977434,  (gDx*2, gDy*2, gDz*0)), rgb(0.2055820937542548,0.37428446417055145,0.5533805429024448)  );
  draw(  ellipsoid( (-0.7377302333713783,0.20160199014693478,0.644290881775155), (0.3904031142741591,-0.6512010123412612,0.6507861783187733), (-0.5507626631634074,-0.7316378059494408,-0.40170463000896484), 0.6574260074008491, 0.7319934391324521, 0.9603299994043452,  (gDx*2, gDy*2, gDz*1)), rgb(0.24646547166180469,0.2840708525094675,0.5361888259260901)  );
  draw(  ellipsoid( (0.7383528009656588,-0.6540598503156247,0.164441033538679), (-0.10141978766077674,0.13337123525327974,0.9858631448014767), (0.6667452046899247,0.7445923890371945,-0.03214041398105885), 0.6877505964815366, 0.7496338761451709, 1.0635939960918739,  (gDx*2, gDy*2, gDz*2)), rgb(0.23211709313087692,0.3171233393396104,0.544622675126798)  );
  draw(  ellipsoid( (0.6443859362277188,-0.7511486838888475,-0.14332627073910276), (0.2572586998350024,0.03643766993986792,0.9656553513384355), (0.7201282709011853,0.6591266577080652,-0.21671945585817648), 0.6776557974605802, 0.7199279755353988, 1.2829289460985736,  (gDx*2, gDy*2, gDz*3)), rgb(0.19096880070888014,0.4063051562354026,0.5560394846006104)  );
  draw(  ellipsoid( (-0.497511891314975,-0.09447480353526871,0.8622971816590662), (-0.8038562050250585,0.42382404814798263,-0.4173588118803383), (-0.32603239048123356,-0.9008039119078184,-0.286801660819221), 0.5209330950334032, 0.8822796504027213, 0.9390578925989523,  (gDx*2, gDy*3, gDz*0)), rgb(0.19929006917189762,0.3879128354386786,0.5546675057863932)  );
  draw(  ellipsoid( (0.21740383529473198,0.08061519090602885,-0.9727470192163663), (-0.9372721974375621,0.29546552070571525,-0.18498906450021374), (-0.2725002757974829,-0.9519460683616932,-0.13979371452611947), 0.6153381948045754, 0.8076105638304039, 0.9236043888539931,  (gDx*2, gDy*3, gDz*1)), rgb(0.241751866026824,0.29527934623889246,0.5393815825319824)  );
  draw(  ellipsoid( (0.21903457222295422,-0.11391077350858847,0.9690449895901544), (0.7244269413478434,-0.646328472214494,-0.23971881998351016), (0.6536279238378019,0.7545090070261281,-0.059048247187623595), 0.6414115716238502, 0.7901799050433752, 0.9803812337538045,  (gDx*2, gDy*3, gDz*2)), rgb(0.2396317040681396,0.30019475315823896,0.5406725171246227)  );
  draw(  ellipsoid( (0.40554131860703674,-0.22366284483179835,0.8862906807273857), (-0.5080785691733578,0.750864902189217,0.4219692716385059), (-0.7598634130218531,-0.6214312757675818,0.19086844435017622), 0.6413631161782484, 0.7514528633775654, 1.145111984083301,  (gDx*2, gDy*3, gDz*3)), rgb(0.20696387642999628,0.3713119619825575,0.5530677866191439)  );
  draw(  ellipsoid( (-0.8976890769371519,0.17728937700885247,0.40338913960038303), (-0.19235616191740734,-0.9813198745622222,0.003226571181416522), (0.3964258166670385,-0.07469792894717703,0.915022836485994), 0.622550080868826, 1.0957567034239246, 1.6039957870748083,  (gDx*3, gDy*0, gDz*0)), rgb(0.16270610248211131,0.4734286947429383,0.5581430430342933)  );
  draw(  ellipsoid( (-0.7900715338429775,0.4148795830252805,0.45128915674961007), (0.5887042111490657,0.7187672824143899,0.36986611835364036), (0.17092197982226137,-0.5578965184686157,0.8121189269400364), 0.647780881656643, 1.0774254991353638, 1.4491773731574982,  (gDx*3, gDy*0, gDz*1)), rgb(0.17712216322347674,0.4382425807775329,0.5575878194773596)  );
  draw(  ellipsoid( (-0.5911816427959307,0.5765477007936298,0.5640008988740033), (0.7823043146941769,0.23977247742207658,0.5748992244574295), (-0.19622493325767398,-0.7810902046373769,0.5927848410574973), 0.6363948911507865, 0.9922756156546885, 1.4859236593416683,  (gDx*3, gDy*0, gDz*2)), rgb(0.17332786259948982,0.44732385648856055,0.5578485857094838)  );
  draw(  ellipsoid( (-0.35527006003815476,0.5945874669587896,0.7212828353537996), (-0.8363776445375009,0.14238791301275341,-0.5293374329723665), (-0.4174393610554565,-0.791322580471076,0.4467135026817631), 0.6070124049687913, 0.8487242761011685, 1.6412745777546998,  (gDx*3, gDy*0, gDz*3)), rgb(0.15718568519335593,0.487306858304407,0.557984326086284)  );
  draw(  ellipsoid( (0.8787549445130608,-0.21966419184596975,-0.423718527225922), (-0.02714243313048585,-0.9093541775022843,0.4151364452597495), (0.47650082457179865,0.35330245212820277,0.8050617004320819), 0.5416486641841315, 0.9686717407975057, 1.5145160231218355,  (gDx*3, gDy*1, gDz*0)), rgb(0.15550225100541645,0.49157054710722936,0.5578853443962337)  );
  draw(  ellipsoid( (-0.819471429832037,0.4047040238655872,0.4058093502570374), (0.08199431092649477,-0.6179992284299104,0.7818912242989589), (0.5672243900474718,0.6740115775912437,0.47324928379051606), 0.5785629936620486, 1.0268378929679332, 1.2526714347351116,  (gDx*3, gDy*1, gDz*1)), rgb(0.17854590961210964,0.43487380943153786,0.5574700170440885)  );
  draw(  ellipsoid( (-0.6908027872186686,0.5309645944616067,0.4907831584306252), (0.4712706285487665,-0.18413882597923728,0.8625525418397644), (-0.5483570951835754,-0.8271453875802067,0.12302440394743169), 0.6013679054784651, 0.8606312760713394, 1.374355622723284,  (gDx*3, gDy*1, gDz*2)), rgb(0.17547403950073817,0.4421691127723222,0.5577100572899942)  );
  draw(  ellipsoid( (-0.3225377187421503,0.4591011840224887,0.8277653790886393), (-0.7534082344370411,0.4048784127052809,-0.5181211279302482), (-0.5730143560776381,-0.7907588594220115,0.21530205288043408), 0.5775653462184432, 0.7300559590911251, 1.6431681274261813,  (gDx*3, gDy*1, gDz*3)), rgb(0.14988132717125924,0.5058927198019648,0.5573555107103874)  );
  draw(  ellipsoid( (0.8438540652703376,-0.17246073105337154,-0.5081019708397728), (0.13402029352140588,-0.849182258768742,0.5108111709006111), (0.5195660472463158,0.4991460584207326,0.6934726634207621), 0.47432187809525156, 0.7461689423852434, 1.3280175104381022,  (gDx*3, gDy*2, gDz*0)), rgb(0.15542656754425221,0.4917624345905523,0.5578803508482806)  );
  draw(  ellipsoid( (0.8303238603325099,-0.39495005102623854,-0.3931624907807077), (0.09903008604444903,-0.5897023555276202,0.8015261530001411), (0.5484116419447593,0.7044612048080069,0.4505319987524798), 0.5393568646781886, 0.7506325176861434, 1.277784255556351,  (gDx*3, gDy*2, gDz*1)), rgb(0.17095478946746429,0.4530695802009302,0.5579743978330816)  );
  draw(  ellipsoid( (0.8039838251753676,-0.5679917343639855,-0.17605510089337298), (0.0821158462456351,-0.18718269816563682,0.9788869318275709), (0.5889541549660271,0.80146617346063,0.1038507397500303), 0.5904854601042083, 0.6770993948914359, 1.372123741496575,  (gDx*3, gDy*2, gDz*2)), rgb(0.16736333726503244,0.4618681228456456,0.558100700146583)  );
  draw(  ellipsoid( (0.2026100389957053,-0.058355301077121884,0.9775192227953153), (0.7581519679990502,-0.6224570288272624,-0.19430090242380257), (0.6198021987032042,0.7804754359361576,-0.08187385652904551), 0.563194101418484, 0.6373123861102334, 1.5863394473152588,  (gDx*3, gDy*2, gDz*3)), rgb(0.14714826079248589,0.5129160135134211,0.556976347539665)  );
  draw(  ellipsoid( (-0.7386255323536598,-0.012011705946121894,0.6740089330828908), (0.4142398785774176,-0.7968840792736662,0.4397511650880846), (-0.5318248263774825,-0.60401281701668,-0.5935746548902968), 0.4501664467959419, 0.6736537615364925, 1.121272923397905,  (gDx*3, gDy*3, gDz*0)), rgb(0.16639018027314711,0.464269756856839,0.5581223266893272)  );
  draw(  ellipsoid( (-0.7126419145508691,0.10524114193278326,0.693589074070487), (0.49346158783401445,-0.6275405487091669,0.6022362668074142), (-0.49863530055302546,-0.77143837198475,-0.3952792370867872), 0.5497465900212523, 0.626670434265139, 1.1763813327373367,  (gDx*3, gDy*3, gDz*1)), rgb(0.1772429789571199,0.43795520428846885,0.557578655199207)  );
  draw(  ellipsoid( (0.4388750620915977,-0.4620874379806562,0.7706256416280017), (-0.713312964459495,0.34236952845332685,0.6115290023544703), (-0.5464186074870652,-0.8180820897973016,-0.17935551216725015), 0.5736464080817603, 0.6518279293651003, 1.289359331320739,  (gDx*3, gDy*3, gDz*2)), rgb(0.17089933218964337,0.4532048524629091,0.5579767538612244)  );
  draw(  ellipsoid( (0.3864888518335799,-0.3140687475796431,0.8671719490401634), (-0.679940887989205,0.5382361135191395,0.49797818721733533), (-0.6231426451855242,-0.7820886828854937,-0.005525925589579529), 0.5215363541051152, 0.693699691473759, 1.4479426170833893,  (gDx*3, gDy*3, gDz*3)), rgb(0.15354236655335837,0.4965467694815766,0.5577382594901376)  );
