import settings;
import three;
surface ellipsoid(triple v1,triple v2,triple v3,real l1,real l2, real l3, triple pos=O) {
  transform3 T = identity(4);
  T[0][0] = l1*v1.x;
  T[1][0] = l1*v1.y;
  T[2][0] = l1*v1.z;
  T[0][1] = l2*v2.x;
  T[1][1] = l2*v2.y;
  T[2][1] = l2*v2.z;
  T[0][2] = l3*v3.x;
  T[1][2] = l3*v3.y;
  T[2][2] = l3*v3.z;
  T[0][3] = pos.x;
  T[1][3] = pos.y;
  T[2][3] = pos.z;
  return T*unitsphere;
}

size(200);

real gDx=1.5;
real gDy=1.5;
real gDz=1.5;

currentprojection=perspective(up=Y, camera = (gDx*-2.0,gDy*6.0,gDz*14.0), target = (gDx*1.5,gDy*1.5,gDz*0.0) );
currentlight=Viewport;

  draw(  ellipsoid( (-0.019955927994776405,0.04056075082361979,0.9989777707389147), (0.992911416833562,-0.11629229515130846,0.02455647389202248), (0.11716944678300727,0.9923864809544036,-0.03795251189972659), 0.37601054056752664, 0.5553521650971889, 1.4122281409993256,  (gDx*0, gDy*0, gDz*0)), rgb(0.13116275173604725,0.5559264910057611,0.5524545587432996)  );
  draw(  ellipsoid( (-0.5645161444006989,0.000853339427766146,0.825421585932177), (-0.8244289278364914,0.04845618100938831,-0.5638873482073868), (-0.040477965084029836,-0.9988249447895294,-0.026650778766288706), 0.5389072570880586, 0.6612245725853979, 2.458685199256859,  (gDx*0, gDy*0, gDz*1)), rgb(0.12001866038919104,0.600866607647988,0.5422958933327284)  );
  draw(  ellipsoid( (-0.9215392746697938,-0.044687283173206103,0.38570508418177213), (-0.38789782585243276,0.06159439951428461,-0.9196419991754565), (-0.01733902938534412,0.9971003844503683,0.07409575823825418), 0.6129310156720201, 0.9310356181026274, 3.974898931975758,  (gDx*0, gDy*0, gDz*2)), rgb(0.1250882847345606,0.6411880414891382,0.5267176401820032)  );
  draw(  ellipsoid( (0.9658507635455271,0.09792371253894482,-0.23988173978256902), (0.24904479390376488,-0.09546074764232255,0.9637758745107702), (-0.07147722146217801,0.990604962728412,0.11658822680651726), 0.6247768255379067, 1.3565981452428149, 5.747164848968307,  (gDx*0, gDy*0, gDz*3)), rgb(0.1454420781859246,0.6717775722202401,0.5097435363158098)  );
  draw(  ellipsoid( (0.47814202184724464,0.19794742420950343,0.8556851197681609), (-0.8683581828233192,0.2525949130476914,0.42679020165206716), (-0.13165968732916083,-0.9471075055933471,0.29266550801407315), 0.239464568045241, 0.44851900149108725, 1.3429131665523426,  (gDx*0, gDy*1, gDz*0)), rgb(0.11947471695011613,0.6143095251437819,0.537870085572503)  );
  draw(  ellipsoid( (-0.7478864333699342,-0.12081751811316789,-0.6527396189126053), (0.6635377045488542,-0.16506864704032018,-0.7297054586655604), (0.019585643293914153,0.9788541612933217,-0.203619580334287), 0.36238860727079114, 0.5424923001542934, 2.2163599035562216,  (gDx*0, gDy*1, gDz*1)), rgb(0.12257792694429587,0.6340118594596693,0.530013909404661)  );
  draw(  ellipsoid( (0.9682055328828584,0.06594236040179854,0.24130820789948204), (-0.2473833894931386,0.10917226189966206,0.962747565997753), (-0.03714168410163797,0.9918331625512181,-0.12201423263596452), 0.4587052656877131, 0.7400784770222378, 3.4810702323232126,  (gDx*0, gDy*1, gDz*2)), rgb(0.13451188645918863,0.6583668699485071,0.5177985001832148)  );
  draw(  ellipsoid( (-0.9967138084786065,-0.07695654441761901,-0.02528387350408612), (-0.027122167170031842,0.022936585780273758,0.9993689514292231), (0.07632805536676814,-0.9967705870981763,0.024948440029075564), 0.5022722295352292, 1.0699462516619997, 4.618326236493624,  (gDx*0, gDy*1, gDz*3)), rgb(0.14574645035011569,0.6721074848195792,0.509534159870838)  );
  draw(  ellipsoid( (0.5481121223253826,0.2683110931826318,0.7922008953763596), (0.8130287932942362,-0.39327463833276255,-0.4293241667071084), (-0.19636008411712172,-0.8793999181938645,0.4337032409910503), 0.13409624216152638, 0.3606541572085198, 1.5950148742562293,  (gDx*0, gDy*2, gDz*0)), rgb(0.16955673820643818,0.6933087816850633,0.49462556639229427)  );
  draw(  ellipsoid( (0.6726104755541011,0.2240179125265524,0.705273792964216), (-0.734811139610652,0.3148240588029708,0.6007814919776728), (-0.08745134235093477,-0.9223349645687673,0.37636481750417405), 0.18626708028963013, 0.45021301466881064, 2.1179193136045114,  (gDx*0, gDy*2, gDz*1)), rgb(0.16614767634654096,0.6906652407297356,0.4966435606223121)  );
  draw(  ellipsoid( (0.8210304261617888,0.1486053818370907,0.5512036645430108), (-0.5707076960154983,0.23767767178104487,0.7860038486199821), (-0.014204401616167678,-0.9599092482239113,0.27995083523528236), 0.258207926892371, 0.5418388269057497, 2.700830523241345,  (gDx*0, gDy*2, gDz*2)), rgb(0.15974585145532855,0.6853805144100532,0.5005227022397898)  );
  draw(  ellipsoid( (0.9506953399205313,0.08109698523636927,0.2993353464577102), (-0.3072593711611967,0.1153650345681817,0.9446071075493283), (0.04207195606352493,-0.9900071655218737,0.13459480944053703), 0.33285415105065475, 0.6782925810326913, 3.0759062198570075,  (gDx*0, gDy*2, gDz*3)), rgb(0.14713010567336318,0.6735712379434637,0.5085943788178416)  );
  draw(  ellipsoid( (0.5487691850898913,0.2854776385901228,0.7857193515249473), (-0.8064695136283511,0.42828317245040887,0.4076523614354077), (-0.2201347430185151,-0.8573657574575861,0.4652576198788709), 0.08374861662496189, 0.2754917388903717, 1.9002361862587251,  (gDx*0, gDy*3, gDz*0)), rgb(0.24611652380527496,0.7389324886632321,0.4519985205693764)  );
  draw(  ellipsoid( (0.5924139398638332,0.2672665008629791,0.760009435054243), (-0.7897694737044018,0.3789511950689193,0.4823485981740905), (-0.15909086164730724,-0.8859822849652793,0.43557489421225837), 0.10501623138438385, 0.32151418057914366, 2.019397837609433,  (gDx*0, gDy*3, gDz*1)), rgb(0.22660774484587387,0.7289982979023513,0.4626736781086461)  );
  draw(  ellipsoid( (0.6827755246488084,0.20579630041208072,0.7010459797169121), (-0.7253791968226504,0.3057445282823749,0.6167214154237833), (-0.08742198669368605,-0.929606457680931,0.3580352358084889), 0.1429808816245453, 0.3687734619626224, 1.966943346689384,  (gDx*0, gDy*3, gDz*2)), rgb(0.18777132535265714,0.706192946598923,0.48415313859448045)  );
  draw(  ellipsoid( (-0.8183558720466216,-0.11397397444075194,-0.5632970795565978), (-0.5746105007389966,0.18066655713372345,0.79823703721008), (-0.010790696330328415,-0.9769183836347978,0.21334018043744313), 0.200284597485139, 0.41319598113225314, 1.9447464682710787,  (gDx*0, gDy*3, gDz*3)), rgb(0.1519882552067071,0.6783857761874954,0.5054016276469271)  );
  draw(  ellipsoid( (-0.2475201018358955,-0.24564791777382378,0.937225106194095), (-0.9642669154786775,0.15676702993720137,-0.21357297122507257), (-0.09446224060641852,-0.9565987658459807,-0.2756731511800923), 0.28672301907157066, 0.7772557913959514, 2.3715527937654177,  (gDx*1, gDy*0, gDz*0)), rgb(0.13417106215759064,0.6578576019532976,0.5180813956018678)  );
  draw(  ellipsoid( (-0.3046000542844153,-0.26010703981951444,0.9162767784715823), (0.9524600898071873,-0.08945324093935086,0.29123511980860284), (0.0062116225268533535,0.961427296014512,0.2749890365520191), 0.3915049675367069, 0.864391493167922, 3.7421023352797573,  (gDx*1, gDy*0, gDz*1)), rgb(0.1489523687160437,0.6754187815323195,0.5073834922489936)  );
  draw(  ellipsoid( (-0.49621687496374356,-0.26514046802766367,0.8267220483422999), (0.8662374917589483,-0.08723176324677005,0.4919585626371652), (-0.05832170155595418,0.9602557741013229,0.27296048694396624), 0.5234697652410021, 0.9183708041333487, 5.397938913912596,  (gDx*1, gDy*0, gDz*2)), rgb(0.16342941849315273,0.6884617525682988,0.49827874802346867)  );
  draw(  ellipsoid( (0.8080225535460469,0.25385560809129976,-0.5316548534543084), (0.5762963422689454,-0.1530836548281185,0.8027751369542406), (0.12240130247820198,-0.9550511634802932,-0.269991104087853), 0.6153984928008221, 1.0387662741326391, 6.63983319401097,  (gDx*1, gDy*0, gDz*3)), rgb(0.17031516531502958,0.6938949220660294,0.49417715570969006)  );
  draw(  ellipsoid( (0.016931165479587968,-0.13611961012655813,0.9905477208971291), (0.9998566383746298,0.0021109991457675566,-0.016800189903434518), (-0.00019578990705179655,-0.9906901611611982,-0.13613583747386984), 0.294295218504938, 0.5931813980816225, 1.9700249573296644,  (gDx*1, gDy*1, gDz*0)), rgb(0.12337270395604788,0.6365787364516882,0.5288659761765563)  );
  draw(  ellipsoid( (-0.03077035111503321,-0.17225818730848386,0.9845711261241885), (-0.9977440505539898,-0.05350729394054111,-0.0405435454699964), (0.059665694300617064,-0.9835975225672112,-0.17022314332448896), 0.42784149864831633, 0.6412224302402925, 3.1531464916461007,  (gDx*1, gDy*1, gDz*1)), rgb(0.13403262012556183,0.6576507384879475,0.5181963070574958)  );
  draw(  ellipsoid( (-0.681126301329263,-0.2095825602030471,0.7015284114675999), (0.7244738036340069,-0.05439984840883848,0.6871523588995164), (-0.10585211138939256,0.9762765012801607,0.18889024210523972), 0.6158241098259856, 0.6764526135974616, 4.730235858612749,  (gDx*1, gDy*1, gDz*2)), rgb(0.14999177994492732,0.6764726126791576,0.506692807607377)  );
  draw(  ellipsoid( (-0.9682497976148504,-0.18237878936111546,0.17096872991858816), (0.201898918265042,-0.16723318599112316,0.9650232579097067), (0.14740812807375023,-0.9689019757924082,-0.19874557877688886), 0.6168663373000101, 0.9593961899489534, 6.264907738874044,  (gDx*1, gDy*1, gDz*3)), rgb(0.16619017749665987,0.6906996932306334,0.49661799375229554)  );
  draw(  ellipsoid( (-0.437755657616694,-0.045210451080339116,-0.897956568736867), (-0.8990628983851112,0.013707144762067924,0.4376048662090433), (0.007475892718536291,-0.9988834412961225,0.04664741935495422), 0.24129353862653247, 0.5134623391826931, 1.6114376900795004,  (gDx*1, gDy*2, gDz*0)), rgb(0.1229724625705722,0.6352860840618479,0.5294440633366735)  );
  draw(  ellipsoid( (0.6043846392527765,0.049378125156466675,0.7951609953910738), (0.791972828799903,0.07124373064154439,-0.6063854956106343), (-0.08659241466763196,0.9962359818839648,0.003952482981809253), 0.34342751555538537, 0.5697874538364827, 2.5364464875134622,  (gDx*1, gDy*2, gDz*1)), rgb(0.13175908285248705,0.6541746682210485,0.520111187045074)  );
  draw(  ellipsoid( (0.8795583771869978,0.08304036587701101,0.46848837632879115), (-0.45964146903573544,-0.10606223209973993,0.8817485598880738), (-0.12290964593084781,0.9908860179440586,0.055119128985503626), 0.44579558395486213, 0.6794737990028771, 3.6654856098839406,  (gDx*1, gDy*2, gDz*2)), rgb(0.1434106298094933,0.6695756612272534,0.5111409618666359)  );
  draw(  ellipsoid( (0.9782092034697213,0.13460712614643025,0.15807490578119088), (-0.13918101631751312,-0.13981517127707196,0.9803470623088475), (0.15406297070989358,-0.9809855449859405,-0.11803373070728737), 0.48606514223340436, 0.8853068960243312, 4.616465676705825,  (gDx*1, gDy*2, gDz*3)), rgb(0.15286003275376178,0.6792170600631172,0.5048391379696096)  );
  draw(  ellipsoid( (-0.561780422792021,-0.17045722601681285,-0.8095351077416415), (0.820961919943865,-0.23563312306624917,-0.5200947580163916), (0.10209937595157594,0.956776549363904,-0.27231296703902985), 0.14908422361720008, 0.46663396493856607, 1.5273740346087228,  (gDx*1, gDy*3, gDz*0)), rgb(0.1524180948795709,0.6787956500026234,0.5051242858184936)  );
  draw(  ellipsoid( (0.6487957947144354,0.16315944672783134,0.7432651019012881), (0.7607060162066147,-0.11370217969493011,-0.6390603815287594), (0.01975787609855828,-0.980025922757194,0.19788586876273961), 0.19805582024871177, 0.525288388248275, 2.026501718903231,  (gDx*1, gDy*3, gDz*1)), rgb(0.15324836544770448,0.6795873548796584,0.5045885773392681)  );
  draw(  ellipsoid( (0.7778684702111068,0.13584767215330745,0.6135682953200564), (-0.6227998813607613,0.03627951139588301,0.7815395734253627), (0.08391037378330779,-0.9900652539218836,0.11282660212973734), 0.26262081725339265, 0.5723124642417934, 2.5147270106783846,  (gDx*1, gDy*3, gDz*2)), rgb(0.1493754866072628,0.6758477694056082,0.5071023320874162)  );
  draw(  ellipsoid( (0.9178129783483955,0.11702032238281146,0.379375250806732), (-0.3753175389128276,-0.055819254360955195,0.9252140054209109), (-0.1294452848104799,0.9915596073822343,0.007311856694712444), 0.3299248825374452, 0.6572552896709762, 2.8849994855582395,  (gDx*1, gDy*3, gDz*3)), rgb(0.1422407540368408,0.6682226322446255,0.5119746792985801)  );
  draw(  ellipsoid( (-0.28058686397746135,-0.3461634126486239,0.8952328766900555), (-0.9471102523217306,0.2511858864620459,-0.1997193540680113), (-0.15573433054519764,-0.9039228629621747,-0.3983343772559738), 0.20529484026045627, 0.7645264879184118, 3.819009715223204,  (gDx*2, gDy*0, gDz*0)), rgb(0.2198375679882886,0.7253502089027172,0.466383247619754)  );
  draw(  ellipsoid( (-0.2699688631825556,-0.3495317206851609,0.8971869309941989), (-0.9617808884647475,0.14217734371004362,-0.23401522497375452), (-0.045763910408520306,-0.9260740678641352,-0.37455638471890224), 0.27763002925282676, 0.8490531184374828, 5.439886118854572,  (gDx*2, gDy*0, gDz*1)), rgb(0.22902380746518652,0.7302627968643753,0.46135158214120675)  );
  draw(  ellipsoid( (-0.2787333981360662,-0.3651369265322266,0.8882469913521355), (0.9590992353753591,-0.058299216162267034,0.2770015489077033), (-0.04935939085850306,0.9291265932462942,0.3664524856739448), 0.36839857972038637, 0.8479188786431068, 6.557874026393866,  (gDx*2, gDy*0, gDz*2)), rgb(0.22397899695261106,0.7275855239443445,0.46411383285092866)  );
  draw(  ellipsoid( (-0.3478797696267712,-0.3826373097102755,0.8559020709766435), (0.928147343628383,-0.011661738832401054,0.37203025732187545), (-0.13237135037462308,0.9238250337943259,0.35920068559916657), 0.4765767241242044, 0.7424405298036469, 6.644191686110632,  (gDx*2, gDy*0, gDz*3)), rgb(0.20723170040653932,0.7182299331774262,0.47331411856730377)  );
  draw(  ellipsoid( (-0.16229670112442765,-0.32109473643884034,0.9330369505198601), (0.9831015453156077,-0.1337673941677735,0.12497053995093257), (0.08468253894512316,0.9375523742644116,0.3373787383771723), 0.23662070559608472, 0.685749363950764, 3.4262762704390273,  (gDx*2, gDy*1, gDz*0)), rgb(0.19196108831498382,0.7089160523003393,0.48179720133026904)  );
  draw(  ellipsoid( (-0.12824485256744778,-0.33213663997940446,0.9344723164295159), (0.9917186149282465,-0.036404013365749784,0.12316223697086053), (0.006888148862625558,-0.9425285142604747,-0.3340547158942508), 0.31618522949974925, 0.7591715072484186, 5.208215155166225,  (gDx*2, gDy*1, gDz*1)), rgb(0.21254136294900403,0.7212801091700085,0.47039061686976913)  );
  draw(  ellipsoid( (-0.13543072283770835,-0.3444731258094557,0.9289762025513457), (-0.9874097618830063,-0.03042224557041144,-0.15523030990305384), (0.08173421223576109,-0.9383031240326957,-0.33601602042266254), 0.4330465548875769, 0.789566482879961, 6.9079724945989405,  (gDx*2, gDy*1, gDz*2)), rgb(0.2181488720382928,0.7244140360173096,0.46731032073926515)  );
  draw(  ellipsoid( (-0.3427679076833007,-0.3698306638962985,0.8635597498172523), (-0.927510116955871,-0.012682557411651469,-0.37358283643926504), (0.14911453452604453,-0.929012611744062,-0.33867450865625826), 0.5885447011274186, 0.7557940244204331, 7.643212641300053,  (gDx*2, gDy*1, gDz*3)), rgb(0.2078918606596712,0.7186194856654642,0.47294933202921974)  );
  draw(  ellipsoid( (0.036551179383723306,-0.2556239635286487,0.9660850897077147), (0.9991048422823924,-0.011253921115819883,-0.04077822197441615), (-0.021296136117491687,-0.9667107832901336,-0.2549837956754159), 0.27087825394719867, 0.5989575307048494, 2.8103953873209138,  (gDx*2, gDy*2, gDz*0)), rgb(0.15760957267065623,0.6835476726946872,0.5018376776195977)  );
  draw(  ellipsoid( (0.11916587608205642,-0.2686762315657364,0.9558308305182621), (-0.9910360154280369,-0.09074250196458852,0.09804802120250354), (0.06039130816695149,-0.9589467560447982,-0.2770812317156159), 0.36062459613223763, 0.6645390539715851, 4.255416450213127,  (gDx*2, gDy*2, gDz*1)), rgb(0.17819797011593036,0.6996637236849955,0.4896006670016769)  );
  draw(  ellipsoid( (0.2061837221117552,-0.2681657177647678,0.9410501689877376), (-0.9712164921708689,-0.17331257584284968,0.16340525202706546), (0.11927614208824369,-0.9476549471566236,-0.2961811997040356), 0.498990241494262, 0.6908662037834272, 5.843678847087712,  (gDx*2, gDy*2, gDz*2)), rgb(0.1898800470084288,0.707573728161728,0.4829654677768619)  );
  draw(  ellipsoid( (-0.9690825091978494,-0.09540955238414042,-0.22754363906876832), (-0.18348306522064878,-0.3379102536988381,0.9231200491931817), (0.16496379949563178,-0.9363298979307694,-0.3099568794153797), 0.6724958678526962, 0.7112058483600733, 6.916985632214245,  (gDx*2, gDy*2, gDz*3)), rgb(0.1883147430734338,0.7065487741059322,0.48384707574024993)  );
  draw(  ellipsoid( (0.3891462581996035,-0.10741352587423635,0.914892083356563), (0.9211609950304539,0.0510409098958806,-0.3858202259492168), (-0.005254613568256902,0.9929033991160798,0.11880752947512614), 0.26008868290922715, 0.538935612210581, 2.0658572558053097,  (gDx*2, gDy*3, gDz*0)), rgb(0.13336810290126935,0.6566578006222763,0.51874787828492)  );
  draw(  ellipsoid( (0.5070150225454386,-0.0999426384949954,0.856123376578345), (0.8570056134458578,0.16455128915631465,-0.48832801656190455), (-0.0920714148665993,0.9812921798565671,0.1690813777942709), 0.33687047543843845, 0.6208496124348898, 2.9712285643855436,  (gDx*2, gDy*3, gDz*1)), rgb(0.14484486972010346,0.6711302508798345,0.510154353730119)  );
  draw(  ellipsoid( (0.7006181309179691,-0.056010818678766394,0.7113346770824166), (0.6988513894818651,0.25507797763583123,-0.6682379521880516), (-0.14401725607814472,0.9652968525361245,0.21785549438922436), 0.43216922443540345, 0.6723292555016533, 3.8509911981078075,  (gDx*2, gDy*3, gDz*2)), rgb(0.15107763771786828,0.6775174564677591,0.5059891776924486)  );
  draw(  ellipsoid( (-0.9283809400740696,-0.0740430461796473,-0.3641791556632881), (-0.32622308121037624,-0.30702362088229335,0.8940441809586), (0.17800935759896214,-0.9488172234591679,-0.2608803271127215), 0.5082136973645056, 0.7568670661676975, 4.518760775930582,  (gDx*2, gDy*3, gDz*3)), rgb(0.15247301957575876,0.6788480234715991,0.5050888472198054)  );
  draw(  ellipsoid( (-0.23372915512522252,-0.4281580228922921,0.8729555483971754), (0.9510956273403739,-0.2871688328955683,0.11380320323882698), (0.20195987150538208,0.8568633314866265,0.47433895207453614), 0.16859698894968944, 0.6747325361117549, 4.036425005857131,  (gDx*3, gDy*0, gDz*0)), rgb(0.24999103180839574,0.7408053471957114,0.449876590574989)  );
  draw(  ellipsoid( (-0.20929414894778806,-0.44140384655473625,0.8725586533081336), (0.9734478824311085,-0.17865098565029394,0.1431189907614272), (0.09271019041406561,0.8793443407294215,0.46707424572601575), 0.21464809164070245, 0.682659097191675, 4.667633397365917,  (gDx*3, gDy*0, gDz*1)), rgb(0.24142932165259712,0.7366076801866679,0.45456334370741996)  );
  draw(  ellipsoid( (-0.11090015110230271,-0.4476144882104252,0.8873231803743242), (-0.9935922114848805,0.030343143022494714,-0.10887520814262974), (0.021809946402293966,-0.8937116781242347,-0.4481113283797826), 0.26504017285915216, 0.6152132342958866, 4.878399672095779,  (gDx*3, gDy*0, gDz*2)), rgb(0.22808632367856468,0.7297721443185259,0.4618645835526458)  );
  draw(  ellipsoid( (0.10878099962616157,-0.4182052816010757,0.9018154115789427), (0.9879243228951293,0.14616841007899628,-0.051384123298725014), (0.11032781314126203,-0.8965149961578686,-0.42905551541906956), 0.3036552814488976, 0.5517463383932437, 4.93481904742854,  (gDx*3, gDy*0, gDz*3)), rgb(0.22077461309921087,0.7258594577813221,0.4658695266663498)  );
  draw(  ellipsoid( (-0.17325966407033477,-0.4158423163969903,0.8927800718541047), (0.9735194915985582,-0.20957572763248417,0.09131163050235991), (-0.14913379323251805,-0.8849594240872853,-0.441141620610865), 0.1988790436186323, 0.6786925970542915, 4.344715372361188,  (gDx*3, gDy*1, gDz*0)), rgb(0.24076540254642803,0.7362782985751545,0.4549266351657538)  );
  draw(  ellipsoid( (-0.133152014043807,-0.4267515052752049,0.8945131043765789), (0.9894542192600408,-0.10916101529418942,0.09520620110289572), (0.05701656903551,0.8977566627351137,0.43678608651161316), 0.25754868110223444, 0.7313330566286568, 5.828136304984006,  (gDx*3, gDy*1, gDz*1)), rgb(0.2490060081835151,0.7403292067672841,0.4504160529204354)  );
  draw(  ellipsoid( (-0.05862272297357342,-0.43934330758670287,0.8964043922415482), (-0.9977926445363561,-0.00227374716500916,-0.0663676772455883), (0.03119639178348443,-0.898316363066267,-0.4382402274861197), 0.32401595704806535, 0.7358607758389002, 6.7621070454807795,  (gDx*3, gDy*1, gDz*2)), rgb(0.24525715864006328,0.7385067355140815,0.45246878057688295)  );
  draw(  ellipsoid( (0.09338607222406531,-0.4229088877957901,0.9013473881572462), (0.9891786038199866,0.14230209349365644,-0.03571839766933675), (0.11315799246762853,-0.894929151838653,-0.4316214567535374), 0.3870296800464624, 0.7000452678483604, 6.968122655691966,  (gDx*3, gDy*1, gDz*3)), rgb(0.23468601675289108,0.7332000518328113,0.45825320382281964)  );
  draw(  ellipsoid( (-0.10357193129271779,-0.39486466696974204,0.9128826593966889), (0.9903622453565737,-0.12579507769911577,0.057950163062403436), (-0.09195367323050371,-0.9100865306142862,-0.40408789733654443), 0.24343093884082947, 0.6521557627630107, 4.0509696993998725,  (gDx*3, gDy*2, gDz*0)), rgb(0.21101014057438613,0.7204047219062613,0.4712331739050488)  );
  draw(  ellipsoid( (-0.011209110888573097,-0.4031559006824132,0.9150626621046452), (0.9998349658420878,-0.017602902486146686,0.004492093455671547), (0.01429674482667067,0.9149619978824342,0.40328667907376436), 0.30879409343330483, 0.7186399422222216, 5.8118801390457415,  (gDx*3, gDy*2, gDz*1)), rgb(0.23092437676854205,0.7312575011787992,0.4603115697707822)  );
  draw(  ellipsoid( (0.0769583961513758,-0.40906801041851953,0.9092528625822642), (0.99557415134607,0.08086584466623017,-0.047883445343559414), (0.053939915029228735,-0.9089136801801652,-0.41348084302418225), 0.38673720118852206, 0.7727233679043439, 7.325270471192658,  (gDx*3, gDy*2, gDz*2)), rgb(0.23727578465663662,0.7345192185604243,0.4568361163084816)  );
  draw(  ellipsoid( (0.1572509791349455,-0.4034191575522716,0.9014017488783326), (0.9800466052675807,0.17611626449359877,-0.09215049041818268), (0.12157623560791693,-0.8979064788164948,-0.42306403089221845), 0.4809012885615752, 0.7845794217685741, 7.984880636328731,  (gDx*3, gDy*2, gDz*3)), rgb(0.2285686440274458,0.7300245771717342,0.46160065256709415)  );
  draw(  ellipsoid( (0.02451118948409914,-0.34578255867194646,0.9379944689113878), (0.9985030397979039,-0.037424405257772304,-0.03988851219897583), (-0.04889663694386769,-0.9375680434023892,-0.34434761925443264), 0.2986557884292501, 0.5803142575553759, 3.172108339158726,  (gDx*3, gDy*3, gDz*0)), rgb(0.1636077011319861,0.6886062729579188,0.4981715008303807)  );
  draw(  ellipsoid( (0.19026259586141875,-0.352000034525123,0.9164584662222214), (0.9814090170928741,0.09218548620869438,-0.16833947041993863), (0.025228669899010445,-0.9314493071696273,-0.36299545780677217), 0.36227969600296217, 0.6623667570061724, 4.670223928223818,  (gDx*3, gDy*3, gDz*1)), rgb(0.1898196925482903,0.707534208329623,0.482999460518779)  );
  draw(  ellipsoid( (0.3182868045037786,-0.34197066332029036,0.8841660339026002), (-0.9442264074162443,-0.1974338064807901,0.26354579032175574), (0.08443933690281295,-0.9187360651932559,-0.3857383062344559), 0.4444888707123447, 0.7439604661093786, 6.142494052956734,  (gDx*3, gDy*3, gDz*2)), rgb(0.20268643829523522,0.7155478296187165,0.47582570635587673)  );
  draw(  ellipsoid( (0.39758718044934377,-0.3339412663013692,0.8546389088985938), (0.9079525183943342,0.27764756527692436,-0.3139013441149658), (-0.1324637998991678,0.9007746999981929,0.4135919263711987), 0.5589630532884099, 0.7838567470660329, 6.998733173094869,  (gDx*3, gDy*3, gDz*3)), rgb(0.19812881443992325,0.712777189579592,0.4783557620577126)  );
