import settings;
import three;
surface ellipsoid(triple v1,triple v2,triple v3,real l1,real l2, real l3, triple pos=O) {
  transform3 T = identity(4);
  T[0][0] = l1*v1.x;
  T[1][0] = l1*v1.y;
  T[2][0] = l1*v1.z;
  T[0][1] = l2*v2.x;
  T[1][1] = l2*v2.y;
  T[2][1] = l2*v2.z;
  T[0][2] = l3*v3.x;
  T[1][2] = l3*v3.y;
  T[2][2] = l3*v3.z;
  T[0][3] = pos.x;
  T[1][3] = pos.y;
  T[2][3] = pos.z;
  return T*unitsphere;
}

size(200);

real gDx=1.5;
real gDy=1.5;
real gDz=1.5;

currentprojection=perspective(up=Y, camera = (gDx*-2.0,gDy*6.0,gDz*14.0), target = (gDx*1.5,gDy*1.5,gDz*0.0) );
currentlight=Viewport;

  draw(  ellipsoid( (-0.4987575907528005,0.2071346571559203,0.841627054859432), (-0.6586046956230408,0.5406760219944701,-0.5233634436445834), (-0.5634542754915813,-0.8153310205340745,-0.13324641227861195), 0.4279331424398125, 0.7418315674336159, 1.6985587693520094,  (gDx*0, gDy*0, gDz*0)), rgb(0.12956868004352753,0.5606964438535615,0.5516718545080066)  );
  draw(  ellipsoid( (-0.7026302928442986,0.16785901576468742,0.691472358380323), (0.4698804166313899,-0.6203005584302516,0.6280442749340441), (-0.5343435838894732,-0.7661922526609283,-0.35696829875848324), 0.5478807909563722, 0.6398857740926202, 1.3846809090300307,  (gDx*0, gDy*0, gDz*1)), rgb(0.15889879457489922,0.4829815624885648,0.5580609096754225)  );
  draw(  ellipsoid( (0.397769801635603,-0.7865478488344088,0.4723575620234496), (-0.8418438616448561,-0.10818518401039824,0.5287673198785195), (-0.36479870821817495,-0.6079789860304389,-0.7051832776149407), 0.46923240618559486, 0.5991886904597736, 1.0836145554950236,  (gDx*0, gDy*0, gDz*2)), rgb(0.1719777949002858,0.4505870893505064,0.5579234292987538)  );
  draw(  ellipsoid( (-0.1953927856316917,0.9022021481909984,-0.38451650565695517), (0.9807246242881615,0.1793753222078107,-0.07748357953585186), (0.0009330798103358388,0.3922445379892389,0.9198605066963557), 0.3251515548243782, 0.5629009899174165, 0.9718986135831262,  (gDx*0, gDy*0, gDz*3)), rgb(0.1500769988319565,0.5053913537235464,0.5573800207305165)  );
  draw(  ellipsoid( (-0.461518861932599,0.3032001166642068,0.8337085997728763), (-0.6880261707333728,0.47092060409632486,-0.5521356473037438), (-0.5600181501223068,-0.8284343509852566,-0.008729126028761606), 0.4015385234477958, 0.729650938075621, 1.5433892582692832,  (gDx*0, gDy*1, gDz*0)), rgb(0.1318023686336249,0.5540738052848739,0.5527360252092739)  );
  draw(  ellipsoid( (-0.6519695199721877,0.24362723847015372,0.7180400502079546), (0.48039538788876956,-0.5999488284913485,0.6397512598557796), (-0.5866481196785969,-0.7620414502290969,-0.2741109479942412), 0.5350124839736157, 0.6994588440120437, 1.2810397792662078,  (gDx*0, gDy*1, gDz*1)), rgb(0.1684254532507872,0.45925394551813614,0.5580717555466835)  );
  draw(  ellipsoid( (0.32278702444550295,-0.823588230722139,0.4663807061463786), (0.857586052708705,0.04601966609706229,-0.5122776127568106), (0.4004431283579748,0.5653181551553881,0.7211523309277917), 0.589368653334488, 0.6604042603642688, 1.1534366291510556,  (gDx*0, gDy*1, gDz*2)), rgb(0.1890545101134417,0.41061364026543495,0.5563077518168117)  );
  draw(  ellipsoid( (-0.018150077861743035,0.940727076312642,-0.3386785239218477), (0.999732869819001,0.021923273377264234,0.007318407469526653), (0.014309565929019113,-0.338455223001056,-0.9408736888372574), 0.47231078808480975, 0.6681696661725566, 1.2429642868050967,  (gDx*0, gDy*1, gDz*3)), rgb(0.16006973629740298,0.4800360502437126,0.5580980040275261)  );
  draw(  ellipsoid( (-0.4888323381100476,0.4241475668189053,0.7623265617696043), (-0.6894584582155118,0.34756655389445557,-0.6354876277387483), (-0.5344997470653786,-0.8362393988419433,0.12253035628574468), 0.4285900575389376, 0.738088214870565, 1.3363964636255803,  (gDx*0, gDy*2, gDz*0)), rgb(0.14663792498917688,0.5142320862227254,0.5568955235091478)  );
  draw(  ellipsoid( (-0.6838514694067732,0.38070355889074714,0.6224242669097313), (0.40466137630212407,-0.5119509227675605,0.7577304423122473), (-0.6071213538654919,-0.7700461368810069,-0.19604236469490355), 0.567702660950413, 0.7704863417759927, 1.144514329805188,  (gDx*0, gDy*2, gDz*1)), rgb(0.19119000743338088,0.4058101965772207,0.5560070597447014)  );
  draw(  ellipsoid( (-0.7906610561713895,0.6104660807302584,0.04675744359757413), (-0.4405916172585712,-0.6203438300470335,0.648885628846913), (-0.42512835832889123,-0.4924476589450047,-0.759447945644839), 0.7376055090564688, 0.7944249984953851, 1.1484289560016847,  (gDx*0, gDy*2, gDz*2)), rgb(0.229668839647711,0.32251432409459957,0.5457359186633922)  );
  draw(  ellipsoid( (-0.1966575351811146,-0.9479814423613511,0.2503138006482684), (0.980416072608173,-0.1873971760352376,0.06055264639620338), (-0.010494685705336824,0.25731980754017153,0.9662693093643383), 0.713706088983377, 0.8508452513864326, 1.5004492623015504,  (gDx*0, gDy*2, gDz*3)), rgb(0.18160864166994842,0.4276923807186389,0.5571844573137482)  );
  draw(  ellipsoid( (-0.48662346220206887,0.5404245910871718,0.686395561890325), (-0.7296876626892935,0.18059134174797084,-0.6595018439736946), (-0.48036810984234557,-0.8217834438791837,0.30646117276510065), 0.47760700952487006, 0.7566853893969739, 1.18445373052029,  (gDx*0, gDy*3, gDz*0)), rgb(0.16703195957595876,0.4626850380234814,0.5581088253781905)  );
  draw(  ellipsoid( (0.6653484939989625,-0.528742546588393,-0.5270129988534757), (0.45811277245605453,-0.2682188096196015,0.8474617146979981), (-0.5894438643721215,-0.8052887616212367,0.06376473289048622), 0.6209962605140174, 0.8508473944505246, 1.0509849583887918,  (gDx*0, gDy*3, gDz*1)), rgb(0.21914921727079933,0.345250229765414,0.5497074287523355)  );
  draw(  ellipsoid( (0.792007313211622,-0.5742194362306837,-0.20735586529978747), (-0.37331441333588183,-0.724252131048543,0.5797371813738796), (-0.4830742847792609,-0.3817471541826625,-0.7879773763620654), 0.7957679766499229, 0.9758403187097823, 1.107052981743045,  (gDx*0, gDy*3, gDz*2)), rgb(0.2579412832003422,0.25439879626343775,0.5258743631119749)  );
  draw(  ellipsoid( (-0.0823851136360447,0.991939635548201,-0.09627280238820446), (0.9963653639214035,0.08407908142240716,0.013666369120335147), (0.021650741995253485,-0.09479698041428597,-0.9952611606384469), 0.9400798166068812, 0.9816683800802625, 1.5283921066283082,  (gDx*0, gDy*3, gDz*3)), rgb(0.21761394107184967,0.34853480717822954,0.5501963118274378)  );
  draw(  ellipsoid( (-0.46802257512585194,0.12019999006396147,0.875503758736186), (-0.7559569111627261,0.45865093670833496,-0.46708507439424485), (-0.4576942403372329,-0.8804494764864083,-0.12379297927157623), 0.5446546396701745, 0.8870121708137784, 1.586456633308424,  (gDx*1, gDy*0, gDz*0)), rgb(0.15211864078091036,0.5001736851468502,0.5576060095345676)  );
  draw(  ellipsoid( (-0.8003403133230579,0.3503481597517709,0.486530111944263), (0.3269114799639896,-0.42523748171938275,0.8439798388638865), (-0.5025776229973863,-0.8345233676174115,-0.22580186394888666), 0.6687109383421871, 0.7730384866280886, 1.1823041992077217,  (gDx*1, gDy*0, gDz*1)), rgb(0.20810628703941583,0.3688607049384576,0.5527973284030949)  );
  draw(  ellipsoid( (-0.6324335789662222,0.7501864164456503,-0.19299769111678114), (0.7612018911496039,0.5557192153330275,-0.334287054221235), (0.14352508180189738,0.35832456556881204,0.9224988111665406), 0.5568037239947138, 0.8130927790888242, 0.8856791197504891,  (gDx*1, gDy*0, gDz*2)), rgb(0.22582842912335374,0.3308797251817705,0.5473271825995054)  );
  draw(  ellipsoid( (-0.33627065804526474,0.9198178638243035,-0.20213149662410324), (-0.8718577489156635,-0.38520341818559944,-0.30246056317120407), (-0.35607037252980844,0.07452129902132223,0.9314829390808282), 0.4032526435609191, 0.672935747127365, 0.990047304204448,  (gDx*1, gDy*0, gDz*3)), rgb(0.16775509091153196,0.46090236832942416,0.5580910945237066)  );
  draw(  ellipsoid( (-0.43602804822315555,0.2222959408007816,0.8720459023848461), (-0.8352259021676842,0.26083779283103264,-0.4841088082024676), (-0.33507795139472174,-0.9394403443191756,0.07193473399259594), 0.4687948456952895, 0.917280655465793, 1.784021696430137,  (gDx*1, gDy*1, gDz*0)), rgb(0.13257887198967244,0.5518338107821523,0.5530723018095448)  );
  draw(  ellipsoid( (-0.6417158953457344,0.2671364521567807,0.7189150336372931), (0.6711517943782123,-0.2580346841845761,0.6949628555978167), (-0.3711549252852883,-0.9284698259431237,0.013704150817093735), 0.6140025342411771, 0.8403307156970389, 1.2499441301298964,  (gDx*1, gDy*1, gDz*1)), rgb(0.1898975741551674,0.40871378458826735,0.556190769277064)  );
  draw(  ellipsoid( (-0.7359684823648518,0.6766141688938433,-0.023316505262805896), (0.6740439459264096,0.729079741046862,-0.11877495592504321), (0.06336522646950135,0.10313097326766156,0.9926473948121426), 0.6272772011892258, 0.7809973716227866, 0.8520882258545325,  (gDx*1, gDy*1, gDz*2)), rgb(0.26130748462366854,0.24474309590598123,0.5218922368310631)  );
  draw(  ellipsoid( (-0.13693681432788354,0.9885254386459823,-0.06376335963152323), (0.9340323398477509,0.15028928390744076,0.32403197259086064), (0.3298967974992576,-0.015185133926212993,-0.9438948642234352), 0.43585524129555747, 0.6343921542629612, 1.0307035643772373,  (gDx*1, gDy*1, gDz*3)), rgb(0.1717320778726597,0.451182511234041,0.5579361690020657)  );
  draw(  ellipsoid( (0.43706248491768823,-0.30124521213969785,-0.8474831599745708), (0.858246342985221,-0.14217812340396752,0.49315169672000586), (-0.26905315279711917,-0.9428874287995541,0.19640187774483098), 0.43544309738871056, 0.8887964642476334, 1.8203294434901758,  (gDx*1, gDy*2, gDz*0)), rgb(0.12731606932553885,0.5677813879862914,0.5503944480428344)  );
  draw(  ellipsoid( (0.6050115695469893,-0.29899410978059715,-0.7379454742938646), (-0.7512143925369404,0.09282209643108257,-0.653499039677561), (-0.26389000958665365,-0.9497297408898212,0.1684502363005429), 0.6130610941640542, 0.9177519473102876, 1.3549189045231915,  (gDx*1, gDy*2, gDz*1)), rgb(0.17962934437027966,0.43232263846954816,0.5573738938094401)  );
  draw(  ellipsoid( (0.8878531364205926,-0.39671726937148744,-0.2330927204580768), (0.43397870651101944,0.8903375465154783,0.1377008916449764), (0.1529028791198482,-0.2234154458564353,0.9626558305592042), 0.7812161878397064, 0.9054248956631188, 1.020384490153596,  (gDx*1, gDy*2, gDz*2)), rgb(0.2698607135829658,0.2167784997626227,0.508492616319356)  );
  draw(  ellipsoid( (-0.16231226501101925,-0.9842409700898718,-0.07017436443275153), (-0.9651745042098946,0.17314989916601795,-0.19610530039237092), (0.2051655552235228,0.03590021191227349,-0.9780686426496238), 0.6102552294525162, 0.8056142332839032, 1.3255082817144164,  (gDx*1, gDy*2, gDz*3)), rgb(0.1804719018397255,0.4303439367354024,0.5572964413215657)  );
  draw(  ellipsoid( (-0.4547170152593189,0.36688087150318016,0.8115607569114732), (-0.8614993889760726,0.04998147904594908,-0.5052926424817927), (-0.22594521200395076,-0.9289242584180082,0.2933402176569782), 0.45356683407890946, 0.814709204976117, 1.6477327127480614,  (gDx*1, gDy*3, gDz*0)), rgb(0.1354233984704184,0.543872950543115,0.5541499082753875)  );
  draw(  ellipsoid( (-0.5850643372920235,0.3764814173099162,0.718304575823767), (0.7855608002221034,0.04304189147048228,0.6172856913399596), (-0.20147940436544218,-0.925423761310979,0.32093131915970247), 0.6269882931660951, 0.9083560690487421, 1.3568595206964462,  (gDx*1, gDy*3, gDz*1)), rgb(0.18215618368371467,0.42641657753843737,0.557129938686686)  );
  draw(  ellipsoid( (-0.8426743578366053,0.3940130190895387,0.3669518598298852), (0.5305896762014648,0.723523853275956,0.44157426243966896), (0.09151241529480682,-0.5668041765271842,0.8187542386566629), 0.8704101716316368, 0.9989037301387025, 1.2071554986358692,  (gDx*1, gDy*3, gDz*2)), rgb(0.2588710117946201,0.25179974365630564,0.5248405139690987)  );
  draw(  ellipsoid( (-0.37399805067129677,-0.9154572995697515,-0.1485375062350531), (-0.9224675076290738,0.3837402951783453,-0.04239201841197129), (-0.09580790918642888,-0.12116649091598834,0.9879977358356804), 0.8296675216493712, 1.0211125355142001, 1.5845507146060847,  (gDx*1, gDy*3, gDz*3)), rgb(0.19728092872160408,0.39230871697192343,0.5550303777491372)  );
  draw(  ellipsoid( (-0.23733946788692997,-0.1756276472962317,0.9554187074201234), (0.8540158153821592,-0.5064416150651891,0.11905409529834945), (-0.4629546025911124,-0.8441989220766356,-0.27018737184471087), 0.6676895527289461, 1.048603364659614, 1.4229605935400458,  (gDx*2, gDy*0, gDz*0)), rgb(0.18350505241073126,0.4232926186277774,0.5569861186210179)  );
  draw(  ellipsoid( (-0.08564889758735945,-0.16604286046397437,0.9823919965222697), (0.7918686819730479,-0.6097430948591296,-0.03401982924528294), (0.6046554860847118,0.7750116945959915,0.18370796495283137), 0.8356017876636636, 0.9076177158405924, 1.167291333593007,  (gDx*2, gDy*0, gDz*1)), rgb(0.2549888280392355,0.2624493383587364,0.5289532066353435)  );
  draw(  ellipsoid( (0.5851144204049635,-0.8103791843305863,0.03044162672817075), (0.44290588535414316,0.35078383202117835,0.8250970124241153), (-0.6793198743985241,-0.4692933845647421,0.5641703886690104), 0.7767876112446157, 0.9465877916768114, 1.0840873126964692,  (gDx*2, gDy*0, gDz*2)), rgb(0.2575431686974161,0.255511723781356,0.5263170625622768)  );
  draw(  ellipsoid( (0.3598206534269758,-0.9317758487137159,-0.04819611105907336), (-0.7651853821092032,-0.2651430935016673,-0.5866774846325353), (-0.5338730451837561,-0.2479776355282881,0.8083852199935516), 0.6267408696634088, 0.8794372014714884, 1.2007706299601846,  (gDx*2, gDy*0, gDz*3)), rgb(0.1988401110443509,0.38889627234955404,0.5547495215654945)  );
  draw(  ellipsoid( (-0.38598057243459927,0.07016775153743757,0.9198344874743714), (0.9146735528084173,-0.10055508733349082,0.3914855887567018), (-0.11996370074271007,-0.9924541103021007,0.02536827642113439), 0.6062812091515717, 1.0230801743518794, 1.5806167361634522,  (gDx*2, gDy*1, gDz*0)), rgb(0.16202247594380098,0.47513757891404795,0.5581379769117096)  );
  draw(  ellipsoid( (-0.49398001565398186,0.25783454142090917,0.830364434079857), (0.8668088442965881,0.07132847246133577,0.49351258997673586), (-0.06801596565295871,-0.9635525923718963,0.25872810081182523), 0.7187782131100815, 0.8670297790953105, 1.14494934939343,  (gDx*2, gDy*1, gDz*1)), rgb(0.23079620758014285,0.3200362360446988,0.5452295736383026)  );
  draw(  ellipsoid( (-0.08427137136646805,0.8616544170633189,0.500449799203963), (0.969569986742028,-0.04494586013961209,0.24065309153504333), (0.22985294598303133,0.5055012712264755,-0.8316466124570815), 0.6610010951611225, 0.7312583852075913, 0.980741290545087,  (gDx*2, gDy*1, gDz*2)), rgb(0.2425447935440852,0.293422560213664,0.5388773381140226)  );
  draw(  ellipsoid( (-0.04183340453289686,0.9597065675309926,0.27787275955564156), (0.9264901453028649,-0.0668411281492926,0.37033535375981325), (0.3739865999228627,0.272938762043082,-0.8863624852465984), 0.4933487985557125, 0.6801618271784866, 1.108491828016707,  (gDx*2, gDy*1, gDz*3)), rgb(0.17703002193367828,0.43846175124119385,0.5575948087028815)  );
  draw(  ellipsoid( (-0.42385872885579234,0.16945072158093005,0.88973604564975), (0.9032597550168001,0.006604893644954794,0.4290433432031419), (-0.06682509214166768,-0.9855165286973329,0.15585755908718923), 0.5136843120018849, 0.9690846597301703, 1.9383011419592684,  (gDx*2, gDy*2, gDz*0)), rgb(0.1330804486166572,0.5504124839430986,0.5532742452859982)  );
  draw(  ellipsoid( (-0.5805575111991911,0.24967073783847726,0.774995160538046), (0.8119361005648859,0.2487520764514785,0.5280929587303406), (0.06093229677017725,-0.9358348824062221,0.3471315717160325), 0.6444300955212906, 0.8652302019061305, 1.4108463387299703,  (gDx*2, gDy*2, gDz*1)), rgb(0.17980861408648324,0.43190163300559437,0.5573574143572675)  );
  draw(  ellipsoid( (-0.34698261958043597,-0.7389937362586985,-0.577487072997749), (0.9359935655006985,-0.2339098925628191,-0.26306312455861264), (0.0593220620881363,-0.6318025165600872,0.7728560493506873), 0.6540738584368233, 0.729545855241696, 1.1230119737225384,  (gDx*2, gDy*2, gDz*2)), rgb(0.21162986345322668,0.3613184187077967,0.5519105854794923)  );
  draw(  ellipsoid( (-0.25564326677839394,-0.8834495619054683,-0.39263646254507106), (0.940346230836133,-0.3215311512911776,0.1112055974384733), (-0.2244893901794677,-0.3407852554298757,0.9129457395587347), 0.4593935499008548, 0.7105762000930508, 1.2176777345758083,  (gDx*2, gDy*2, gDz*3)), rgb(0.16042726957272885,0.4791374774912451,0.5581082123195477)  );
  draw(  ellipsoid( (-0.4625327484315943,0.2368338806126045,0.854384673096545), (0.8847138355722319,0.06042929113434068,0.4622009626992039), (-0.057834987467664536,-0.9696690227943634,0.23748073702437278), 0.46890735604657086, 0.8684556711110609, 2.0219908186694813,  (gDx*2, gDy*3, gDz*0)), rgb(0.12554977467099485,0.57377595121566,0.5491970574849869)  );
  draw(  ellipsoid( (-0.632258207252669,0.23950430630943745,0.7368088263728091), (-0.7723855448972011,-0.2692184995935651,-0.5752755596324628), (-0.06058159287683671,0.9328231808525262,-0.3552052700463216), 0.6155026066858722, 0.8786930097888059, 1.6379198527513616,  (gDx*2, gDy*3, gDz*1)), rgb(0.15911757388805428,0.4824297607396857,0.5580698699203299)  );
  draw(  ellipsoid( (0.8094438092734236,0.4938592388430448,0.31765354057258344), (-0.5610129953011734,0.49067986353806703,0.666706600103426), (-0.1733930181181729,0.7178692943200979,-0.6742392287165109), 0.7743754192103969, 0.7892442436841139, 1.4067722817081343,  (gDx*2, gDy*3, gDz*2)), rgb(0.19464998063439148,0.3981074178023961,0.555474690679921)  );
  draw(  ellipsoid( (-0.4030750757142193,-0.8129193517121943,-0.4203482020299383), (-0.9140073447076238,0.3807021288945318,0.14020150810775966), (-0.04605493630975443,-0.44071307748579086,0.8964657975486335), 0.574949731059962, 0.8852127979133438, 1.515711559201873,  (gDx*2, gDy*3, gDz*3)), rgb(0.16092028591458932,0.4779001432255859,0.5581193210208969)  );
  draw(  ellipsoid( (-0.16751476840629795,-0.43135425999662097,0.8864943907033771), (0.7856504495548305,-0.6016126061927467,-0.14427627380918767), (0.5955603860903423,0.6723063099902741,0.4396726646804232), 0.6967880689464523, 1.1939973042996388, 1.6170726410278768,  (gDx*3, gDy*0, gDz*0)), rgb(0.1728374264520492,0.448505634137731,0.557877917260424)  );
  draw(  ellipsoid( (-0.07705498226769074,-0.43469693207741794,0.897274265177714), (0.7246571216233443,-0.6425304416420493,-0.2490515762725512), (0.684787986013406,0.6310255215169609,0.3645163993648994), 0.8554016547940717, 1.1349915566985236, 1.431840572891208,  (gDx*3, gDy*0, gDz*1)), rgb(0.221669119621377,0.339847451371517,0.5488614414752949)  );
  draw(  ellipsoid( (-0.41995415422657034,0.7784144849130499,-0.46659339689433776), (-0.2915681737386466,0.3711494528355623,0.8816099385343686), (-0.8594338301524761,-0.5062795407059327,-0.07109513522059427), 1.007317285631913, 1.0259972654067342, 1.2873697398212127,  (gDx*3, gDy*0, gDz*2)), rgb(0.26891329580401446,0.22021154145612504,0.5102930641048066)  );
  draw(  ellipsoid( (-0.29320122914241387,0.8994084804087169,0.3241873294844516), (-0.6272134829484098,0.07496094820437796,-0.7752316447695008), (-0.7215513052008854,-0.4306335351701999,0.5421424834392846), 0.8184721587039671, 1.0801848996273156, 1.2632185088953265,  (gDx*3, gDy*0, gDz*3)), rgb(0.23655156842011169,0.30721076845066164,0.5423961376011623)  );
  draw(  ellipsoid( (-0.4043665172089302,-0.21631804458519865,0.888647412277308), (0.8921997331558515,-0.3070063569646307,0.3312502572677232), (-0.20116499674880495,-0.9267974969593636,-0.31714199298249934), 0.7066442840730496, 1.13376831299703, 1.3566881014531431,  (gDx*3, gDy*1, gDz*0)), rgb(0.1953391055442683,0.39658429513227067,0.5553615332373332)  );
  draw(  ellipsoid( (-0.48947624151047264,0.02553088449007059,0.8716428069650642), (-0.8691175817559768,-0.09572235979711073,-0.4852544269942477), (-0.07104673165898766,0.9950806016459305,-0.06904316149010496), 0.8129145616514208, 1.0032010909301112, 1.0958526731863218,  (gDx*3, gDy*1, gDz*1)), rgb(0.262954370664961,0.2397940620030206,0.5197262005706268)  );
  draw(  ellipsoid( (-0.287118660558374,0.7028044834829268,0.6508676768402792), (0.9577055699817058,0.22412962297352249,0.1804603926953578), (0.01905035393847719,-0.6751531456655178,0.7374315655793257), 0.802697402537703, 0.9089215285874668, 1.09075326394905,  (gDx*3, gDy*1, gDz*2)), rgb(0.26265383982985946,0.24071142006033053,0.5201351195757649)  );
  draw(  ellipsoid( (0.11675992615437292,-0.8716522770426398,-0.47601410438221975), (0.9808778825769463,0.0260629314587095,0.1928712085178725), (-0.15571030510467654,-0.4894313348470447,0.8580275458014437), 0.6535025184160624, 0.8640355776013893, 1.2045287038600008,  (gDx*3, gDy*1, gDz*3)), rgb(0.2048230364359639,0.37591853008109966,0.5535500357158165)  );
  draw(  ellipsoid( (-0.5282366984293745,-0.012764083000417837,0.8490012182662592), (-0.8459920640550723,-0.07752165770271938,-0.5275299234572962), (-0.07254941755984122,0.9969089581161266,-0.030151471598361762), 0.6312874961676906, 1.0441924662743347, 1.52330937828712,  (gDx*3, gDy*2, gDz*0)), rgb(0.1695316532234916,0.4565423000587305,0.5580339118634069)  );
  draw(  ellipsoid( (-0.6778970463385612,0.10836698767450637,0.7271259798327991), (0.6770999104758098,0.47727702587399495,0.5601270854069854), (0.28634124012985673,-0.8720454326210458,0.39691996377817573), 0.6866778534654235, 0.8304048842475857, 1.2086743155530104,  (gDx*3, gDy*2, gDz*1)), rgb(0.21097433055518197,0.362719568305943,0.552082437655724)  );
  draw(  ellipsoid( (0.28734439983840343,0.7361238489039061,0.6128253217323896), (-0.9410235633204118,0.09764061285049357,0.323945927583501), (0.17862768306526158,-0.6697671160911671,0.7207663706400691), 0.6177563166770911, 0.7038505741807787, 1.1262313122393177,  (gDx*3, gDy*2, gDz*2)), rgb(0.20171840708771588,0.38263075897761595,0.5541970146845574)  );
  draw(  ellipsoid( (-0.18491405121154697,-0.8301129398577796,-0.5260411587938799), (0.9822973012962926,-0.17244955253042707,-0.07316531759020795), (-0.02998008556615628,-0.5302581059377875,0.8473060459814483), 0.49159104536643977, 0.691621992222923, 1.195101879339668,  (gDx*3, gDy*2, gDz*3)), rgb(0.16825427633212559,0.4596735542016448,0.5580776115991641)  );
  draw(  ellipsoid( (-0.5219559077125033,0.08886918452675188,0.8483303003226792), (-0.8516393953974025,-0.10987840840685055,-0.512481292900652), (-0.04766938861746504,0.9899641424857406,-0.13303618297782613), 0.5353994503507028, 0.9730360572297612, 1.767894481557793,  (gDx*3, gDy*3, gDz*0)), rgb(0.14226835701924098,0.5255817259724384,0.5560629748109724)  );
  draw(  ellipsoid( (0.6967622066150776,-0.1352916508260482,-0.7044278505635978), (0.6732719708146323,0.46212055842128075,0.5771909933460369), (-0.2474414693382405,0.8764363974078018,-0.41307621639422226), 0.6048401961700396, 0.8162735470457605, 1.4285985670413641,  (gDx*3, gDy*3, gDz*1)), rgb(0.1707249242628564,0.45363027101373854,0.55798416334831)  );
  draw(  ellipsoid( (0.44160816953479576,0.7043977798536173,0.5557031512754108), (0.8638561050080591,-0.16651503660774178,-0.47542125785857314), (-0.24235274795313025,0.6899974712423356,-0.6820327229970339), 0.588462518717712, 0.6500913773996716, 1.3318404374831445,  (gDx*3, gDy*3, gDz*2)), rgb(0.16876768991441438,0.45841501538085005,0.5580600474502964)  );
  draw(  ellipsoid( (-0.3707201075469076,-0.7685647885927515,-0.5214161175067266), (-0.9261256065506364,0.2637845264726498,0.26964622097262164), (0.06969908716493792,-0.5828600941297829,0.809577759032074), 0.4344382851994635, 0.6731568435071368, 1.4091767666120092,  (gDx*3, gDy*3, gDz*3)), rgb(0.14264759070176378,0.5245905470294809,0.556144854810608)  );
