import settings;
import three;
surface ellipsoid(triple v1,triple v2,triple v3,real l1,real l2, real l3, triple pos=O) {
  transform3 T = identity(4);
  T[0][0] = l1*v1.x;
  T[1][0] = l1*v1.y;
  T[2][0] = l1*v1.z;
  T[0][1] = l2*v2.x;
  T[1][1] = l2*v2.y;
  T[2][1] = l2*v2.z;
  T[0][2] = l3*v3.x;
  T[1][2] = l3*v3.y;
  T[2][2] = l3*v3.z;
  T[0][3] = pos.x;
  T[1][3] = pos.y;
  T[2][3] = pos.z;
  return T*unitsphere;
}

size(200);

real gDx=1.5;
real gDy=1.5;
real gDz=1.5;

currentprojection=perspective(up=Y, camera = (gDx*-2.0,gDy*6.0,gDz*14.0), target = (gDx*1.5,gDy*1.5,gDz*0.0) );
currentlight=Viewport;

  draw(  ellipsoid( (0.924913632221956,0.37258418902689316,0.07560287704287959), (-0.3554689038962715,0.7770079104918898,0.5195195524672876), (-0.13482073762137586,0.5073851881166809,-0.8511073020407172), 0.7654320060901035, 28.58197109523576, 273.1198874188491,  (gDx*0, gDy*0, gDz*0)), rgb(0.4956042333294747,0.8261180642358144,0.3070035509531341)  );
  draw(  ellipsoid( (0.917342004407867,0.38198502404863904,0.11212086492494455), (-0.3814556035743946,0.7628208113264485,0.5221072996127836), (-0.11390904024989013,0.5217200889459979,-0.8454778999710926), 0.9202144164075338, 38.74024976263931, 337.80704793805614,  (gDx*0, gDy*0, gDz*1)), rgb(0.4985168005549937,0.8268506623174746,0.305192313759498)  );
  draw(  ellipsoid( (0.9042369757060078,0.403832934578067,0.13883246276040562), (-0.4161521532123641,0.7604141778803915,0.49858566310635266), (-0.09577513843772571,0.5086150204511808,-0.8556505617532659), 1.0818231313088118, 45.28627073981574, 330.31827812691245,  (gDx*0, gDy*0, gDz*2)), rgb(0.4877819326917715,0.8241219051305417,0.3118524147544176)  );
  draw(  ellipsoid( (0.8913991070965672,0.424398768041871,0.15903872972324995), (-0.44579892098562923,0.7578100608463958,0.47643177237462936), (-0.08167590780328803,0.49559015059272976,-0.8647077244479688), 1.2570338558031762, 45.856890572209394, 261.95439815827353,  (gDx*0, gDy*0, gDz*3)), rgb(0.46270621492885083,0.817462734064186,0.3272639912221573)  );
  draw(  ellipsoid( (0.9084069928610625,0.39965369913988574,0.12277481861084973), (-0.4048327657966016,0.7674716118174283,0.4970892845272693), (-0.10443738343426077,0.5012626515292801,-0.8589694913809458), 0.9464589726573842, 27.604149817219703, 313.30603779526723,  (gDx*0, gDy*1, gDz*0)), rgb(0.4889765182903865,0.8244267493228258,0.3111119186861969)  );
  draw(  ellipsoid( (0.9005634305322855,0.4122415646877951,0.13799420252923528), (-0.4221779035980044,0.7536291385796875,0.5037945406584237), (-0.10368859774109897,0.5119570429512581,-0.8527301219442692), 1.1669330047978412, 35.026598473533504, 300.1657047458541,  (gDx*0, gDy*1, gDz*1)), rgb(0.4733851966784423,0.8203444612442821,0.3207239827187598)  );
  draw(  ellipsoid( (0.8899067582339434,0.4330403008972339,0.14332501333817163), (-0.4440943438391227,0.7507814045240123,0.4889861924339485), (-0.10414497308873459,0.49880194508420295,-0.860436194125144), 1.400980498265, 39.30604021194739, 243.08047634243533,  (gDx*0, gDy*1, gDz*2)), rgb(0.4467866905625758,0.8130325603054464,0.3369452014504538)  );
  draw(  ellipsoid( (0.8772372123151885,0.45909111163606653,0.14032186054295895), (-0.469385409390417,0.7589850011928972,0.4512417372269641), (-0.1006588832685297,0.46171107760262664,-0.8813005560182938), 1.6465391521076105, 36.44003536840026, 166.1156833886027,  (gDx*0, gDy*1, gDz*3)), rgb(0.404452333514114,0.8004150794995555,0.36228445119444963)  );
  draw(  ellipsoid( (0.8868977210708731,0.42633732534690383,0.17790142600704517), (-0.451732310238793,0.71975827782872,0.5271488797136515), (-0.09669721943063062,0.5478909622480395,-0.8309423212481729), 0.9846550555758047, 17.227255962822206, 154.86258534009775,  (gDx*0, gDy*2, gDz*0)), rgb(0.43470383346996144,0.8095562446140974,0.3442367525031661)  );
  draw(  ellipsoid( (0.8833470396535782,0.43500486800666277,0.17455306455564065), (-0.4557855348014062,0.7103058809728131,0.5364001321040405), (-0.1093506003689758,0.5533862306436094,-0.8257155236114931), 1.232287112391946, 20.14108019573258, 118.79033588342773,  (gDx*0, gDy*2, gDz*1)), rgb(0.39605731536715016,0.7977551951997304,0.367236137137644)  );
  draw(  ellipsoid( (0.8756045109814432,0.45580761538166503,0.15986293538224525), (0.46267386927189363,-0.6963778277836044,-0.5486262950901674), (0.13874303961612816,-0.5543440616904529,0.8206418404070127), 1.5245560759478207, 20.10023646991361, 79.61667729443738,  (gDx*0, gDy*2, gDz*2)), rgb(0.3407094688836296,0.7787919010634521,0.3992988936684842)  );
  draw(  ellipsoid( (-0.8596365729095415,-0.4941702672237059,-0.12969467802646956), (-0.48544153060291295,0.7108919949740271,0.508899883914065), (0.15928428322417537,-0.5004281351741718,0.8509995291678261), 1.8933067515018553, 17.577199834984, 48.243556165778976,  (gDx*0, gDy*2, gDz*3)), rgb(0.26496518438790284,0.7478420244099627,0.4416590849793205)  );
  draw(  ellipsoid( (0.8539951404401223,0.45545059521411557,0.2515095533449252), (-0.5096660340641453,0.6351789068266798,0.5803346362606574), (-0.10456019235818766,0.62378883577824,-0.7745673983149864), 0.9720496864370552, 8.56688206236036, 51.6389191101897,  (gDx*0, gDy*3, gDz*0)), rgb(0.3369464009142368,0.7774082647640452,0.40144396648337316)  );
  draw(  ellipsoid( (0.8565800409661085,0.45713388533411825,0.2393726055709659), (-0.4962241770133038,0.6024987998599022,0.625105400964387), (-0.14153515311034714,0.654235284165193,-0.7429293327008428), 1.2543068062728688, 8.886262489691857, 31.563483910978217,  (gDx*0, gDy*3, gDz*1)), rgb(0.25764412511294854,0.7444485331267008,0.445680932659367)  );
  draw(  ellipsoid( (0.8503838928944916,0.4875536891170974,0.19783486784163828), (-0.4732123286712088,0.5443003751081174,0.6926811630546442), (-0.23003766365354464,0.6826628024767949,-0.6935806884677131), 1.6514233370361318, 8.095031439796491, 18.862924675112428,  (gDx*0, gDy*3, gDz*2)), rgb(0.16743658618847926,0.6916702501802748,0.4958790801483668)  );
  draw(  ellipsoid( (0.8259068747854256,0.5550178048038455,0.0991618401044053), (-0.42790204085247463,0.5025293315604256,0.751241714999719), (0.36712079431225153,-0.6628872507992232,0.652535681102106), 2.183368332848688, 6.988620499644526, 11.255311562245467,  (gDx*0, gDy*3, gDz*3)), rgb(0.11957440238245476,0.6064481665263226,0.5405443699825732)  );
  draw(  ellipsoid( (0.932675104087028,0.3592120880660591,0.032921512776194484), (0.32075766432092906,-0.7841405884063656,-0.5312608195539188), (0.16502021390009614,-0.5060535677188148,0.8465684352746833), 0.5673621702907194, 13.551898514029542, 136.1263860097754,  (gDx*1, gDy*0, gDz*0)), rgb(0.4668009056036235,0.8185795075737359,0.324762820215038)  );
  draw(  ellipsoid( (0.9332032262049222,0.35203737286103026,0.07212091728360695), (-0.3313448513381405,0.7652949754520882,0.5518461651941539), (-0.13907669859624416,0.538881516343706,-0.8308215110664129), 0.6133322811955062, 16.927115248928203, 207.48495389331427,  (gDx*1, gDy*0, gDz*1)), rgb(0.48996288588106496,0.8246784587288525,0.310500492160074)  );
  draw(  ellipsoid( (0.9242951447132334,0.36227237404136725,0.12015495189951506), (-0.36453797292751877,0.7446215288983206,0.5591518979624618), (-0.11309532153647699,0.5606224270465452,-0.820312100690342), 0.6773850714557503, 18.822402218245575, 247.86873405731947,  (gDx*1, gDy*0, gDz*2)), rgb(0.49486360427707843,0.8259290644140171,0.30746264982553406)  );
  draw(  ellipsoid( (0.9105443456094638,0.38000830945773756,0.16279643553132672), (0.40342006702011907,-0.7306940986951816,-0.5507616396023954), (0.090339604848127,-0.5671682456512428,0.8186323576067438), 0.767689281254532, 20.43639980665837, 243.2563706766269,  (gDx*1, gDy*0, gDz*3)), rgb(0.48563112308656864,0.8235649725761525,0.3131814817254249)  );
  draw(  ellipsoid( (0.9222605494567369,0.38168833334145225,0.061233120994950443), (-0.35721412714050677,0.7809203436573078,0.5124075372527206), (-0.14776178899500278,0.4944465927207676,-0.8565564900576141), 0.7882414801268817, 20.553652597649975, 317.7514625470748,  (gDx*1, gDy*1, gDz*0)), rgb(0.5005257586445988,0.8273520696285712,0.3039408760100185)  );
  draw(  ellipsoid( (0.9212768063160597,0.3792326444594619,0.08620700389391135), (-0.36543942572784655,0.7683122303136147,0.5255000883674718), (-0.133052892744892,0.5156344811267007,-0.8464147976054143), 0.9029205925897164, 24.855485430070008, 381.10443638942314,  (gDx*1, gDy*1, gDz*1)), rgb(0.5035301346194391,0.8281019190589114,0.3020693638425926)  );
  draw(  ellipsoid( (0.9117527440605778,0.39283080611970295,0.11996204175217608), (-0.3939473818489045,0.7536931860508111,0.5260722779570984), (-0.11624282357375741,0.5269065752711019,-0.8419364981420385), 1.0353404973490028, 27.27996133942218, 361.7792730749231,  (gDx*1, gDy*1, gDz*2)), rgb(0.49172754429431,0.8251287787973904,0.3094066210986152)  );
  draw(  ellipsoid( (0.8998431873108865,0.4104522842648097,0.14768602029977113), (-0.4240650756566736,0.7437758792493439,0.5166877713427761), (-0.10223037639803761,0.5275664543814977,-0.8433401368088979), 1.1812673059043228, 27.207002264679744, 280.82484351005587,  (gDx*1, gDy*1, gDz*3)), rgb(0.4659242077633359,0.8183403996650617,0.3252983359338787)  );
  draw(  ellipsoid( (0.9083406676882626,0.4077934639209021,0.09285322938397556), (-0.39189642609583564,0.7523674879417745,0.5294906555374655), (-0.14606307759646917,0.517346744332634,-0.8432187874398152), 0.876493253024643, 17.41013550407875, 272.83687806248145,  (gDx*1, gDy*2, gDz*0)), rgb(0.48330424389507265,0.8229577162444083,0.3146169037345456)  );
  draw(  ellipsoid( (0.9088313394921541,0.4031774524586852,0.10711460304655589), (-0.3931575061774648,0.7419671585727461,0.5430579259487909), (-0.1394731934574306,0.5356609724708434,-0.8328352483404965), 1.0515391321613763, 20.750510043679327, 263.81249593866136,  (gDx*1, gDy*2, gDz*1)), rgb(0.46875633129684346,0.819108758423652,0.3235661481837284)  );
  draw(  ellipsoid( (0.9032961494054997,0.41174233293506807,0.1205168774005729), (-0.40667354482655554,0.7322973354733258,0.5462208714401809), (-0.13664806770460167,0.5424102356407506,-0.8289260774428225), 1.2355365848075495, 22.429428734003984, 204.08200282166652,  (gDx*1, gDy*2, gDz*2)), rgb(0.43859411313150265,0.8106888200235367,0.3418955300151357)  );
  draw(  ellipsoid( (0.8923237115444449,0.4328701925626445,0.12799136770237735), (-0.43047113891600086,0.7307053595139421,0.529871943150382), (0.13584179171340166,-0.5279138887814747,0.8383638432421291), 1.4605219601084325, 20.438311106088314, 132.93732328517433,  (gDx*1, gDy*2, gDz*3)), rgb(0.3895761184064287,0.7956619805752888,0.3710416967959532)  );
  draw(  ellipsoid( (0.8924460741725864,0.4305327579697185,0.134838974369157), (-0.424758464464279,0.7010958561847168,0.5727519945897758), (-0.15205344968098025,0.5684242647491458,-0.8085626776475072), 0.8622849731087564, 10.12199815463285, 116.89246155061561,  (gDx*1, gDy*3, gDz*0)), rgb(0.42165678372901694,0.8056976715877046,0.35205966848206766)  );
  draw(  ellipsoid( (0.8978137397275416,0.42095185814345676,0.1293445858241347), (-0.410927025490158,0.6952217605850678,0.5897505263505998), (-0.15833340922956562,0.5826373114850865,-0.797160143752291), 1.0493069302406512, 11.482151951571248, 89.20759070344977,  (gDx*1, gDy*3, gDz*1)), rgb(0.38189131814502053,0.7931414768718736,0.3755378509837314)  );
  draw(  ellipsoid( (0.8946971858590912,0.4297714388230391,0.1217105418104686), (-0.4084128929029484,0.6767674805047534,0.6125232128188228), (-0.18087524575371686,0.5977309492599686,-0.7810261569053302), 1.2957088300519402, 11.61953953130058, 57.95209699518243,  (gDx*1, gDy*3, gDz*2)), rgb(0.32016688263276905,0.7710513817643758,0.41094982566181876)  );
  draw(  ellipsoid( (0.8828396388500401,0.4593599336835884,0.09789087496462615), (-0.41711145789135123,0.6710121113697503,0.6129932936752747), (-0.21589859603731273,0.5820061835765312,-0.7840003817013091), 1.6253443956688678, 10.13574763638544, 34.331784332326016,  (gDx*1, gDy*3, gDz*3)), rgb(0.23668845294162494,0.7342200456285972,0.45715749662944166)  );
  draw(  ellipsoid( (0.91429430864255,0.4005335027705853,0.060322718292256106), (-0.36647471006976723,0.7545646736730712,0.5443605791421081), (-0.17251725729074374,0.5198125300557668,-0.8366795859430908), 0.41922732217779735, 5.426924613016849, 39.50687664233066,  (gDx*2, gDy*0, gDz*0)), rgb(0.39181535514655863,0.7963872155840188,0.36972776872821195)  );
  draw(  ellipsoid( (0.9218735714053174,0.3765595304848098,0.09138948706205163), (-0.35788622843894585,0.737007205007063,0.5733566318282398), (-0.1485481936549621,0.5612693647160308,-0.8141929343792608), 0.4029830790923834, 5.843871304953075, 73.42611061252458,  (gDx*2, gDy*0, gDz*1)), rgb(0.44498424247456947,0.8125190256427384,0.338035339861822)  );
  draw(  ellipsoid( (0.9218478333962851,0.3663953488908971,0.12629734903667864), (-0.36755018485487245,0.7232028348916899,0.5847089200771373), (0.12289602790865112,-0.5854332651257019,0.8013516446657705), 0.39718557946823146, 6.027579685550223, 117.97504653768117,  (gDx*2, gDy*0, gDz*2)), rgb(0.4801585608513699,0.8221367729169979,0.3165574353664202)  );
  draw(  ellipsoid( (0.9121608435614961,0.37369004731251304,0.16828055149883364), (-0.3980948896350986,0.7103335163101643,0.5804711486825648), (-0.09738097514195572,0.5964746802220608,-0.7967025175900928), 0.40622864315177976, 6.0864868967143275, 153.06844199803328,  (gDx*2, gDy*0, gDz*3)), rgb(0.4962179897887835,0.8262746876643189,0.3066230974758026)  );
  draw(  ellipsoid( (0.9017705284817157,0.42624021243082155,0.07161840035029697), (-0.39976915329137575,0.7595565847898598,0.5130871452093316), (0.16430014619136488,-0.49131769336071496,0.8553434316999241), 0.6489186719247059, 11.24280013673072, 143.34064010191105,  (gDx*2, gDy*1, gDz*0)), rgb(0.4594438051891187,0.8165729543313536,0.32925677780909895)  );
  draw(  ellipsoid( (0.9116327940177444,0.4010530947712981,0.08990030058773325), (-0.38240605944503453,0.7474912748311411,0.5431596448108386), (-0.15063616621223852,0.5295405642872697,-0.8348026929779269), 0.649365627423238, 11.660659034591664, 229.1817411542209,  (gDx*2, gDy*1, gDz*1)), rgb(0.49151913484225157,0.8250755951568454,0.30953580931250985)  );
  draw(  ellipsoid( (0.9130612855528224,0.39040830179009645,0.11790015571660686), (-0.38583597391600877,0.733309629222654,0.5598103151261316), (-0.13209727497913312,0.5566312474005627,-0.820190200112377), 0.6510971203480939, 11.325752932755627, 289.96404745583214,  (gDx*2, gDy*1, gDz*2)), rgb(0.5065278773242625,0.8288486800754192,0.3002012567880374)  );
  draw(  ellipsoid( (0.9066362459756213,0.39227720769456575,0.15533611880881745), (-0.4077023994526713,0.7198116129230333,0.5618273715134176), (-0.10857933027868198,0.5727039673552958,-0.8125396573778644), 0.6734437817078864, 10.955753541082286, 281.6748475103415,  (gDx*2, gDy*1, gDz*3)), rgb(0.502733286025589,0.8279030370051439,0.3025657437402736)  );
  draw(  ellipsoid( (0.8911479116764284,0.4448906688957196,0.08903758894006433), (0.42422710129391966,-0.7474418099966592,-0.5112358625885669), (0.1608936482354075,-0.4933589295821419,0.8548158869365169), 0.7834516785691484, 13.700250906542609, 258.9943383324292,  (gDx*2, gDy*2, gDz*0)), rgb(0.4872088018281594,0.8239756488761609,0.3122076853617083)  );
  draw(  ellipsoid( (0.9031366034595345,0.41894649770646475,0.0939580095099008), (-0.4005091911653967,0.7431873552559771,0.5359710279293705), (-0.1547147804303646,0.5216861001091679,-0.8389916266979494), 0.807163817801769, 14.010855663788648, 328.97170147707544,  (gDx*2, gDy*2, gDz*1)), rgb(0.5008999593306017,0.8274454647873601,0.3037077756448251)  );
  draw(  ellipsoid( (0.906872811622063,0.40587646116808795,0.11334020385707749), (-0.3967373079109765,0.7316588680488562,0.5543237405316659), (-0.1420605928899538,0.5476674164811492,-0.8245478693639432), 0.8449295515492243, 13.697703873461206, 331.3074580245968,  (gDx*2, gDy*2, gDz*2)), rgb(0.4985706125736638,0.8268640930305022,0.30515879270602864)  );
  draw(  ellipsoid( (0.9049712965188994,0.40169111896433196,0.1402540460096791), (0.4067366043432953,-0.7200202004415471,-0.5622599449039565), (0.12486908009666674,-0.5658755657397638,0.8149800960357957), 0.9118075386333304, 12.762576549877803, 257.8039108816769,  (gDx*2, gDy*2, gDz*3)), rgb(0.47693369906757593,0.8212917548140402,0.31854516996199944)  );
  draw(  ellipsoid( (0.883648255630292,0.4551474253256815,0.10957454787013908), (0.4380796497093323,-0.7213836557107111,-0.5363691282913282), (0.16508173985056887,-0.5219640241365816,0.8368402336617516), 0.783096098220559, 10.333368548599832, 190.3092795977955,  (gDx*2, gDy*3, gDz*0)), rgb(0.46633453197541197,0.8184523102455596,0.3250476964828729)  );
  draw(  ellipsoid( (0.8990320359411714,0.4264005263404189,0.09961922248284165), (0.40472573266069634,-0.7223246098367758,-0.5607532784981394), (0.16714807708656063,-0.5444536244353261,0.8219682300220016), 0.8337393784927838, 10.535577332215505, 194.0946359150095,  (gDx*2, gDy*3, gDz*1)), rgb(0.46334206665467875,0.8176361543344353,0.3268755921884364)  );
  draw(  ellipsoid( (0.9070590854543008,0.40776463987613537,0.10474642696289473), (-0.388345661922575,0.7143080238107167,0.5821955805273219), (-0.1625775579861019,0.5687636113415782,-0.806273211791736), 0.9216031796028548, 10.562517681937448, 155.81371469205294,  (gDx*2, gDy*3, gDz*2)), rgb(0.4393507196684191,0.8109090905523637,0.3414401940514179)  );
  draw(  ellipsoid( (0.9081342074478137,0.40322590423990606,0.11269929641768527), (-0.38681640645730375,0.7050556725827258,0.5943648427139496), (-0.16020402291637087,0.5833569822234328,-0.796259569696076), 1.0629714357629325, 9.425388699416256, 102.17920748266727,  (gDx*2, gDy*3, gDz*3)), rgb(0.39262596371235275,0.7966497522331164,0.36925212391252066)  );
  draw(  ellipsoid( (0.900688612002928,0.42228289484185044,0.10216252215086336), (-0.4013097150747015,0.7185305067822122,0.5680355828730795), (-0.16646482149361264,0.5526219933619041,-0.8166384730453342), 0.3224286527954535, 2.3785163753790797, 10.698381899616027,  (gDx*3, gDy*0, gDz*0)), rgb(0.28756990444915176,0.7578148294058629,0.4291748742937668)  );
  draw(  ellipsoid( (0.8981833401030626,0.41347371699000274,0.14935251226469964), (-0.4163977004771522,0.6911785854295361,0.590664979561989), (-0.1409951864378575,0.592715486892401,-0.792974595431189), 0.29731587052915076, 2.3556052977918065, 20.819602511243282,  (gDx*3, gDy*0, gDz*1)), rgb(0.36349667012201464,0.7869149712541922,0.38622037512122365)  );
  draw(  ellipsoid( (0.8958364877167521,0.40632843442537003,0.1799282930857215), (-0.42752649241409796,0.677585576684445,0.5984136400127477), (-0.12123566125283051,0.6130048854998111,-0.7807220534825132), 0.273488645098569, 2.2772368113239008, 39.37160920890987,  (gDx*3, gDy*0, gDz*2)), rgb(0.427958540479473,0.8075734940775865,0.34828700970077614)  );
  draw(  ellipsoid( (0.888206728468868,0.40860649634874113,0.2100703183323074), (-0.4480906492630637,0.6693898332229673,0.5925639385085242), (-0.10150653942301996,0.6204498225637058,-0.7776493040793059), 0.2517962313674681, 2.0679921379999984, 64.00277281827832,  (gDx*3, gDy*0, gDz*3)), rgb(0.4729572887547032,0.820230228708932,0.3209867220777121)  );
  draw(  ellipsoid( (0.8823207637482093,0.45715648612155657,0.1118839445844118), (-0.44291774369376097,0.7261364833449823,0.5258799101283587), (0.15916639777291078,-0.5135501482351787,0.8431680159183111), 0.541084448817167, 5.405080391560214, 41.794692647440584,  (gDx*3, gDy*1, gDz*0)), rgb(0.3729100053655356,0.7901363997107408,0.38076716676082434)  );
  draw(  ellipsoid( (0.8855562117292175,0.4404546631214309,0.14761397495624926), (0.4412866389648878,-0.6983762055766024,-0.5635040175149593), (0.1451078844820993,-0.5641545579174322,0.8128181448775096), 0.5013989177247238, 5.11727505435767, 76.79407259105453,  (gDx*3, gDy*1, gDz*1)), rgb(0.43184864333832684,0.8087250143649378,0.3459550442264756)  );
  draw(  ellipsoid( (0.8867463247023585,0.4299237034227493,0.16984276511564253), (0.4424665878744268,-0.6830597276386946,-0.581078933616522), (0.13380685424006353,-0.5904193575022924,0.7959275771356074), 0.450291869275645, 4.4657325555785885, 121.61815112479957,  (gDx*3, gDy*1, gDz*2)), rgb(0.4756005575342821,0.8209358648459415,0.3193637309944515)  );
  draw(  ellipsoid( (0.8838037549901261,0.4248336022980728,0.19597788911965536), (0.4534123604137709,-0.6744652790088266,-0.5826781434338842), (0.11536097299072098,-0.6038319284121935,0.7887197525995184), 0.4016335142600972, 3.870715770040757, 157.29412574127124,  (gDx*3, gDy*1, gDz*3)), rgb(0.5018533535260741,0.8276834183924854,0.30311387899136955)  );
  draw(  ellipsoid( (0.8668913135872302,0.48131193549648243,0.12976236424956422), (-0.4750781170315685,0.7188355779021706,0.5075196495307268), (-0.15099746072284298,0.5016116353222703,-0.8518130864013369), 0.7452619849423145, 8.805357436272317, 118.14705680815366,  (gDx*3, gDy*2, gDz*0)), rgb(0.43422395822499466,0.8094165387447685,0.3445255478630658)  );
  draw(  ellipsoid( (0.8743788912070372,0.4630553364552844,0.1450562304481812), (-0.4616828317111349,0.7018649230223845,0.5424339524163011), (-0.14936705632347042,0.541262769097475,-0.8274805721430534), 0.6778011112373555, 7.987826765844181, 184.78212465511226,  (gDx*3, gDy*2, gDz*1)), rgb(0.47508752067591753,0.8207989066411322,0.3196787402939002)  );
  draw(  ellipsoid( (0.8780797260780283,0.45036859972467014,0.16169143153789803), (0.45649970985904137,-0.6870986042833636,-0.5652464266941144), (0.14347128475533294,-0.5701435191018956,0.808920489341666), 0.6129224877750684, 6.6856746699885115, 237.07418742746293,  (gDx*3, gDy*2, gDz*2)), rgb(0.49988222933978066,0.8271914538845144,0.3043417489147907)  );
  draw(  ellipsoid( (0.8813117731883244,0.43620513170929076,0.181699316207111), (-0.4549355042529041,0.6792872109774626,0.5758494351587194), (0.12776245696528943,-0.5901643568303161,0.7971090179625697), 0.561657972309338, 5.639313107711692, 243.4964493086779,  (gDx*3, gDy*2, gDz*3)), rgb(0.508206675821248,0.8292583200337414,0.29915073407873144)  );
  draw(  ellipsoid( (0.8525811702932224,0.5002915080142323,0.15104222942702003), (-0.5006220080923867,0.6989505029162386,0.5107306525818512), (-0.14994316614966172,0.5110544016853619,-0.8463689771270161), 0.8221777788676625, 9.327788798690664, 172.50638514592134,  (gDx*3, gDy*3, gDz*0)), rgb(0.4560249285816276,0.815624300200873,0.33133733709582347)  );
  draw(  ellipsoid( (0.866592078592583,0.4768547160002694,0.14706375878811576), (-0.47373915253585797,0.693548565028986,0.5427352976367406), (-0.1568100273426231,0.5399999701616073,-0.8269284416140668), 0.7525597359233593, 8.115069753235792, 220.52494730999607,  (gDx*3, gDy*3, gDz*1)), rgb(0.4808082990458533,0.8223063380727731,0.3161566201853243)  );
  draw(  ellipsoid( (0.8782482288742308,0.4538747418421279,0.15059139151033343), (-0.4524937135828835,0.6868785447731607,0.5687242775706666), (-0.15469158880575412,0.5676227474723391,-0.8086253328363542), 0.6987539176845434, 6.815330785180108, 235.93287453411403,  (gDx*3, gDy*3, gDz*2)), rgb(0.49160090417357116,0.8250964617283063,0.3094851223894351)  );
  draw(  ellipsoid( (0.8870522922861459,0.43221814977274164,0.1622519699631461), (0.438914962227132,-0.6805615816872046,-0.5866767333588113), (0.14314987489707806,-0.5916277584245335,0.7934007239589037), 0.6718081871878923, 5.6818155123117275, 203.95886323258674,  (gDx*3, gDy*3, gDz*3)), rgb(0.48557194724322894,0.8235495291849846,0.31321798654623745)  );
