import settings;
import three;
surface ellipsoid(triple v1,triple v2,triple v3,real l1,real l2, real l3, triple pos=O) {
  transform3 T = identity(4);
  T[0][0] = l1*v1.x;
  T[1][0] = l1*v1.y;
  T[2][0] = l1*v1.z;
  T[0][1] = l2*v2.x;
  T[1][1] = l2*v2.y;
  T[2][1] = l2*v2.z;
  T[0][2] = l3*v3.x;
  T[1][2] = l3*v3.y;
  T[2][2] = l3*v3.z;
  T[0][3] = pos.x;
  T[1][3] = pos.y;
  T[2][3] = pos.z;
  return T*unitsphere;
}

size(200);

real gDx=1.5;
real gDy=1.5;
real gDz=1.5;

currentprojection=perspective(up=Y, camera = (gDx*-2.0,gDy*6.0,gDz*14.0), target = (gDx*1.5,gDy*1.5,gDz*0.0) );
currentlight=Viewport;

  draw(  ellipsoid( (0.35254646636493014,-0.8847414594988381,-0.30486642796061864), (-0.5282264319112125,-0.457064296620873,0.7155900120773176), (-0.7724557111472156,-0.09124022467274165,-0.6284802269902507), 0.5174485256038204, 0.8981019512455832, 1.207776883352135,  (gDx*0, gDy*0, gDz*0)), rgb(0.17202173394422474,0.4504806161908903,0.5579211511888931)  );
  draw(  ellipsoid( (-0.5881028871935021,0.6994733807321621,0.4060443125100839), (-0.018097373161180052,-0.5132967393754722,0.858020362480503), (0.8085836253346539,0.4972559170021294,0.3145299252011479), 0.5860321728815243, 0.917283402398506, 1.1030237357675339,  (gDx*0, gDy*0, gDz*1)), rgb(0.19882201518080095,0.388935823007848,0.5547528199754058)  );
  draw(  ellipsoid( (-0.79528667619781,0.517973994947097,0.3149953066646937), (0.27773131670052154,-0.15056230635172002,0.9487867556146878), (-0.5388732860200383,-0.8420415265677791,0.024117403454150563), 0.6115534219344821, 0.8212844862240888, 1.1941271661918869,  (gDx*0, gDy*0, gDz*2)), rgb(0.19579905867078515,0.3955676941878669,0.5552860068432631)  );
  draw(  ellipsoid( (0.9183551722523753,-0.3892880258822128,0.07126437049493682), (-0.062605710838553,0.0349016450224682,0.9974278922033036), (0.39077397887744475,0.920454620325986,-0.007680452645207107), 0.5784246441682954, 0.7431672332716143, 1.3033858222542203,  (gDx*0, gDy*0, gDz*3)), rgb(0.17512763463288608,0.4429989812304695,0.5577337109727385)  );
  draw(  ellipsoid( (0.2844221979181597,-0.9140894676465731,-0.2890405827371092), (-0.8359823588246433,-0.38405885782077065,0.39195955080006684), (-0.46929469319968725,0.13015083121904816,-0.8733975338112665), 0.561339537789098, 0.974182461808194, 1.3609609361989379,  (gDx*0, gDy*1, gDz*0)), rgb(0.1684392163447081,0.45922020782869577,0.5580712847039968)  );
  draw(  ellipsoid( (0.618729727364812,-0.6869265130451289,-0.3811895724580169), (-0.7225467718477052,-0.6880565936871941,0.06711398048123501), (0.30838237136309377,-0.23390188019602545,0.9220576031209976), 0.6461339423231518, 0.9935879651119726, 1.1091096454849674,  (gDx*0, gDy*1, gDz*1)), rgb(0.2117287169960841,0.36110712709716486,0.5518846703858046)  );
  draw(  ellipsoid( (0.8555517034765663,-0.42899776348596175,-0.2898140810975005), (0.28230941167517215,-0.08266037600322239,0.9557555431796481), (-0.43397313137792687,-0.8995155258043348,0.05038988072011592), 0.6324302186469946, 0.8902415400049034, 1.1250115236575982,  (gDx*0, gDy*1, gDz*2)), rgb(0.21030688417982496,0.3641468756256407,0.5522549246381181)  );
  draw(  ellipsoid( (0.9450185402149165,-0.32525451605217853,0.03390366407530704), (-0.08227000933384582,-0.13612297229124806,0.9872700653715807), (0.31649897979974206,0.9357777707352631,0.1553974246358789), 0.5686469846547695, 0.7261184520577627, 1.1905783236653629,  (gDx*0, gDy*1, gDz*3)), rgb(0.18457368850796146,0.4208290794445977,0.5568661613359345)  );
  draw(  ellipsoid( (0.25084832243729444,-0.9255149616647577,-0.28372024049242145), (0.9361547819763522,0.3065244028852801,-0.17221212099800298), (0.24635207186708086,-0.2224069382247435,0.9433163894029891), 0.6177927067843987, 0.9613587571473677, 1.6151969439432654,  (gDx*0, gDy*2, gDz*0)), rgb(0.1617865508440427,0.47572890912346244,0.5581339835958707)  );
  draw(  ellipsoid( (-0.5614322547367409,0.7675523028779596,0.30928512037917416), (0.8208730261122882,0.5638465914901215,0.09079920851101347), (0.10469621933228485,-0.30486141705980585,0.9466246447488114), 0.6766919076442109, 0.8494978065761422, 1.3123243121122,  (gDx*0, gDy*2, gDz*1)), rgb(0.19545690084889067,0.396323940737395,0.555342190712881)  );
  draw(  ellipsoid( (0.9372415738149047,-0.3225040458670404,-0.13254951041912688), (0.34813269810784575,0.844212640343307,0.40756428007460854), (-0.01954115710780502,-0.4281310059829493,0.9035053873081864), 0.6278112090610488, 0.9208793807019976, 0.9915328792085034,  (gDx*0, gDy*2, gDz*2)), rgb(0.22648215227901386,0.3294603634621313,0.5470642954707639)  );
  draw(  ellipsoid( (0.9720347056091599,-0.23195615294476638,0.036672526533875587), (-0.13542848628678789,-0.4261082050923272,0.8944780168651797), (0.19185321522815976,0.874430180554205,0.4456054343727845), 0.5422176843270996, 0.7366921096985698, 1.0612128119289579,  (gDx*0, gDy*2, gDz*3)), rgb(0.1955640670162417,0.3960870791516021,0.5553245935410831)  );
  draw(  ellipsoid( (0.3679308275921615,-0.8918901661478194,-0.26298067920697576), (-0.9188915901641842,-0.39204730862446896,0.04401310402422474), (-0.14235572216417686,0.2254569567104218,-0.9637966637408487), 0.6433841891151051, 0.9033898960452621, 1.6349607732480975,  (gDx*0, gDy*3, gDz*0)), rgb(0.16350331437792695,0.47143700892095797,0.558147343570481)  );
  draw(  ellipsoid( (0.5567886366434565,-0.7920828602727004,-0.25018224670615413), (0.8291889255545756,0.5478793945125908,0.11078761124857432), (0.04931672984261662,-0.26913363136318463,0.9618393569754233), 0.6498540010338159, 0.76905451996169, 1.3738152803539543,  (gDx*0, gDy*3, gDz*1)), rgb(0.18054184265236695,0.4301796844294413,0.5572900119797825)  );
  draw(  ellipsoid( (-0.975893458938924,0.21745313141690012,0.018603559799320084), (0.21821194605191174,0.9706454950807905,0.10114776062575294), (-0.003937435772200879,-0.10276895696829512,0.994697460579441), 0.5941363691842794, 0.7425759567382271, 1.0588833922185015,  (gDx*0, gDy*3, gDz*2)), rgb(0.20970805535759368,0.36542894265196035,0.5524043133177067)  );
  draw(  ellipsoid( (-0.9860277755190049,0.14111544761080358,-0.08851924282688761), (0.1660240044574775,0.7890806997868085,-0.5914285072330081), (0.013610872453536453,0.5978612545311524,0.8014840388189213), 0.5017544218626648, 0.6746241631636922, 0.9616211901235864,  (gDx*0, gDy*3, gDz*3)), rgb(0.1986873775402667,0.3892300895566412,0.5547773609500183)  );
  draw(  ellipsoid( (-0.457238273942874,0.6978244453767746,0.5513385568562553), (-0.18007087114276235,-0.6797404401142759,0.7110045115462611), (-0.8709234422195946,-0.22581846139730938,-0.43646120135073196), 0.5404706139977504, 0.8608961528792071, 1.2670674409983604,  (gDx*1, gDy*0, gDz*0)), rgb(0.17278695936781757,0.4486272419606351,0.557880935549063)  );
  draw(  ellipsoid( (-0.573657723578306,0.5956879118827687,0.5622034576696435), (0.1553344197821049,-0.5947989329726379,0.7887239360927043), (-0.804231331278453,-0.5397871256072692,-0.2486801657123652), 0.6145753939604207, 0.8660247594133984, 1.2374274195729158,  (gDx*1, gDy*0, gDz*1)), rgb(0.19163065135340884,0.4048242366588268,0.5559424694134343)  );
  draw(  ellipsoid( (0.7673093330429354,-0.5778952709246155,-0.27798101242381795), (0.169027480495207,-0.23589393666476424,0.9569659144829781), (0.6186001117544748,0.781275307742261,0.08332343757662974), 0.7113204773894176, 0.8340668671645322, 1.2528574342187033,  (gDx*1, gDy*0, gDz*2)), rgb(0.2095399440608266,0.3657888617846664,0.5524462517209959)  );
  draw(  ellipsoid( (-0.8054370651832568,0.415629507244646,-0.4225201140023455), (-0.4069890372878835,0.13037628905693327,0.9040807191723672), (-0.4308492283345352,-0.9001411755715405,-0.06414675739443576), 0.6728248271468892, 0.9070597438448846, 1.2015394707462335,  (gDx*1, gDy*0, gDz*3)), rgb(0.21019996859329015,0.3643757773468123,0.552281596664759)  );
  draw(  ellipsoid( (-0.4771620918719208,0.6585240986373981,0.581947033323665), (-0.20653789143130416,-0.7276789331460977,0.6540836870450661), (-0.8542004668012794,-0.1919098271823498,-0.483230980740388), 0.5860696243127065, 0.9295794893309028, 1.2905588135476882,  (gDx*1, gDy*1, gDz*0)), rgb(0.1796226689088048,0.43233831543839074,0.5573745074543459)  );
  draw(  ellipsoid( (-0.5541342299674124,0.4594194102408812,0.6941678908393445), (0.3783325475473167,-0.6038068386341657,0.7016279534660601), (0.7414848202389449,0.6514223722843235,0.16077672170648258), 0.6243712905856864, 0.8887589534304372, 1.234626127752251,  (gDx*1, gDy*1, gDz*1)), rgb(0.19417461695734642,0.39915807956586496,0.5555527475564357)  );
  draw(  ellipsoid( (-0.49750484954836754,0.27508425046757623,0.8226892364803056), (-0.6974499537922116,0.43707665584769206,-0.5679150982922008), (-0.5158027594256324,-0.8563250855006469,-0.02559025813103344), 0.6727664380206748, 0.7377668755415041, 1.3401471969860972,  (gDx*1, gDy*1, gDz*2)), rgb(0.18517322382459356,0.419450292856951,0.556797095446021)  );
  draw(  ellipsoid( (0.6112539935229956,-0.298616251742652,0.7329371662000496), (-0.6843401167868955,0.26576586075717934,0.6790045005830916), (-0.39755145573659845,-0.9166225185162998,-0.04190463686212937), 0.5907510687156705, 0.7586248605637919, 1.3211749667543264,  (gDx*1, gDy*1, gDz*3)), rgb(0.17604729258622692,0.44079930530848804,0.5576693520162154)  );
  draw(  ellipsoid( (0.4780917837064647,-0.6878431687086495,-0.5461684919630714), (-0.48109194823481316,-0.7253435218836312,0.4923690816908411), (-0.7348324868267619,0.027359651355495396,-0.6776965882913255), 0.6709363612457735, 1.0041684038072463, 1.246868642833051,  (gDx*1, gDy*2, gDz*0)), rgb(0.2021442523513366,0.3817076273041749,0.5541108650670816)  );
  draw(  ellipsoid( (0.6093399074573218,-0.4125428632904889,-0.6771360743070683), (0.5030055126729265,-0.459032583824038,0.732307682062993), (-0.6129358297575274,-0.78682747342471,-0.0721955376982446), 0.6912052717801287, 0.9528465971342337, 1.1489683202758154,  (gDx*1, gDy*2, gDz*1)), rgb(0.22203299151807906,0.33906631371082874,0.5487361166987927)  );
  draw(  ellipsoid( (-0.45488342287098543,0.12484489320194353,0.8817566695174873), (-0.7954066387112123,0.3883367461082064,-0.4653201593701068), (-0.400511361500903,-0.9130215354872444,-0.07734549143426363), 0.6893929706027907, 0.7352642701850375, 1.2731144554638536,  (gDx*1, gDy*2, gDz*2)), rgb(0.1952948138863269,0.396682189762607,0.555368806128893)  );
  draw(  ellipsoid( (0.5145870175665918,-0.2952103495893205,0.8050161804878654), (-0.8054116793437643,0.15564178213194182,0.571915782638887), (-0.2941296111046555,-0.9426698707130426,-0.1576746229463692), 0.5521642597431303, 0.7060114270108255, 1.3065062738445725,  (gDx*1, gDy*2, gDz*3)), rgb(0.1691728739744101,0.45742178129693944,0.5580461858903492)  );
  draw(  ellipsoid( (0.4701878365620665,-0.7388151701876126,-0.482778979088498), (0.8025991277412211,0.5854666900403463,-0.114295209883145), (0.367094045849445,-0.3337377700438621,0.8682517275237842), 0.7326970750982046, 0.9969151398234661, 1.266105808431326,  (gDx*1, gDy*3, gDz*0)), rgb(0.21572397631444376,0.3525731384580605,0.5507685874439617)  );
  draw(  ellipsoid( (-0.7471868821881851,0.4097775513244905,0.5232534008646327), (0.6483804056070196,0.27648996187749686,0.7093350059075452), (-0.1459952489322047,-0.8692730637788596,0.4722814075080008), 0.7519883798161522, 0.9397203144117544, 1.0472151132081438,  (gDx*1, gDy*3, gDz*1)), rgb(0.2570621419002588,0.25683860530120256,0.5268340147981201)  );
  draw(  ellipsoid( (0.9665760815763871,-0.2558174222433315,0.01697424523253773), (-0.05087501049809834,-0.1264918759914335,0.9906621717896501), (0.2512815389782064,0.9584139250787964,0.13527873588927203), 0.6995414287289026, 0.7412904045871803, 1.0997409815575148,  (gDx*1, gDy*3, gDz*2)), rgb(0.22615195636954685,0.3301774624692307,0.5471974637024313)  );
  draw(  ellipsoid( (0.6000815899391899,-0.35459421696527427,0.7170530152721193), (-0.7866975240863986,-0.09917838042438437,0.6093198293611708), (-0.14494513104062803,-0.92974544373779,-0.33847351275459525), 0.5542706516700235, 0.676006024537489, 1.1913191457996422,  (gDx*1, gDy*3, gDz*3)), rgb(0.17950417525390558,0.43261659153104537,0.5573854000387715)  );
  draw(  ellipsoid( (0.5490382266213245,-0.5536935630395128,-0.6260834321055941), (-0.4698463039475965,-0.8239865395436817,0.31668696423694376), (-0.69123185428284,0.12028973729889667,-0.7125509825445959), 0.5833722346762464, 0.8880573378032298, 1.2069389264984491,  (gDx*2, gDy*0, gDz*0)), rgb(0.18754932220206175,0.4140243191683754,0.5565054224546953)  );
  draw(  ellipsoid( (-0.649673746832686,0.5265332333629955,0.5483491377222074), (-0.3611479099808576,-0.8484828557136884,0.38684496982176525), (-0.6689515750731413,-0.05328787595930262,-0.7413934127593187), 0.7308328592680703, 0.8956138371208695, 1.1841272731755712,  (gDx*2, gDy*0, gDz*1)), rgb(0.22765579001939704,0.326911529772212,0.5465909665832035)  );
  draw(  ellipsoid( (0.20076019680403467,-0.9706331004717503,0.13253953239619534), (0.9276534810657157,0.144870594859926,-0.34419693463421686), (0.31488785693618965,0.19205180294266408,0.9294954236254237), 0.8155447502148983, 0.8881404353437253, 1.101125608154224,  (gDx*2, gDy*0, gDz*2)), rgb(0.2624773204511913,0.24125023822931435,0.5203753016811659)  );
  draw(  ellipsoid( (0.07906419180756509,-0.9733120244829537,0.21543573652184625), (-0.9184283575078609,-0.15515085158838185,-0.3638922441833746), (0.3876057348637011,-0.1690914434508561,-0.9061842406776209), 0.7116835562391489, 0.7856764647280872, 1.191649592472202,  (gDx*2, gDy*0, gDz*3)), rgb(0.21595723526258373,0.352074901248749,0.5507006349156595)  );
  draw(  ellipsoid( (0.5411424646398519,-0.4581346191624532,-0.7051790578912427), (-0.26488922752843397,-0.8887448968421608,0.3741205761200612), (-0.7981218767224064,-0.01565819472005065,-0.6022925292872333), 0.5439346260532154, 1.0034305048769603, 1.16316536695097,  (gDx*2, gDy*1, gDz*0)), rgb(0.17810343137369167,0.43591928902870225,0.5575074447146313)  );
  draw(  ellipsoid( (0.5714678820546385,-0.37602665506338534,-0.7294027793077209), (0.4764502228772299,-0.571652573877887,0.6679884129975795), (-0.6681464247455218,-0.7292580403812007,-0.14752310205234895), 0.6375815408145888, 0.9488076926968767, 1.1165963417186493,  (gDx*2, gDy*1, gDz*1)), rgb(0.21079185070682332,0.3631096045145912,0.5521302759246383)  );
  draw(  ellipsoid( (-0.47385183764728095,0.22257286102149257,0.8520127683873067), (-0.7337321608152018,0.4352062990049738,-0.5217591335969581), (-0.48693074676359155,-0.8723856938551324,-0.04291443828305724), 0.779876824611037, 0.8123647355230876, 1.1108616045195996,  (gDx*2, gDy*1, gDz*2)), rgb(0.24718106553034735,0.28232873135511005,0.5356590743896968)  );
  draw(  ellipsoid( (-0.6671874262873317,0.26778519660537076,-0.6950913800955304), (0.6430689697493066,-0.2638733384180752,-0.7189110942374344), (0.3759298316835978,0.926640140373336,-0.0038486230298812375), 0.6617435671084004, 0.9486948785891177, 0.9722485143516815,  (gDx*2, gDy*1, gDz*3)), rgb(0.2383170933604147,0.3032028515287545,0.5414256968245844)  );
  draw(  ellipsoid( (-0.5617770618565833,0.33013860696253294,0.7585611596731162), (0.17936578089891259,-0.8465084045369129,0.5012498755021225), (0.8076103326569742,0.4176505970799121,0.41633343529493766), 0.5753181198323001, 1.1086018099211736, 1.2014496262500725,  (gDx*2, gDy*2, gDz*0)), rgb(0.17788948031128632,0.43642480873818246,0.5575255420789325)  );
  draw(  ellipsoid( (-0.49302060433224043,0.2152520234584266,0.8429693055508755), (-0.7348336847516577,0.4156975094509382,-0.5359244689231762), (-0.46577906721768264,-0.8836640464754351,-0.04677299978070316), 0.598605129793756, 0.9237708621016695, 1.2666854536600982,  (gDx*2, gDy*2, gDz*1)), rgb(0.18460520092615834,0.4207566084852583,0.5568625311357682)  );
  draw(  ellipsoid( (-0.02459615204228783,-0.016261617099164703,0.9995652000315101), (0.9331383218229105,-0.359109732786315,0.017119350561971752), (0.3586752035619898,0.9331536634592728,0.024007055677518867), 0.6177969063611106, 0.7803007747053611, 1.3193555149959617,  (gDx*2, gDy*2, gDz*2)), rgb(0.18154355457325666,0.42784403725432335,0.5571909380203641)  );
  draw(  ellipsoid( (0.4428849646604153,-0.1913463417999434,0.8759220773319518), (-0.8545309876791486,0.20558849746517927,0.4769802520085174), (0.27134793010789954,0.9597499399269526,0.07245932401264421), 0.530055355377914, 0.8437018028487738, 1.2340806105942437,  (gDx*2, gDy*2, gDz*3)), rgb(0.17352355195373792,0.44685231435970685,0.5578368821018022)  );
  draw(  ellipsoid( (0.6000769283954943,-0.20904774145013227,-0.7721442363975964), (0.79013806708587,0.004235431023976832,0.6129142648575298), (0.12485797911721142,0.9778962638841812,-0.1677181627973732), 0.6427047675417696, 1.146623146291018, 1.206931621032824,  (gDx*2, gDy*3, gDz*0)), rgb(0.19162839681782867,0.40482928128015394,0.5559427998870738)  );
  draw(  ellipsoid( (0.47683075383147466,-0.08917730890007607,-0.8744597416564401), (-0.8369212593660106,0.25804264638125,-0.48267670160239967), (-0.26869171520855895,-0.9620090437339462,-0.048408283923116274), 0.6238504587890628, 0.9234796032373427, 1.3412300136644841,  (gDx*2, gDy*3, gDz*1)), rgb(0.18298667697525273,0.4244925851504655,0.5570416813960752)  );
  draw(  ellipsoid( (-0.04543133779263224,-0.08950407023344822,0.9949497549916869), (0.9729336769717131,-0.22986101717059318,0.023748115706363874), (0.2265746096999272,0.9690990321927612,0.09752441767259848), 0.579219285366276, 0.7688477130042662, 1.39351375788382,  (gDx*2, gDy*3, gDz*2)), rgb(0.16826451712224333,0.4596484507911324,0.5580772612563443)  );
  draw(  ellipsoid( (-0.3570610193812954,0.2071132909529673,-0.9108301231014605), (0.9214573375356938,-0.08166965000986479,-0.3797978980575016), (0.15304836993584708,0.9749021248196651,0.1616850131647406), 0.4829884100812975, 0.7727061249436176, 1.3208833841264795,  (gDx*2, gDy*3, gDz*3)), rgb(0.1576656584964845,0.4860922856963531,0.5580096570967987)  );
  draw(  ellipsoid( (-0.8588193418332666,0.0537638380621279,0.5094494948568545), (0.22323490197284393,0.9343654528998984,0.27771816463519783), (0.46108081356119085,-0.35223663941162814,0.8144530884107156), 0.5845925131448481, 0.6633834086324535, 1.5175596547775871,  (gDx*3, gDy*0, gDz*0)), rgb(0.15505513254638492,0.4927041690971725,0.5578558437968749)  );
  draw(  ellipsoid( (0.5392879839228544,0.841932686110031,-0.017827575717722022), (0.7280242257436175,-0.47675676602779754,-0.4926293868387493), (-0.4232602002631827,0.2526902018406407,-0.8700565871062104), 0.5628350571802554, 0.7223623689397201, 1.5271384580063114,  (gDx*3, gDy*0, gDz*1)), rgb(0.15482296777906632,0.4932927985312882,0.5578405257091342)  );
  draw(  ellipsoid( (-0.40972754545810414,-0.9096607994332429,-0.06812171802994109), (-0.8826654264477557,0.376500012782806,0.28133518323940265), (0.230271759985194,-0.17539945937493867,0.9571885635569934), 0.466163803522186, 0.8281845366369829, 1.3892946191290292,  (gDx*3, gDy*0, gDz*2)), rgb(0.15027839061404202,0.5048753310780077,0.5574052472585439)  );
  draw(  ellipsoid( (-0.3635638345342997,-0.9204169904214062,-0.14371465465399627), (-0.9063186152443246,0.38515003512737916,-0.1739138237834727), (-0.21542494256776856,-0.06702249014308448,0.9742176758480077), 0.4010739831361488, 0.8236754101842755, 1.3526086015451118,  (gDx*3, gDy*0, gDz*3)), rgb(0.1402185115323003,0.530973150152005,0.5555764849986756)  );
  draw(  ellipsoid( (0.7367148833208332,-0.2999975030045666,-0.6060137612996886), (0.5300205015694852,0.8127176352545542,0.24200891153483703), (0.41991600184989686,-0.49949128474606075,0.7577460048414161), 0.5415276142787548, 0.7668600265406504, 1.371941938262335,  (gDx*3, gDy*1, gDz*0)), rgb(0.16396194361675537,0.4702951576285775,0.5581464191653369)  );
  draw(  ellipsoid( (-0.8667062200775559,0.09052019781104345,0.49053687105774707), (0.2766036883640132,0.9055700722082222,0.3216103914742478), (0.41510327349022336,-0.414426034545424,0.8099014348849223), 0.6414074969307938, 0.7251719630608863, 1.2824920426350293,  (gDx*3, gDy*1, gDz*1)), rgb(0.18630096742568766,0.4168692504860719,0.5566613801255572)  );
  draw(  ellipsoid( (0.5670876649929912,0.8140988480327198,0.12511852718360908), (0.7772505174556988,-0.4786569223629621,-0.40837382848177933), (0.2725678141814351,-0.32883220083473563,0.9041991873290635), 0.6066445007004906, 0.7663452366311219, 1.151707560538669,  (gDx*3, gDy*1, gDz*2)), rgb(0.1990715831185998,0.38839036264881277,0.5547073301673455)  );
  draw(  ellipsoid( (-0.4866909158570348,-0.8355768150941131,-0.25483982910726355), (0.8296034711182517,-0.5334758519283992,0.1648077550293577), (-0.2736604339885266,-0.13120556957098806,0.9528352771506541), 0.48626367972078677, 0.7726294657561095, 1.088647542370197,  (gDx*3, gDy*1, gDz*3)), rgb(0.17776524839420826,0.43671834167007556,0.5575360504177831)  );
  draw(  ellipsoid( (0.6962420781370486,-0.25853916813940603,-0.6696300972695208), (0.618242720446589,0.6899930747521527,0.3764113380450583), (-0.3647230555451697,0.6760673452636612,-0.6402421709181148), 0.5229637544872002, 0.9044661513059499, 1.294902498966954,  (gDx*3, gDy*2, gDz*0)), rgb(0.16653464203322307,0.4639119732310508,0.5581202079168461)  );
  draw(  ellipsoid( (0.7192611149650013,-0.22866816392928005,-0.6560292061368267), (0.6498299097627317,0.5554319479225266,0.5188607131058851), (-0.24573265325768684,0.7995037348456849,-0.548096014481713), 0.5941063127377919, 0.8506142935496107, 1.1407426470452295,  (gDx*3, gDy*2, gDz*1)), rgb(0.1983714736217029,0.38992053507764934,0.5548349420990542)  );
  draw(  ellipsoid( (0.8733880445967287,-0.11148245776157804,-0.47409385691753136), (0.4657152827711045,0.47597380363821246,0.7460282927902953), (-0.14248718871861155,0.8723649464883432,-0.46762891397929707), 0.7009471510438741, 0.7355988755646133, 1.0056204422647583,  (gDx*3, gDy*2, gDz*2)), rgb(0.24620458327725375,0.2847004461204719,0.5363759448924972)  );
  draw(  ellipsoid( (0.6994011757388093,0.4122799240590848,0.5838349592076569), (0.630642905992423,-0.7403812629379368,-0.23264804020635482), (-0.33634434809671415,-0.530905688148337,0.7778249351847348), 0.587996943985333, 0.8193340796325547, 0.8708933950854154,  (gDx*3, gDy*2, gDz*3)), rgb(0.23994111953349617,0.2994797105439565,0.5404868023952839)  );
  draw(  ellipsoid( (0.6834548314692063,-0.15186250761803344,-0.7140218989088231), (0.6749435616835973,0.5040895865686625,0.538836596061269), (0.27810192714769044,-0.8501949585201016,0.44702108521158485), 0.5336278068785296, 1.0547530806027376, 1.308369350771961,  (gDx*3, gDy*3, gDz*0)), rgb(0.16425652441412997,0.4695626544393953,0.5581450370838479)  );
  draw(  ellipsoid( (-0.6296657472287368,0.13020026785363506,0.7658778864921734), (0.7761867974335894,0.14665827195841127,0.6132091052454789), (0.03248233761085309,-0.9805810734034257,0.19340541933027625), 0.5674959798756687, 0.8736427424290493, 1.2503052539443766,  (gDx*3, gDy*3, gDz*1)), rgb(0.1798727881086159,0.4317509237026853,0.557351515130388)  );
  draw(  ellipsoid( (0.23978038068862295,-0.09783034070305799,-0.9658853935507787), (0.9707762988736389,0.013977790463062661,0.23957879480239888), (-0.009937131478361083,-0.9951049421099737,0.09832297598368095), 0.6132340870363497, 0.7128170411202224, 1.191361193634862,  (gDx*3, gDy*3, gDz*2)), rgb(0.19211730008652997,0.4037353389720865,0.5558711356188343)  );
  draw(  ellipsoid( (-0.48560259169704023,-0.041205451067244034,-0.873208012869478), (-0.8721355094492829,-0.045435176688834226,0.4871501800029376), (0.059747603255341036,-0.9981171051142244,0.013873297504307784), 0.5463598242490497, 0.7514521868365681, 1.04203715818513,  (gDx*3, gDy*3, gDz*3)), rgb(0.1995568192958568,0.3873309980277566,0.5546176035848767)  );
