import settings;
import three;
surface ellipsoid(triple v1,triple v2,triple v3,real l1,real l2, real l3, triple pos=O) {
  transform3 T = identity(4);
  T[0][0] = l1*v1.x;
  T[1][0] = l1*v1.y;
  T[2][0] = l1*v1.z;
  T[0][1] = l2*v2.x;
  T[1][1] = l2*v2.y;
  T[2][1] = l2*v2.z;
  T[0][2] = l3*v3.x;
  T[1][2] = l3*v3.y;
  T[2][2] = l3*v3.z;
  T[0][3] = pos.x;
  T[1][3] = pos.y;
  T[2][3] = pos.z;
  return T*unitsphere;
}

size(200);

real gDx=1.5;
real gDy=1.5;
real gDz=1.5;

currentprojection=perspective(up=Y, camera = (gDx*-2.0,gDy*6.0,gDz*14.0), target = (gDx*1.5,gDy*1.5,gDz*0.0) );
currentlight=Viewport;

  draw(  ellipsoid( (0.46806792456204455,0.39281744214811465,0.7915850397401359), (0.8657848443808336,-0.38326748947513506,-0.321749335278075), (-0.17700005999048735,-0.8359428740384355,0.5194906063710144), 0.23713934113031274, 0.395836245693161, 1.0589155925840579,  (gDx*0, gDy*0, gDz*0)), rgb(0.12334680676266536,0.5821864817810278,0.547324603740078)  );
  draw(  ellipsoid( (-0.4889363715550439,-0.29844703212818474,-0.8196771276450665), (0.8675707129647665,-0.26428268141911204,-0.42127867535365565), (0.09089709883376255,0.9171063369728739,-0.3881413197635659), 0.2657620623724558, 0.43171674108333213, 1.0340774650383924,  (gDx*0, gDy*0, gDz*1)), rgb(0.1301784936737402,0.5588522556897617,0.5519818924421916)  );
  draw(  ellipsoid( (-0.3154620744028305,-0.1383344762244302,-0.9388009652216893), (0.9482749566510985,-0.008973598963349063,-0.317323306912685), (0.035472330087265906,-0.9903449132546487,0.13400994958891102), 0.3193411782774085, 0.4434123389874408, 0.9219303288698133,  (gDx*0, gDy*0, gDz*2)), rgb(0.1508574684678109,0.5033944300725275,0.5574715329746507)  );
  draw(  ellipsoid( (-0.17348621630852845,-0.18005325049704862,0.9682372435185489), (-0.9777648189461947,-0.08611476875527388,-0.19120723164498962), (0.11780700990206598,-0.9798801322547941,-0.16111000847328405), 0.3158678661905377, 0.4897094359512175, 0.921098379680226,  (gDx*0, gDy*0, gDz*3)), rgb(0.15164997184772422,0.5013697543085881,0.5575578180167079)  );
  draw(  ellipsoid( (-0.5007922918647627,-0.48486038537075365,-0.7170198652108342), (-0.8516774550741305,0.42383220838557795,0.3082397957004523), (-0.15444284679871365,-0.765033767773115,0.6251965620823426), 0.3061167088441159, 0.6361763483665208, 1.0854104634930697,  (gDx*0, gDy*1, gDz*0)), rgb(0.13682620954616598,0.5400427288256704,0.5546128844625757)  );
  draw(  ellipsoid( (0.49946973132133277,0.36332706117938174,0.7864626082075037), (0.8251430711123697,0.07707397261998442,-0.5596414163907284), (0.26394866866313677,-0.9284681197323513,0.26130069068341516), 0.35916896049058167, 0.6348883007068613, 0.8091857255166615,  (gDx*0, gDy*1, gDz*1)), rgb(0.17491984355121662,0.4434967781166132,0.5577478996426419)  );
  draw(  ellipsoid( (0.05453927415044301,-0.15225293993973496,0.9868356042699566), (-0.8392120907010944,-0.5425220221386823,-0.03732187449276083), (0.5410624126625698,-0.8261288626928989,-0.15736126534028738), 0.3935818790471219, 0.535596425832098, 0.8493582320078766,  (gDx*0, gDy*1, gDz*2)), rgb(0.18190531077466982,0.42700112529393164,0.5571549180421042)  );
  draw(  ellipsoid( (-0.25066778575810655,-0.4460467662296211,0.859190283650383), (0.8758128537130017,0.2736457442927808,0.39757999434269625), (-0.412453035452785,0.8521503910499297,0.32205931841701996), 0.3146714083017495, 0.7088353587328411, 1.000940181176771,  (gDx*0, gDy*1, gDz*3)), rgb(0.1427444987424021,0.52433726465054,0.5561657781375641)  );
  draw(  ellipsoid( (0.5538263238016969,0.6267506168375755,0.548142378728389), (0.7607755279289835,-0.6484436836076366,-0.027228391317438684), (-0.3383740521503892,-0.4320931074237102,0.8359417128892707), 0.48038222132565855, 1.114652308186362, 1.2227840469155138,  (gDx*0, gDy*2, gDz*0)), rgb(0.15564272222178394,0.49121439706105785,0.5578946126002002)  );
  draw(  ellipsoid( (-0.603224793212548,-0.7201915518377883,-0.34270100308455054), (-0.01281202432580468,-0.4208753534890482,0.9070279978358682), (0.7974683071359976,-0.5515324700205296,-0.24465533639530412), 0.548997494929568, 0.7560874326174177, 1.2389926077129476,  (gDx*0, gDy*2, gDz*1)), rgb(0.1764754619522177,0.4397808468228855,0.5576368739353564)  );
  draw(  ellipsoid( (-0.3884462451259918,-0.7059772998737474,0.5922039907924387), (0.5153612350192511,0.36631665799681185,0.7747353764437757), (-0.7638797759379089,0.606142028023977,0.22153900283252673), 0.4767129572786296, 0.7729976778754379, 1.346872117991143,  (gDx*0, gDy*2, gDz*2)), rgb(0.15477666959754569,0.4934103977903853,0.557836935681127)  );
  draw(  ellipsoid( (0.3513691827118299,0.64297043741997,-0.6805356082119385), (0.609113773009361,0.3950185144947359,0.6877069032201675), (0.7109993733968554,-0.6561626245149482,-0.25284481647630075), 0.39083541768332264, 1.1472752146489082, 1.4918589115091592,  (gDx*0, gDy*2, gDz*3)), rgb(0.12786784235730878,0.5659975622357231,0.5507298104276217)  );
  draw(  ellipsoid( (0.5350951663092701,0.8095489409404165,0.2414615398250921), (0.4855799281283426,-0.5286269123815424,0.6962511909539766), (0.6912924825219273,-0.2553117696625184,-0.6759664221545802), 0.6808786363691501, 1.5204175439069372, 2.00703191125215,  (gDx*0, gDy*3, gDz*0)), rgb(0.14781298972776993,0.5112033532278988,0.5570779133626269)  );
  draw(  ellipsoid( (0.4603755641620921,0.8839846000822592,-0.08139758436123022), (0.3456978278015957,-0.09407010914680038,0.9336186729165004), (-0.817647449562275,0.4579541913581728,0.34889913562774705), 0.6373705523193269, 1.2788704943807363, 2.0935183478054853,  (gDx*0, gDy*3, gDz*1)), rgb(0.1422303886594841,0.5256809614581666,0.5560547770969341)  );
  draw(  ellipsoid( (0.3943163263821525,0.827313258299317,-0.4000842503656591), (0.34327712027624524,0.27124210694071127,0.8992155126093033), (-0.8524526106730697,0.49191512689134836,0.1770425217063308), 0.5492858943304506, 1.389279877736305, 2.235905319394335,  (gDx*0, gDy*3, gDz*2)), rgb(0.1274439299245885,0.567358931980104,0.5504764393686824)  );
  draw(  ellipsoid( (-0.3833624025988536,-0.7599578176690523,0.5248784465353153), (0.1941427085527178,0.48929432451552934,0.850235069091311), (0.9029628325625862,-0.4278494821319562,0.040036778716174205), 0.5232953176652644, 1.8977642380368462, 2.3920228301803754,  (gDx*0, gDy*3, gDz*3)), rgb(0.12017003172808016,0.5994965733133379,0.5427083346681917)  );
  draw(  ellipsoid( (-0.795359161385614,0.4835623877355561,0.36547396838552076), (0.48733780222153084,0.15162400579059918,0.859948851614967), (-0.3604242929185833,-0.8620774779771827,0.35625377336758), 0.33601838704452164, 0.44991764311321386, 1.128859447771393,  (gDx*1, gDy*0, gDz*0)), rgb(0.13723479647792472,0.5389384641444633,0.554739780403937)  );
  draw(  ellipsoid( (-0.9023113553435993,0.3319160764747676,0.27507441937699884), (0.3525075204341997,0.20080548632572187,0.9140107246082086), (-0.24813840100905202,-0.9216880572292812,0.2981919836373612), 0.3789189851372528, 0.530452075501037, 1.4666627173378344,  (gDx*1, gDy*0, gDz*1)), rgb(0.1284054526624206,0.5642916566680815,0.5510414484425573)  );
  draw(  ellipsoid( (-0.9404518423062981,0.23076818371876476,0.24959242313386076), (0.28253967223683274,0.12241548477391441,0.951412519730464), (-0.18900176167166527,-0.96527741839883,0.18032703517303542), 0.41746021681735157, 0.6244212476430491, 1.521926637543969,  (gDx*1, gDy*0, gDz*2)), rgb(0.13336008486176174,0.5496200736134373,0.5533868317033883)  );
  draw(  ellipsoid( (-0.944317580285701,0.10599134451947519,0.3114966170768354), (0.2999968052989876,-0.11151458563182726,0.9473998173958887), (-0.135152596622335,-0.9880942931108933,-0.07350811892522287), 0.44738959914008447, 0.650153376576329, 1.3274241231592048,  (gDx*1, gDy*0, gDz*3)), rgb(0.1492425599969095,0.5075294217754901,0.5572754981206985)  );
  draw(  ellipsoid( (-0.6155192171674508,0.5584977602836775,0.5560722480538697), (-0.7318761622821627,-0.143290433489957,-0.6662020224777118), (-0.2923925039748847,-0.8170361702081346,0.49694921288892435), 0.44475281932887034, 0.47385560424919765, 1.1332928331094516,  (gDx*1, gDy*1, gDz*0)), rgb(0.15426174043091154,0.49471883599671207,0.5577957697381017)  );
  draw(  ellipsoid( (0.8827328792686866,-0.34506089137710316,-0.31892890289224884), (0.39373609608305016,0.17278916067331418,0.9028376335726657), (0.2564265011641658,0.9225382849485707,-0.28838960158933247), 0.4758257972116722, 0.5161803473892284, 1.1006537892568788,  (gDx*1, gDy*1, gDz*1)), rgb(0.1653710380762539,0.4667938323644779,0.5581372741082149)  );
  draw(  ellipsoid( (-0.6521398314369411,0.09261468865367108,0.7524202015489627), (-0.7243436816056322,0.21674207681537228,-0.6544838447629994), (-0.22369593463314608,-0.9718258031063709,-0.07426127688950974), 0.5076537966468985, 0.548948744492039, 1.0943810719297637,  (gDx*1, gDy*1, gDz*2)), rgb(0.17363973536676286,0.4465723534281284,0.557829933511827)  );
  draw(  ellipsoid( (-0.3565360003900706,-0.30358327750995656,0.8835832015391444), (0.9178468154869788,-0.29042158101873816,0.27057813765895483), (-0.17446863249955094,-0.9074648747444108,-0.3821886934209951), 0.46150053717765654, 0.6293464908909072, 1.242915429396028,  (gDx*1, gDy*1, gDz*3)), rgb(0.15706134087888757,0.4876215116347822,0.5579777637064252)  );
  draw(  ellipsoid( (0.40625290375392287,0.5535180248827406,0.7270325813341626), (-0.8965825080280295,0.39501750091419735,0.2002522915466152), (-0.1763473404666938,-0.7331977701148653,0.6567515857680993), 0.6285068207603397, 0.7137343052990582, 1.1449409922502636,  (gDx*1, gDy*2, gDz*0)), rgb(0.2016685264203775,0.3827388884505633,0.5542071056748249)  );
  draw(  ellipsoid( (-0.685031672689666,-0.03124590870443819,-0.7278429092882833), (0.7278272144481546,-0.07270228340031554,-0.681895830678719), (0.03160938659066296,0.9968641187130842,-0.07254498950132826), 0.6998881980645988, 0.7294027075966998, 0.9156651704225065,  (gDx*1, gDy*2, gDz*1)), rgb(0.26612059414893974,0.2297647533553148,0.5150693227629863)  );
  draw(  ellipsoid( (-0.2395322640660639,-0.4516174498350098,0.8594567897665989), (0.9703370768711908,-0.14118560188350388,0.19624623071505182), (-0.03271470190079659,-0.8809700930368265,-0.4720396630096109), 0.5473261476381472, 0.7817124438869455, 1.1146317998022792,  (gDx*1, gDy*2, gDz*2)), rgb(0.19006701605471865,0.4083319450851217,0.5561672577254284)  );
  draw(  ellipsoid( (-0.2763895357198136,-0.5334664276193108,0.7993887634609812), (-0.9507506720359394,0.273201415217625,-0.14640405167308834), (0.14029249505157204,0.8004839519479309,0.5827035768776673), 0.4393073685318617, 0.9238119283213858, 1.5107934831488727,  (gDx*1, gDy*2, gDz*3)), rgb(0.13870630628334352,0.5349897435564965,0.5551725447081123)  );
  draw(  ellipsoid( (-0.5404227060552782,-0.7934535620455612,-0.27995489575483634), (0.8373326531735211,-0.5398222941069144,-0.08640554793842856), (-0.08256710428059316,-0.28111089566638814,0.9561168012478175), 0.8633117934280344, 1.2372041781978795, 1.4398803524421147,  (gDx*1, gDy*3, gDz*0)), rgb(0.21990259587826405,0.34363752257507046,0.5494630791780409)  );
  draw(  ellipsoid( (0.4646863602328621,0.8046002615779801,-0.369709352981745), (0.688750267424598,-0.06603038370982789,0.721985496772392), (-0.5564976691200775,0.5901342283716297,0.5848520640026349), 0.7993214363542444, 1.189521993983857, 1.3946365886352916,  (gDx*1, gDy*3, gDz*1)), rgb(0.2113277961689768,0.36196406357962885,0.5519897743658496)  );
  draw(  ellipsoid( (-0.34095935889868534,-0.6996484720403346,0.6278843294357827), (-0.9094945255370712,0.07652345802067681,-0.40861212462512075), (-0.2378369685257014,0.71037748834277,0.6624178443085015), 0.6026298939796052, 1.330543092171061, 1.644761524856334,  (gDx*1, gDy*3, gDz*2)), rgb(0.15314160116150555,0.4975667632917372,0.5577029290173764)  );
  draw(  ellipsoid( (-0.31976965540047353,-0.6735764366921665,0.6663648785899106), (-0.9412094163732629,0.30669353749385697,-0.141647127008654), (0.10895963479823254,0.6724833514612742,0.7320477716597792), 0.5070398612499427, 1.526308279856986, 2.1538996033835165,  (gDx*1, gDy*3, gDz*3)), rgb(0.1237201044515202,0.5806704443091717,0.5476772767684335)  );
  draw(  ellipsoid( (0.7494167019898776,-0.6441675692214781,-0.1530449265474254), (0.04739283167414095,-0.17836805394983996,0.9828218337196492), (0.6604002773201425,0.7437963297122671,0.10314307355338757), 0.423710169244272, 0.7022407280689509, 1.5246093398897627,  (gDx*2, gDy*0, gDz*0)), rgb(0.13555122983704757,0.5435224144557861,0.5541931537600742)  );
  draw(  ellipsoid( (-0.8343164398188762,0.4702115507257966,0.28777973488763464), (0.2823061906021709,-0.08396623654436866,0.9556426559484805), (-0.47351799648550486,-0.878550379138622,0.06268922012385204), 0.4870323762861019, 1.0373882836338335, 1.6957360967080657,  (gDx*2, gDy*0, gDz*1)), rgb(0.13778461480904405,0.537452942267769,0.5549101604975638)  );
  draw(  ellipsoid( (0.887763756969287,-0.3610680321698245,-0.285491484911174), (-0.3893436044380771,-0.2581868564674627,-0.8841668987417567), (-0.24553425320093866,-0.8960856115865607,0.36978846279000727), 0.5010577345958551, 1.2506641365040745, 1.7728539773478906,  (gDx*2, gDy*0, gDz*2)), rgb(0.1345537944630776,0.5462785032403237,0.553840068554786)  );
  draw(  ellipsoid( (-0.927098382402362,0.283854471323838,0.24477587392630867), (0.3682230566095006,0.5677827504264145,0.7362299429521815), (-0.07000264229356208,-0.7726897096685579,0.6309122305394305), 0.4800635461152418, 1.1576502823190578, 1.560849395938713,  (gDx*2, gDy*0, gDz*3)), rgb(0.13997130675799077,0.5316280915267055,0.555512236673603)  );
  draw(  ellipsoid( (-0.7341763922718705,0.6346554827483815,0.2412414625392563), (0.2944341972886309,-0.022558345636427828,0.9554054764910798), (-0.6117953321966915,-0.7724658822624897,0.1703024728028737), 0.4612903609587701, 0.7324188049828131, 1.318890865230215,  (gDx*2, gDy*1, gDz*0)), rgb(0.1536033645331827,0.4963917732364958,0.557743135965437)  );
  draw(  ellipsoid( (0.8233225528264458,-0.4913043288224441,-0.2841830932474206), (0.33134146538417836,0.00953532401947256,0.9434627236477915), (-0.460817542335803,-0.8709357806843003,0.17064014357535826), 0.4857096996836814, 0.9017180539458384, 1.4721387904315777,  (gDx*2, gDy*1, gDz*1)), rgb(0.14873862737496307,0.5088233268194036,0.5572078387586366)  );
  draw(  ellipsoid( (0.8854229125706156,-0.3815672236585301,-0.2653916346166345), (0.24908770324775242,-0.09252160670769236,0.9640513826466858), (-0.39240486998217483,-0.9196989758185818,0.013122952888886354), 0.5040240724637224, 1.0667075502201926, 1.4527806550045792,  (gDx*2, gDy*1, gDz*2)), rgb(0.15058800269195435,0.5040828572003052,0.557442194467848)  );
  draw(  ellipsoid( (-0.9301231295848656,0.2714728654992553,0.24733266486430475), (0.05207900302307541,-0.569168627451826,0.8205698330847454), (0.3635364373145803,0.7761118197928872,0.5152588688439969), 0.5234747186111866, 1.032911949498684, 1.350802796935106,  (gDx*2, gDy*1, gDz*3)), rgb(0.16036482144113304,0.479294425650667,0.5581064293001547)  );
  draw(  ellipsoid( (-0.6578638213440516,0.6721630555992548,0.33972344525227377), (0.533630349075709,0.09769873181817978,0.8400557174059685), (-0.5314638681151697,-0.7339290050737828,0.42295906704960085), 0.57394377131183, 0.8290867802708124, 1.2420529569736618,  (gDx*2, gDy*2, gDz*0)), rgb(0.18214718219082898,0.4264375515147925,0.557130834963175)  );
  draw(  ellipsoid( (0.8291350944825864,-0.5001395913082174,-0.2497906809778974), (0.2496653929694967,-0.06851638721667085,0.9659051176156808), (-0.50020214578782,-0.8632299194819559,0.06805820641506981), 0.5775708515123054, 0.9141307334009344, 1.2073921642582017,  (gDx*2, gDy*2, gDz*1)), rgb(0.1856165971205729,0.41843165767816665,0.5567455474586043)  );
  draw(  ellipsoid( (0.9060446103919058,-0.35889476356470007,-0.2242269222587192), (0.02089830594532962,-0.4912659690801028,0.8707588692815038), (0.42266585476992924,0.7936323432859987,0.4376085909828321), 0.6022260467721408, 0.8670782428704088, 1.3380444052150247,  (gDx*2, gDy*2, gDz*2)), rgb(0.1788864036251261,0.43406929632183555,0.5574412158587769)  );
  draw(  ellipsoid( (0.9271043320734953,-0.11738165127229815,-0.3559481779629539), (0.18199073570140892,-0.6892387732294183,0.7013054153477403), (0.3276536732121557,0.714962559454546,0.6176338794211234), 0.6466856623271798, 0.7603143199599003, 1.613137494882248,  (gDx*2, gDy*2, gDz*3)), rgb(0.16052345918386282,0.4788957283461993,0.5581109587258479)  );
  draw(  ellipsoid( (-0.49753022870213653,0.8025107890488741,0.329302452143547), (0.8405893280797772,0.35230245812103145,0.41145177058832505), (-0.21418042171493837,-0.4815178205030758,0.8498631275046463), 0.8373984201565239, 1.0751895640470845, 1.3040544001523295,  (gDx*2, gDy*3, gDz*0)), rgb(0.23563041273486232,0.3092911853377131,0.5428882223353712)  );
  draw(  ellipsoid( (-0.8474593933608775,0.5149948441284764,0.12881338100329393), (-0.3772142271076518,-0.7549185153303257,0.5364768979919207), (-0.3735264428015634,-0.4060521465680774,-0.8340261691310812), 0.8455442391322572, 0.9924648399420339, 1.2426107583633492,  (gDx*2, gDy*3, gDz*1)), rgb(0.24723875014863878,0.2821871533755631,0.5356151287371481)  );
  draw(  ellipsoid( (-0.43101965692910965,-0.5923021623698003,0.6807350466905397), (-0.8561916706677868,0.5066305890449433,-0.10129792358719697), (-0.2848822185040969,-0.6265010731802721,-0.7254919206194863), 0.7832195840977018, 0.8554231631441268, 1.5941376193462193,  (gDx*2, gDy*3, gDz*2)), rgb(0.18184513885062362,0.42714132920546155,0.5571609093461579)  );
  draw(  ellipsoid( (-0.30772137242744585,-0.6538592829235367,0.6912131328946864), (-0.9175438128235514,0.3962051021108612,-0.033687811008458635), (-0.25183508194965293,-0.6445847928675023,-0.7218653172880456), 0.6638396410888936, 0.9157430124364501, 2.1001554407879715,  (gDx*2, gDy*3, gDz*3)), rgb(0.1427170194391001,0.5244090855568975,0.5561598451061693)  );
  draw(  ellipsoid( (-0.4934029456914219,0.8525524320945347,-0.17235975084897745), (-0.38608763492840426,-0.03710045376103419,0.9217157340992486), (-0.7794163658394776,-0.5213232268568317,-0.34746542533202057), 0.4494691666637775, 0.9133114419285445, 2.2564808220273855,  (gDx*3, gDy*0, gDz*0)), rgb(0.1205428585898327,0.5965943566009217,0.5435603977497022)  );
  draw(  ellipsoid( (0.611344036834657,-0.7845306678368655,-0.10377909158470863), (-0.2956889280475188,-0.3480936787387952,0.88960600754053), (-0.7340480409733513,-0.5131689994977625,-0.4447820269498877), 0.5796381178384935, 1.2766412965160587, 1.888408952292266,  (gDx*3, gDy*0, gDz*1)), rgb(0.1416227685054705,0.5272740862533052,0.5559169036053011)  );
  draw(  ellipsoid( (0.6688003845178228,-0.700703782878078,-0.2484356140515367), (0.7401629502002922,0.6589240103144167,0.13408189953146624), (0.06974849689858639,-0.2735568629947313,0.9593236106178508), 0.6101379714070665, 1.3887483092282997, 1.776850010780459,  (gDx*3, gDy*0, gDz*2)), rgb(0.14808378634753064,0.5105070730924527,0.5571159232233616)  );
  draw(  ellipsoid( (-0.6927502377537901,0.6628661412432423,0.28408728744060574), (0.7211174136265022,0.6315957216312537,0.28473938993704445), (-0.009315785350208765,-0.40211357004009496,0.915542403678234), 0.5405031200533257, 0.9893837975676248, 1.9402005918677685,  (gDx*3, gDy*0, gDz*3)), rgb(0.13629774093980065,0.5414753497328865,0.5544456992449102)  );
  draw(  ellipsoid( (-0.5943188851206215,0.8019451834372194,-0.06057215161133097), (-0.17027682163803923,-0.051866258652298526,0.9840303324726632), (-0.7859967345999782,-0.5951418435761827,-0.167377773981236), 0.533689861981764, 1.0094685811628081, 1.8380052602284551,  (gDx*3, gDy*1, gDz*0)), rgb(0.1391911710602967,0.5336949737207402,0.5553094800235904)  );
  draw(  ellipsoid( (-0.6983105719577719,0.6998709203640213,0.1501433978596037), (-0.010729753549131403,-0.2199687938593367,0.9754478982071997), (0.7157144804185429,0.6795545780560133,0.16111597674448422), 0.6334485021816731, 1.396243204704886, 1.7039279694560723,  (gDx*3, gDy*1, gDz*1)), rgb(0.1541461607295569,0.4950125247347511,0.5577865297344098)  );
  draw(  ellipsoid( (-0.7530506579392243,0.6144794059772752,0.23522280120582792), (0.6496886940964284,0.7509563271078082,0.11819135137575862), (0.10401589946051083,-0.24182566945335962,0.9647284790306832), 0.6375612953588496, 1.3940934249479702, 1.7739044267662716,  (gDx*3, gDy*1, gDz*2)), rgb(0.15216158571309552,0.5000642438777615,0.5576100783144496)  );
  draw(  ellipsoid( (-0.80299330127619,0.5507714902938508,0.22771149199163546), (0.5880711838418234,0.7942830202348863,0.1526000213021727), (0.09681963044983727,-0.25644736155015757,0.9616967868894644), 0.5805756098121058, 1.0203887482796086, 1.8231121019186096,  (gDx*3, gDy*1, gDz*3)), rgb(0.1461085107425747,0.5155981375561755,0.5568103724112499)  );
  draw(  ellipsoid( (-0.6428180483906948,0.7638695184603409,0.057343835155535844), (0.16280958672667215,0.06309193812794694,0.9846382309321274), (-0.7485171976201143,-0.6422793520816513,0.16492191715022325), 0.6181258730295385, 1.0296319608573061, 1.6169267948524055,  (gDx*3, gDy*2, gDz*0)), rgb(0.16177576941231955,0.4757559320484719,0.5581338011071821)  );
  draw(  ellipsoid( (0.7405105743016355,-0.6584964698274243,-0.1342627594393992), (0.24069766357178607,0.07334329134139506,0.9678250856256488), (-0.6274621296130508,-0.7490014424819433,0.21281004455011807), 0.6493722755262499, 1.2804022610799157, 1.5158694246959603,  (gDx*3, gDy*2, gDz*1)), rgb(0.16813036016553046,0.45997731185739044,0.5580818508364424)  );
  draw(  ellipsoid( (0.8037799933472374,-0.5741546250609713,-0.15583385003204797), (0.5453415524386487,0.8157546716749415,-0.19273532842816665), (0.23778207139841248,0.06993412730280077,0.9687976591424423), 0.6434291796089135, 1.2899754881086638, 1.5274900606055384,  (gDx*3, gDy*2, gDz*2)), rgb(0.1662113479440326,0.4647126649252792,0.5581249495634875)  );
  draw(  ellipsoid( (-0.8659543734498818,0.4818525717592383,0.13394447428703624), (-0.4571285805173703,-0.8712350282867521,0.17883787730890846), (-0.20287060895358047,-0.09363559459516377,-0.9747183651945898), 0.6243188872395575, 1.0148370760304908, 1.65925762581342,  (gDx*3, gDy*2, gDz*3)), rgb(0.16034531662587434,0.4793434462502669,0.5581058723985635)  );
  draw(  ellipsoid( (-0.5887436976940168,0.7892370843464487,0.174601498040231), (0.4571530364655963,0.14696765772562348,0.8771611076837191), (-0.6666273019280418,-0.5962426790116265,0.44732841185104477), 0.7471308040943015, 1.0623299904567522, 1.4950171542692012,  (gDx*3, gDy*3, gDz*0)), rgb(0.1925016779534705,0.40287727208970064,0.5558135056079228)  );
  draw(  ellipsoid( (0.7403202031935465,-0.6688953561373828,-0.06711929142437292), (0.4154422020834004,0.37672476381051495,0.8279409574722142), (-0.5285203624001273,-0.6408256040997092,0.5567843134093139), 0.7267867705629529, 1.2353472140560908, 1.2771393663207902,  (gDx*3, gDy*3, gDz*1)), rgb(0.20157869518848623,0.38293362128548547,0.5542252787694345)  );
  draw(  ellipsoid( (0.8275428931961804,-0.5598660259519165,-0.041506540512350205), (-0.4897070412867403,-0.7560360792520477,0.4342769399627133), (0.27451734669175637,0.3390567501967751,0.8998226194708153), 0.7091974286335885, 1.0698077565461155, 1.4827164182698946,  (gDx*3, gDy*3, gDz*2)), rgb(0.18634809342312872,0.4167616625372871,0.5566555843312451)  );
  draw(  ellipsoid( (-0.901300723837734,0.4311374053779423,0.042160916659303695), (-0.37714186395578786,-0.8288360342078382,0.41327332704951747), (-0.213122076898503,-0.35658290211758437,-0.9096304822596205), 0.7058737202385784, 0.9060303875599056, 1.750030069988516,  (gDx*3, gDy*3, gDz*3)), rgb(0.1640810552439927,0.4699989752310906,0.5581458603306246)  );
