import settings;
import three;
surface ellipsoid(triple v1,triple v2,triple v3,real l1,real l2, real l3, triple pos=O) {
  transform3 T = identity(4);
  T[0][0] = l1*v1.x;
  T[1][0] = l1*v1.y;
  T[2][0] = l1*v1.z;
  T[0][1] = l2*v2.x;
  T[1][1] = l2*v2.y;
  T[2][1] = l2*v2.z;
  T[0][2] = l3*v3.x;
  T[1][2] = l3*v3.y;
  T[2][2] = l3*v3.z;
  T[0][3] = pos.x;
  T[1][3] = pos.y;
  T[2][3] = pos.z;
  return T*unitsphere;
}

size(200);

real gDx=1.5;
real gDy=1.5;
real gDz=1.5;

currentprojection=perspective(up=Y, camera = (gDx*-2.0,gDy*6.0,gDz*14.0), target = (gDx*1.5,gDy*1.5,gDz*0.0) );
currentlight=Viewport;

  draw(  ellipsoid( (-0.49876053016808414,0.8161474095819439,0.29178988909681974), (-0.27087050038399346,-0.46656266136288077,0.841990768977731), (-0.8233268522088764,-0.3409144890653201,-0.4537732975585439), 0.6789532259100316, 0.9416762379337106, 1.774975780242127,  (gDx*0, gDy*0, gDz*0)), rgb(0.16037268494657034,0.47927466264617913,0.5581066538190047)  );
  draw(  ellipsoid( (-0.4761225932733406,0.6563122463574431,0.5852875459600315), (-0.1718684422159748,-0.7221839437868434,0.6700086491283047), (0.8624201497790526,0.2184137967659746,0.45664745552488106), 0.6159383348252595, 1.01517598681209, 1.295548677587861,  (gDx*0, gDy*0, gDz*1)), rgb(0.18391766571413293,0.4223377736019368,0.5569417345287097)  );
  draw(  ellipsoid( (-0.35637216766564855,0.5999670082807648,0.7162670361589424), (0.90261230049261,0.41915226533023264,0.09799190511451819), (0.24143304064010213,-0.6814330249137938,0.6909118029416721), 0.5381363018933439, 0.8799705063258224, 1.0809032136238204,  (gDx*0, gDy*0, gDz*2)), rgb(0.18931899074806913,0.4100176297486428,0.556271052806035)  );
  draw(  ellipsoid( (-0.10269638103588595,0.5954604772966842,0.7967937457709725), (-0.968957889668042,-0.24098327709123282,0.055205690036668), (0.22488677456041553,-0.7663901618235811,0.6017242379095578), 0.4821914453519674, 0.6654098106911613, 1.0673419326017304,  (gDx*0, gDy*0, gDz*3)), rgb(0.1788881414495669,0.434065190221606,0.5574410688623487)  );
  draw(  ellipsoid( (0.44290334692912753,-0.8781579648022797,0.18076286713065534), (-0.40455969615533505,-0.01582386657513193,0.914374681130944), (-0.8001050415574693,-0.478108977222694,-0.3622757628842836), 0.5992514327083501, 0.894416584647288, 1.4383147102271359,  (gDx*0, gDy*1, gDz*0)), rgb(0.1702912591665337,0.4546880737192785,0.5580025870288727)  );
  draw(  ellipsoid( (-0.5402713827082594,0.830993967234797,0.13249852620266614), (-0.22448018790489424,-0.29407848702371797,0.9290460100059761), (-0.8109965957170777,-0.4721936783664238,-0.34542387272175745), 0.7152628346143118, 0.8455705120822992, 1.1870735724184058,  (gDx*0, gDy*1, gDz*1)), rgb(0.22162144465420086,0.3399497600743701,0.5488777526312492)  );
  draw(  ellipsoid( (0.35518164679574304,-0.5428403997343229,-0.7610323897152766), (-0.47740871559810893,-0.8052748919322499,0.3515867840156501), (-0.8036957857612723,0.23844632276423103,-0.545175600251687), 0.7357241921854967, 0.9169572465431456, 0.9542548216924334,  (gDx*0, gDy*1, gDz*2)), rgb(0.2677441326437234,0.2243091490274724,0.512385574554066)  );
  draw(  ellipsoid( (0.11794472850234913,0.6094662192923459,0.7839897758006804), (-0.8644267161739485,-0.32554893325752643,0.3831244503025231), (0.48872844544105515,-0.7228892166828756,0.4884421020145459), 0.6979980196750679, 0.8252708879350175, 1.1061208085146248,  (gDx*0, gDy*1, gDz*3)), rgb(0.2312753054438,0.3189827159362434,0.5450136701049129)  );
  draw(  ellipsoid( (0.4081351280733614,-0.7761449931733481,0.4806502541396231), (-0.2781276340573542,0.39575636108665596,0.8752267830871647), (-0.8695232811179926,-0.4908929132014354,-0.0543452975188142), 0.4786525764010663, 0.847650903042588, 1.0532309682440664,  (gDx*0, gDy*2, gDz*0)), rgb(0.17709156336406878,0.43831536666309046,0.557590140579211)  );
  draw(  ellipsoid( (0.3799443360477432,-0.7238121239243537,0.5759672827212978), (-0.3803374627699041,0.44534902921101616,0.8105600882072574), (0.8431996892308437,0.5270296494894009,0.10608502552239757), 0.6024051417244909, 0.9220949846483883, 1.0089702828546132,  (gDx*0, gDy*2, gDz*1)), rgb(0.21526753819782574,0.35354808263602494,0.5509015560793991)  );
  draw(  ellipsoid( (0.20542943244227585,-0.6223505397215319,0.7553003071591872), (0.405857314790694,0.756443758952944,0.5129061118489695), (-0.8905495990214868,0.20117814307090676,0.40798133098612605), 0.7800512777294968, 0.9541208898004632, 1.0197841649985142,  (gDx*0, gDy*2, gDz*2)), rgb(0.26793100413622906,0.223674620681522,0.5120703972025129)  );
  draw(  ellipsoid( (-0.5326279155621053,-0.7476878747187892,0.3965732537154604), (0.2757130962992853,0.2897227708897412,0.916538599600165), (0.8001810995599863,-0.5975144835286186,-0.05183290345426928), 0.9626917664420542, 0.9703033177937797, 1.2008763920188,  (gDx*0, gDy*2, gDz*3)), rgb(0.27251468175625176,0.20651488553467565,0.5028525334425203)  );
  draw(  ellipsoid( (-0.40628438035005826,0.6431791171733897,-0.6490405422742311), (0.23320886760086315,0.7597718151478706,0.6069270244265228), (-0.8834854986675742,-0.0952229601460109,0.4586784947053205), 0.4248602769071308, 0.6815802201178328, 0.9464353846073411,  (gDx*0, gDy*3, gDz*0)), rgb(0.17819136588724094,0.43571151894687626,0.5575000066448763)  );
  draw(  ellipsoid( (0.4074413979473513,-0.5545336184151316,0.7255921535450404), (0.32160241808545015,0.83076172669423,0.45432019341166546), (-0.8547300111264958,0.048243336404554214,0.5168260718774326), 0.5004978906558227, 0.8041861810202636, 1.041560742953552,  (gDx*0, gDy*3, gDz*1)), rgb(0.18579557875857308,0.41802304526997996,0.556723535388498)  );
  draw(  ellipsoid( (0.33331918823807627,-0.5439130550907717,0.7701018810872577), (0.49847193984651156,0.7949805406432712,0.3457335175886017), (-0.8002649835760436,0.26863456311568606,0.5361076641512216), 0.6561328935630748, 0.9694830614336574, 1.1977520912658823,  (gDx*0, gDy*3, gDz*2)), rgb(0.20508597204715884,0.37535221018668674,0.5534919226272974)  );
  draw(  ellipsoid( (0.17705507283839528,-0.5564743171169092,0.8117806573031042), (-0.6750381010708141,-0.6688938216353648,-0.3112950649797491), (0.7162227748996116,-0.49286650298768264,-0.4940724106320782), 0.904560255996005, 1.1369291362933784, 1.3875935997021704,  (gDx*0, gDy*3, gDz*3)), rgb(0.23883799575620554,0.3020142096838711,0.5411312023992476)  );
  draw(  ellipsoid( (-0.5155558179453471,0.7484917157274321,0.41708794045154224), (-0.2925607734245659,-0.6112804768739413,0.7353532297107198), (-0.8053635157094735,-0.2570920653777004,-0.5341285215038651), 0.6805802656107948, 0.9579994077483487, 1.6886975898740668,  (gDx*1, gDy*0, gDz*0)), rgb(0.1660581411584581,0.4650921070642188,0.5581271965963426)  );
  draw(  ellipsoid( (0.5013010240642178,-0.6217160866397846,-0.6018026178785518), (-0.5342764561777529,-0.7694915553677536,0.34990200712750613), (-0.6806217390344715,0.14612273550350227,-0.7179151722332278), 0.5862884354166433, 1.0521128543250984, 1.2750322832534595,  (gDx*1, gDy*0, gDz*1)), rgb(0.17772096893352685,0.43682296438074575,0.5575397958608859)  );
  draw(  ellipsoid( (0.4168765674884554,-0.5727843139601996,-0.7057847102057305), (0.8953380525014737,0.39269546871804056,0.2101429051650016), (0.15679189781972713,-0.7195195609081535,0.6765411312319645), 0.5171729758941033, 0.8120310968995863, 1.2200723103457287,  (gDx*1, gDy*0, gDz*2)), rgb(0.17220091840291865,0.4500464161318776,0.5579118610030891)  );
  draw(  ellipsoid( (-0.10652323875879999,0.5975295716202323,0.7947397125120131), (-0.9866880759384763,-0.16230259210575032,-0.01022298374164916), (0.1228797802942502,-0.7852491831483149,0.6068643011083621), 0.4539539896357128, 0.6020267060749763, 1.1990001048332686,  (gDx*1, gDy*0, gDz*3)), rgb(0.1583499683141444,0.4843658034670556,0.5580384321493848)  );
  draw(  ellipsoid( (-0.5510382556749399,0.814628256366128,0.18093547112880223), (-0.28643959993540397,-0.3882975269215253,0.8758866286086762), (-0.7837787930095876,-0.43081995603327033,-0.4473085837673194), 0.6760069611110575, 0.9065959323236459, 1.4310230238558943,  (gDx*1, gDy*1, gDz*0)), rgb(0.18420278655167016,0.42168206446229295,0.5569088888833721)  );
  draw(  ellipsoid( (-0.5483706743371509,0.6104063369095466,0.5715712618630222), (0.09544369017937389,-0.6333526793524611,0.7679550023028708), (0.8307707900088701,0.4756768729061022,0.2890526025662282), 0.6686996003058079, 0.9939967307840293, 1.084342586675159,  (gDx*1, gDy*1, gDz*1)), rgb(0.22178579658909792,0.3395970669469979,0.5488215224920323)  );
  draw(  ellipsoid( (-0.26512740633079224,0.5474043205918302,0.7937606491945186), (-0.9577837849974096,-0.24442468346450075,-0.15134991017279986), (-0.11116510067617086,0.8003780881000395,-0.5890986644705469), 0.6398918004318942, 0.8051225212988187, 1.0839198006712512,  (gDx*1, gDy*1, gDz*2)), rgb(0.21934526353339157,0.34483056664491946,0.5496438434310484)  );
  draw(  ellipsoid( (0.2461178086143616,0.555649236781258,0.7941536060154044), (-0.9289815777014241,-0.09845697437776836,0.35679048822488046), (0.2764403237124379,-0.8255665629498212,0.49195588985698857), 0.5754703315565471, 0.7144882029634582, 1.15438126188674,  (gDx*1, gDy*1, gDz*3)), rgb(0.18988838681086373,0.4087344883869939,0.5561920441017713)  );
  draw(  ellipsoid( (0.4959038298455072,-0.7928125678559098,0.35429877757942746), (-0.46936743486050075,0.09854941930907415,0.877486309321301), (-0.7305981129437935,-0.601445129836099,-0.32324936683527444), 0.5930784495638952, 0.8627911342194804, 1.1064089303952078,  (gDx*1, gDy*2, gDz*0)), rgb(0.2023398095052032,0.3812837057107602,0.5540713033402302)  );
  draw(  ellipsoid( (-0.612494991564271,0.6502848274069049,-0.4494213263220332), (-0.4516527078778069,0.1787064315314372,0.8741131750499728), (-0.6487370166526092,-0.7383723007898331,-0.18424610891685173), 0.7517491928746435, 0.8604729841193957, 0.9974220929120642,  (gDx*1, gDy*2, gDz*1)), rgb(0.2672701200202986,0.22591867459966336,0.5131850439715281)  );
  draw(  ellipsoid( (0.4169258606706422,0.2610934448229909,0.8706337001141802), (0.8567965007988749,0.20687253212188245,-0.47233834448653855), (0.30343464357724226,-0.9428859785382031,0.13745344140183263), 0.7941042756566313, 0.9027738794854352, 0.991046069025626,  (gDx*1, gDy*2, gDz*2)), rgb(0.27651295338044296,0.18842969353018457,0.4919481145324315)  );
  draw(  ellipsoid( (-0.5438922017599181,-0.4839798225547185,-0.6855252032016412), (0.6317362133242989,0.30156466233406654,-0.7141205158837102), (0.5523500969850774,-0.8214756757148952,0.14172891225622228), 0.7516324479632821, 0.8981775708896965, 1.2084793210338,  (gDx*1, gDy*2, gDz*3)), rgb(0.22858419352373227,0.32488464265051176,0.5461984471602463)  );
  draw(  ellipsoid( (-0.5105876085180452,0.5777178344682182,-0.6368221084142537), (0.16086624010071013,0.7917474920713767,0.5892859760715046), (0.8446433252111116,0.19843893906196353,-0.4971917543969116), 0.47068624465399644, 0.7927561649259508, 0.8764243903182765,  (gDx*1, gDy*3, gDz*0)), rgb(0.19627849067716796,0.39451283891084404,0.5552036595507374)  );
  draw(  ellipsoid( (0.49675572488418757,-0.4469520738583027,0.7439540264482395), (-0.7003933234657918,-0.7126623584167852,0.039516519841309536), (-0.5125260405475286,0.5406904905485113,0.6670613548925491), 0.5835627179726857, 0.8848524566912149, 0.9777291265936267,  (gDx*1, gDy*3, gDz*1)), rgb(0.21589330690041136,0.35221145116041835,0.5507192583977358)  );
  draw(  ellipsoid( (0.3908412477414606,-0.31871547360793107,0.8635181329577105), (0.7445100374080823,0.6611063221726776,-0.09296900011257282), (-0.5412466381073551,0.6792340374761764,0.4956744890261128), 0.7381484662528229, 0.9508233339120862, 1.160762286520549,  (gDx*1, gDy*3, gDz*2)), rgb(0.2337142797978691,0.3135791105508919,0.5438578682246838)  );
  draw(  ellipsoid( (0.24192203841837398,-0.19888281602177013,0.9496943470500124), (-0.7635017259705019,-0.6430283319477093,0.05983041661739765), (0.5987811301031147,-0.7395675694646147,-0.3074100981240516), 0.8934183938073949, 0.9949427307147694, 1.390342187899812,  (gDx*1, gDy*3, gDz*3)), rgb(0.23222292812106976,0.3168886259710024,0.5445721991335489)  );
  draw(  ellipsoid( (0.5935372264532051,-0.6462003836080682,-0.47972765715458004), (-0.22789723457959554,-0.706630041149581,0.6698782243183565), (-0.7718655396409466,-0.2882690569064382,-0.5666785151609888), 0.8351955983982459, 0.9153033745157932, 1.6390273275839962,  (gDx*2, gDy*0, gDz*0)), rgb(0.1873624378198388,0.4144480121294908,0.5565298322942173)  );
  draw(  ellipsoid( (0.621208826470807,-0.463133452454392,-0.6321447612156872), (-0.47645037490799236,-0.8636662084025079,0.16454701672673847), (-0.6221692970283865,0.19896754931724783,-0.7571771788385411), 0.6469978141122787, 1.0288392952663294, 1.2878770527787873,  (gDx*2, gDy*0, gDz*1)), rgb(0.19132067609793885,0.4055178197623176,0.5559879061107889)  );
  draw(  ellipsoid( (-0.626256117404325,0.4596567206376067,0.6296975262666525), (0.7480698961669132,0.5817356945320726,0.3193352660701772), (0.21953292660210422,-0.6710434269702429,0.7081708926929626), 0.5235182929556023, 0.7770222500197664, 1.265659786604301,  (gDx*2, gDy*0, gDz*2)), rgb(0.1694746825854969,0.4566819530831833,0.5580358608589172)  );
  draw(  ellipsoid( (-0.6612102984532243,0.43907780495125504,0.6082858065240269), (0.7396403492619003,0.5171148342028855,0.4307254368980967), (-0.12543163461875398,0.734712821071274,-0.6666813148651742), 0.4711203615813238, 0.5373436096429313, 1.2514761229889784,  (gDx*2, gDy*0, gDz*3)), rgb(0.15297679074737885,0.49798676770118183,0.5576873141994405)  );
  draw(  ellipsoid( (0.617923504340873,-0.6605950553101875,-0.4263621883830993), (-0.11440050656048699,-0.612052276125539,0.7824989044006714), (0.7778708548864641,0.4347484148208922,0.45377389626213943), 0.7736218842365327, 0.8810477374630886, 1.3882667064669256,  (gDx*2, gDy*1, gDz*0)), rgb(0.20453603914750706,0.3765377579263028,0.5536111786164007)  );
  draw(  ellipsoid( (-0.6147118986100859,0.4399784933547985,0.6546359347701781), (0.747085286218878,0.5909683300877441,0.30433535441772175), (0.2529680944752515,-0.6761474382252339,0.6919767228447887), 0.6503949954698471, 1.0265193564707018, 1.0666878120161802,  (gDx*2, gDy*1, gDz*1)), rgb(0.21536014014994537,0.3533502864161209,0.5508745794646864)  );
  draw(  ellipsoid( (-0.6076393090885422,0.3839841800246237,0.6952198354054755), (-0.7833955970052578,-0.4337616225745934,-0.44513165847222297), (-0.13063616897006358,0.8151116514148677,-0.5643821286013156), 0.57293415675911, 0.7333671641765006, 1.212486325121033,  (gDx*2, gDy*1, gDz*2)), rgb(0.18316530285945204,0.42407909124922216,0.5570225351380855)  );
  draw(  ellipsoid( (0.4455355121897054,0.5585034206840329,0.6996942449828291), (0.8790750855521346,-0.12496029271316732,-0.46001295547685045), (-0.16948481153001962,0.8200358860008954,-0.5466406903363125), 0.5281989783532247, 0.5490952881333019, 1.25983184356196,  (gDx*2, gDy*1, gDz*3)), rgb(0.15991662022715,0.4804208701701064,0.5580936322566556)  );
  draw(  ellipsoid( (-0.55347720770898,0.7756523617403225,-0.3033585243129499), (-0.4462117906223388,0.0313912927116348,0.8943766682173113), (-0.7032481912214763,-0.6303792512992092,-0.3287308641961846), 0.6986048294420911, 0.7875337494381198, 1.1502770214833962,  (gDx*2, gDy*2, gDz*0)), rgb(0.22080220415045199,0.3417078196647133,0.5491580414371383)  );
  draw(  ellipsoid( (-0.6823002000187477,0.33638221553884645,0.6490866214331907), (0.6353900063572806,-0.16628048290975256,0.7540758190159624), (-0.3615881315470307,-0.9269292346627529,0.10028069132116427), 0.7155544476830641, 0.8278424074492126, 0.9898951231414288,  (gDx*2, gDy*2, gDz*1)), rgb(0.259506506836978,0.24998092649274378,0.5240926656009003)  );
  draw(  ellipsoid( (-0.1664176883574878,0.3472055998474089,0.9229048837428215), (-0.9772890710699504,-0.182603391075468,-0.10752708093765519), (0.13119155677474992,-0.9198392647644158,0.36970867237417665), 0.6937381101370301, 0.6980871754957068, 1.1517302373844007,  (gDx*2, gDy*2, gDz*2)), rgb(0.20989155913504937,0.3650360688730991,0.552358534981735)  );
  draw(  ellipsoid( (0.7350810489356014,0.42380427672455884,0.5291935246445384), (-0.6290991609812083,0.13536653602890145,0.765447677229656), (-0.25276490489875175,0.8955812838338626,-0.3661202902025717), 0.6061198755062176, 0.6885688390685021, 1.3336847181434954,  (gDx*2, gDy*2, gDz*3)), rgb(0.17350791564323323,0.44688999233749527,0.5578378172637808)  );
  draw(  ellipsoid( (0.5198283655765424,-0.5381247874771856,0.6634758348611155), (-0.6754700298123556,0.21655940946912702,0.7048703859545232), (0.5229901616352979,0.814569662627462,0.25091344236542557), 0.5360036807426447, 0.7862691885131194, 0.9302612615215505,  (gDx*2, gDy*3, gDz*0)), rgb(0.21276506679789667,0.3588926944473715,0.55160771143684)  );
  draw(  ellipsoid( (-0.651186123399443,0.24799528138988008,-0.7172551659628249), (0.7519309662170692,0.08288132087349472,-0.6540110921797347), (0.10274460927887902,0.9652093177433683,0.24044649759460393), 0.6627098292666126, 0.7859754240824779, 0.9806924118000879,  (gDx*2, gDy*3, gDz*1)), rgb(0.24597527454444304,0.285253829565939,0.5365404137443608)  );
  draw(  ellipsoid( (0.7557095394486293,0.17713158000455903,0.6304978155009175), (-0.615837095784969,-0.13534562061461805,0.7761612167813969), (-0.22281778080188308,0.9748363792686094,-0.006802221180749216), 0.713306112227197, 0.8020594757568559, 1.151667997536457,  (gDx*2, gDy*3, gDz*2)), rgb(0.2247967575230827,0.33310969026615406,0.5477205805936233)  );
  draw(  ellipsoid( (0.8171698055658994,0.3496200048471021,0.4582568723784758), (-0.4579452699640909,-0.08899853681457587,0.8845142113965047), (-0.3500280540026848,0.9326548732814175,-0.08737991048013653), 0.7342214616612104, 0.8166606511730485, 1.4001007317721244,  (gDx*2, gDy*3, gDz*3)), rgb(0.19271974827476424,0.40239233774355354,0.5557796002395519)  );
  draw(  ellipsoid( (-0.19605822034822476,-0.7092131106265643,0.6771838287712424), (0.7311935816169998,-0.5658867721579128,-0.38095683127987423), (0.6533889503473337,0.42046275080212686,0.6295188279566529), 0.8791649823026252, 1.052615299315402, 1.5767845192645258,  (gDx*3, gDy*0, gDz*0)), rgb(0.20710927941941132,0.3709999724937537,0.5530333634154366)  );
  draw(  ellipsoid( (0.7956160203075815,-0.17153503331805262,-0.5810085030139411), (-0.10152847998672393,-0.9832652766509188,0.15126587018946905), (0.5972328825353737,0.061360639478140494,0.7997172975128913), 0.768104118197155, 0.975502299653197, 1.212205839177806,  (gDx*3, gDy*0, gDz*1)), rgb(0.23317749045897693,0.314771665016328,0.5441169387131888)  );
  draw(  ellipsoid( (0.853039832665268,-0.20034201319891318,-0.4818569514221187), (0.42865047317099386,0.7956354631743299,0.42804553681781654), (-0.2976269741416171,0.5716881033280081,-0.7645854411225275), 0.5736849172200889, 0.8082236242791072, 1.170415413985959,  (gDx*3, gDy*0, gDz*2)), rgb(0.1897979163220827,0.40893836479877266,0.5562045976766197)  );
  draw(  ellipsoid( (0.9257566553095194,-0.11926007990978771,-0.3588197994677033), (0.3266966532890685,0.7300647513315265,0.6002289193240848), (-0.19037833878846075,0.6728911443934655,-0.7148241713295643), 0.4514039144398346, 0.6254073581801429, 1.220722052785649,  (gDx*3, gDy*0, gDz*3)), rgb(0.1569912863770136,0.48779878457578185,0.557974066518869)  );
  draw(  ellipsoid( (-0.07165738256956372,-0.5537504486041578,0.829593671741759), (0.7479750358529182,-0.580063589800159,-0.32258266774422095), (-0.6598473802813078,-0.5973999267315382,-0.4557573502172487), 0.8631859619401298, 1.0139664373551454, 1.4218084383181657,  (gDx*3, gDy*1, gDz*0)), rgb(0.2229002536674867,0.33719963944606557,0.5484229884743941)  );
  draw(  ellipsoid( (0.6936960098020726,-0.21632570388545214,-0.6870145819581608), (-0.6461442993090111,0.23454681373686107,-0.7262818575707046), (-0.3182505152472622,-0.9477293822628649,-0.022926568441453597), 0.7355105847883521, 0.998782676754163, 1.0574999457958034,  (gDx*3, gDy*1, gDz*1)), rgb(0.24648894048125383,0.2840142159566044,0.5361719932056694)  );
  draw(  ellipsoid( (0.8116877535201369,-0.19388055206762864,-0.5509748835612972), (0.5556901424708252,0.5468969599848065,0.626188614332879), (-0.1799206946023338,0.8144409411917655,-0.5516470764578426), 0.5717116915833635, 0.7355156492493446, 1.1170815952043807,  (gDx*3, gDy*1, gDz*2)), rgb(0.19493704046623878,0.39747295033314267,0.5554275541507141)  );
  draw(  ellipsoid( (-0.9673845638272707,-0.028598380928343593,0.2516927457774633), (0.18435000089472228,0.601966874640636,0.7769497789468124), (0.1737302012858925,-0.7980087809314272,0.577061350912969), 0.45543376624992976, 0.5533306555310346, 1.1771626426589865,  (gDx*3, gDy*1, gDz*3)), rgb(0.15799124303202863,0.48527057474174345,0.5580237403289569)  );
  draw(  ellipsoid( (0.15537643033848614,-0.4586761405685397,0.8749139174618373), (0.7840003967259088,-0.48157607160722654,-0.3916986918397468), (0.6010004516045617,0.7467936028974141,0.28477670523168175), 0.7001422856229468, 0.907965067528099, 1.2753821599937716,  (gDx*3, gDy*2, gDz*0)), rgb(0.20658491473922774,0.37212620724228807,0.5531554087795365)  );
  draw(  ellipsoid( (-0.3946490066765988,0.08197336560034457,0.9151680331290676), (0.880003625582027,-0.25276226922460754,0.40212542100557935), (0.26428352292880697,0.964049585129613,0.027615519545350152), 0.6926234104838147, 0.8127904102292668, 1.0826876972185575,  (gDx*3, gDy*2, gDz*1)), rgb(0.23392864468123245,0.31309966002393097,0.5437497382523164)  );
  draw(  ellipsoid( (0.7032285533741851,-0.1482081029158007,-0.6953444901265491), (0.7024653743807279,0.2956124700403982,0.6474223237985838), (-0.1095992678597633,0.9437412917673539,-0.3119941901668844), 0.6063069471522491, 0.6853080286050793, 1.1441188791073933,  (gDx*3, gDy*2, gDz*2)), rgb(0.1953598410510441,0.3965384649496809,0.5553581283728684)  );
  draw(  ellipsoid( (-0.9802250121717085,-0.18765198502538807,0.06281447308546974), (-0.023925583434352023,0.42748430551709965,0.9037061109641169), (0.1964344470053542,-0.8843324607027577,0.4235204918030603), 0.5107802795510952, 0.5846786289834839, 1.2830104885080629,  (gDx*3, gDy*2, gDz*3)), rgb(0.15875925620510178,0.48333350397416314,0.5580551947933831)  );
  draw(  ellipsoid( (0.304690645993269,-0.42741155513393964,0.8511656553116976), (-0.8237036578550517,0.3304348475499577,0.4607874733115516), (-0.47820068410701017,-0.8415058966297403,-0.25138005421465776), 0.5344194813873674, 0.8565669358131252, 1.1296919819094353,  (gDx*3, gDy*3, gDz*0)), rgb(0.18406099107618515,0.4220081598471086,0.5569252235853128)  );
  draw(  ellipsoid( (0.24227054674020912,-0.17119118720654636,0.954986156760931), (0.9615440758266298,-0.0888893593445355,-0.25986856685261167), (0.1293753161345411,0.9812197813018914,0.1430725982043944), 0.6179284030911538, 0.7673722032244055, 1.0806180819892672,  (gDx*3, gDy*3, gDz*1)), rgb(0.21303074030220098,0.3583253286452208,0.5515342777724868)  );
  draw(  ellipsoid( (0.2969169908892107,0.1415220559597843,0.9443578814190159), (-0.9465543870434546,-0.08686958830904543,0.3106259277584643), (0.1259964003060653,-0.9861162113584446,0.10816526617163676), 0.6533055340779691, 0.6743467980600055, 1.2227141097142282,  (gDx*3, gDy*3, gDz*2)), rgb(0.19076239675135306,0.4067669940592552,0.5560697396418932)  );
  draw(  ellipsoid( (-0.9708548201764835,-0.19906215248242015,0.1334735089414878), (0.07354619831570695,0.28259295203712187,0.9564163215735352), (0.22810496455227544,-0.9383578650536322,0.25971646508951785), 0.5991247343142279, 0.6748849350668611, 1.4335573359484988,  (gDx*3, gDy*3, gDz*3)), rgb(0.16330020793844646,0.47194443262849356,0.5581462479187509)  );
