import settings;
import three;
surface ellipsoid(triple v1,triple v2,triple v3,real l1,real l2, real l3, triple pos=O) {
  transform3 T = identity(4);
  T[0][0] = l1*v1.x;
  T[1][0] = l1*v1.y;
  T[2][0] = l1*v1.z;
  T[0][1] = l2*v2.x;
  T[1][1] = l2*v2.y;
  T[2][1] = l2*v2.z;
  T[0][2] = l3*v3.x;
  T[1][2] = l3*v3.y;
  T[2][2] = l3*v3.z;
  T[0][3] = pos.x;
  T[1][3] = pos.y;
  T[2][3] = pos.z;
  return T*unitsphere;
}

size(200);

real gDx=1.5;
real gDy=1.5;
real gDz=1.5;

currentprojection=perspective(up=Y, camera = (gDx*-2.0,gDy*6.0,gDz*14.0), target = (gDx*1.5,gDy*1.5,gDz*0.0) );
currentlight=Viewport;

  draw(  ellipsoid( (-0.43793652482582124,0.43638197693886344,0.7859913297399737), (0.8982452548168155,0.17643944817445728,0.40252277367494), (-0.03697380724995616,-0.8822924069325442,0.46924731884862264), 0.08757739788117958, 1.7149748404081417, 2.5113952648087916,  (gDx*0, gDy*0, gDz*0)), rgb(0.30521973863106694,0.7651336876754105,0.41934256728615676)  );
  draw(  ellipsoid( (-0.41588537843069745,0.4328232297643831,0.7998146058830656), (0.9093334667155225,0.18599322291701287,0.3721816321906175), (-0.012328759819430886,-0.882083087245907,0.4709325098950428), 0.09218975619968472, 1.8532781545863937, 3.1402497117595374,  (gDx*0, gDy*0, gDz*1)), rgb(0.3191880516814712,0.7706704723235805,0.4115012243587464)  );
  draw(  ellipsoid( (-0.39680747331090893,0.42793643310009133,0.8120432490638558), (0.9168182981204929,0.22775115769052803,0.32798417401159363), (0.0445874125292699,-0.8746426809824656,0.4827133137253927), 0.10454008909314583, 1.9488963014584855, 3.7348711132706955,  (gDx*0, gDy*0, gDz*2)), rgb(0.31952438698614055,0.7708023785592525,0.4113120677452376)  );
  draw(  ellipsoid( (-0.3838982712079596,0.41923011001010824,0.8227200205564786), (0.9181657362542414,0.26782661496331217,0.29195990321617915), (0.09794793582432887,-0.867476235512078,0.487740897085273), 0.12515191705027107, 2.0962134379410764, 4.221140374589798,  (gDx*0, gDy*0, gDz*3)), rgb(0.3105782627728975,0.7672820582905869,0.41634049840536014)  );
  draw(  ellipsoid( (-0.4356145663556151,0.436677207083879,0.7871168695894103), (0.8992315132600958,0.25024817915582487,0.35882939454447205), (0.04028194556830326,-0.8641116048535731,0.5016856577764754), 0.10818424609927346, 1.778412322453753, 3.33424775835074,  (gDx*0, gDy*1, gDz*0)), rgb(0.3025506082715988,0.7640493380880996,0.4208344899722985)  );
  draw(  ellipsoid( (-0.4117145172059955,0.42288820955704615,0.8072525741919128), (0.9085452802450275,0.2594563334805494,0.32745669142852213), (0.07096921914688721,-0.868244189865078,0.49103502593930676), 0.11026437970470604, 1.9483537582817985, 4.339947905972088,  (gDx*0, gDy*1, gDz*1)), rgb(0.325056015233577,0.7729281916496993,0.40818786669163654)  );
  draw(  ellipsoid( (-0.38697824703169476,0.4187619136227296,0.8215146353068252), (-0.9125384478471464,-0.30181918208781117,-0.27600500452811644), (-0.1323684914358282,0.8564716230108703,-0.4989338046796676), 0.11588883059524702, 2.126405858121329, 5.08470386577841,  (gDx*0, gDy*1, gDz*2)), rgb(0.3350696810436905,0.7767117892212551,0.4025117431485248)  );
  draw(  ellipsoid( (-0.3722635215939703,0.415941749457633,0.8297061718154078), (-0.9020148198730025,-0.3726959719403087,-0.21786917457259394), (-0.2186072625050009,0.8295120092907592,-0.5139267372130749), 0.1319346813003177, 2.351679409804701, 5.124656294156823,  (gDx*0, gDy*1, gDz*3)), rgb(0.32432695968084285,0.772648326327966,0.40859972329035144)  );
  draw(  ellipsoid( (-0.45367925370679324,0.43189907134489547,0.7795115951206012), (-0.8753459449652726,-0.3800504777413475,-0.2988831059150504), (-0.16716641824511594,0.8179393782793382,-0.550482117848626), 0.15937142384203762, 1.7312156141513795, 4.548286260803788,  (gDx*0, gDy*2, gDz*0)), rgb(0.2804649146374413,0.7547589696451111,0.4331112158341976)  );
  draw(  ellipsoid( (-0.42216628762534447,0.4201096022358641,0.8032954299022614), (0.8890376433176556,0.3650542405224887,0.27631045988296893), (-0.17716572568311365,0.830808836968994,-0.5276068442101592), 0.16054611544301617, 1.8837187463269782, 5.558586987422711,  (gDx*0, gDy*2, gDz*1)), rgb(0.3006956338953086,0.7632891106184582,0.4218697345062041)  );
  draw(  ellipsoid( (-0.3979500089910832,0.4136589660701919,0.818854107966576), (0.8878894485865056,0.39825602182080877,0.2303138471134865), (0.23084219162178257,-0.8187053199248212,0.5257694187512707), 0.15907159651615288, 2.148794080725164, 6.175808733611051,  (gDx*0, gDy*2, gDz*2)), rgb(0.3150128144948786,0.7690329997993613,0.41384939808849674)  );
  draw(  ellipsoid( (-0.38725035357226584,0.4137628464476008,0.823915936584391), (0.8629379322842642,0.47730189258203126,0.16589463030059134), (-0.32461560141668155,0.7752310689318314,-0.5418869818326477), 0.1744650578987703, 2.527362334549101, 6.272263089915953,  (gDx*0, gDy*2, gDz*3)), rgb(0.31050601649260234,0.7672530928923664,0.41638097378702993)  );
  draw(  ellipsoid( (-0.46492692244705613,0.43389299935771375,0.7717381822174384), (0.8478793260602892,0.4691137211031954,0.24704850760986874), (-0.2548403524237449,0.7692003521717089,-0.5859925025078909), 0.2375621959220034, 1.5514995698636134, 5.4949636761714675,  (gDx*0, gDy*3, gDz*0)), rgb(0.24728586834315433,0.7394977260800633,0.4513581122267686)  );
  draw(  ellipsoid( (-0.4213836922787763,0.4317642510915537,0.7975057462870443), (0.8686041466213809,0.4449458019758093,0.21805978486700997), (0.26069641415571543,-0.7846036354640817,0.5625251237615062), 0.2282498808677902, 1.7515733102683138, 6.049823696974731,  (gDx*0, gDy*3, gDz*1)), rgb(0.2645190023398153,0.74763675799343,0.44190434653991517)  );
  draw(  ellipsoid( (-0.40054919972723113,0.4176114431678188,0.8155740439305106), (0.8571581244342817,0.485319895221292,0.17246608077734818), (-0.32379050065463444,0.7681570684682179,-0.5523535370106132), 0.22719769614214716, 2.1090331343245703, 6.361749062024775,  (gDx*0, gDy*3, gDz*2)), rgb(0.274233234189592,0.7520249559115091,0.4365544573916952)  );
  draw(  ellipsoid( (-0.39225685214198414,0.4181226605577677,0.8193338774124718), (0.816747626096341,0.5680645019115202,0.10112386925947923), (-0.423152309710881,0.7088555299890875,-0.5643278837610601), 0.24460159478410134, 2.5187424179396336, 6.757594656599931,  (gDx*0, gDy*3, gDz*3)), rgb(0.27578015001127143,0.7527036314528163,0.43569972729317163)  );
  draw(  ellipsoid( (-0.5227062404125009,0.40337870828376987,0.7510418123760793), (0.8485666138779024,0.16151356431850544,0.5038333755845507), (-0.08193221616445685,-0.9006658571548326,0.42671785257934947), 0.06569930202355434, 1.6119892716528468, 2.329044062066655,  (gDx*1, gDy*0, gDz*0)), rgb(0.3314902392886677,0.7753674519667415,0.404543294279358)  );
  draw(  ellipsoid( (-0.5503887596183686,0.39597216082204156,0.7350362311748156), (0.8348676178545715,0.2523073472488641,0.4892208736164823), (-0.008262804825644754,-0.882919617166911,0.4694514625371283), 0.06291039641307283, 1.6971278903078206, 3.068078658981863,  (gDx*1, gDy*0, gDz*1)), rgb(0.35768637862914676,0.7848877206886852,0.38957147336239756)  );
  draw(  ellipsoid( (-0.561213182658549,0.38407076090695336,0.7331639749923724), (0.8276703498595979,0.2590889882979007,0.49782997911542154), (-0.0012472263439115268,-0.8862068306885951,0.4632881367651485), 0.07146738474127368, 1.7687087741328869, 4.076202149728486,  (gDx*1, gDy*0, gDz*2)), rgb(0.365424026809611,0.7875800946997878,0.3851057701679341)  );
  draw(  ellipsoid( (-0.5560526101928103,0.37927311986712675,0.7395656801420809), (0.8311019806623295,0.24445581505196895,0.499510612726527), (-0.008659817371933942,-0.8924086816215617,0.4511449351700083), 0.08926378741637553, 1.8482728081849782, 4.9606086686720205,  (gDx*1, gDy*0, gDz*3)), rgb(0.35755539226287925,0.7848415683513045,0.3896468362377278)  );
  draw(  ellipsoid( (-0.5367461202363989,0.38091142336953043,0.7528679100332085), (0.8426826719263876,0.1972745185098137,0.5009677422566499), (-0.04230268131190984,-0.9033212340542648,0.4268737884439652), 0.06461145074524, 1.6845439654860457, 3.1222217282731135,  (gDx*1, gDy*1, gDz*0)), rgb(0.3556439869528222,0.7841680950330132,0.3907465613785337)  );
  draw(  ellipsoid( (-0.5401224560333219,0.37733512137962294,0.7522539057139933), (0.8415623842477268,0.2354052864344752,0.48616571715618134), (-0.006362853747683697,-0.8956576116419308,0.44469872588085746), 0.061593885112060764, 1.7462151870929827, 4.326190600624489,  (gDx*1, gDy*1, gDz*1)), rgb(0.38473476692585656,0.7940821741054689,0.3738775844376759)  );
  draw(  ellipsoid( (0.5322229216112131,-0.37024462588084317,-0.7613525324828041), (0.8465164714374716,0.2456824507046412,0.4722816924260497), (0.012191197507905982,-0.8958566014838069,0.4441760059719651), 0.069888773983517, 1.7824555174186494, 5.441145678340894,  (gDx*1, gDy*1, gDz*2)), rgb(0.3887999364259235,0.7954105938704712,0.3714971409531448)  );
  draw(  ellipsoid( (-0.522563265725839,0.36056242950805173,0.7726075120921343), (0.8525177147136699,0.23359766648260655,0.46759563333425475), (0.01188189434929976,-0.9030098917736904,0.4294554178788991), 0.08577115092071796, 1.9717640897631918, 5.9370040477901505,  (gDx*1, gDy*1, gDz*3)), rgb(0.37727539511382424,0.7916108973805362,0.37823152005939575)  );
  draw(  ellipsoid( (-0.5649403093924129,0.35835363072457477,0.7432530673802293), (0.8206945229640306,0.3373242797625501,0.46116464550041014), (0.08545728055845873,-0.8705142190850143,0.484666944994561), 0.0839709434960072, 1.8101462669874193, 4.1668009989089345,  (gDx*1, gDy*2, gDz*0)), rgb(0.35027801087672883,0.782261725130872,0.3938282566244173)  );
  draw(  ellipsoid( (-0.5595417302595734,0.3485719309807189,0.7519379369539055), (0.8263592831763733,0.3042415858954676,0.4738854212993278), (0.063587634067904,-0.8865295631529633,0.45828151440949766), 0.08269242393376541, 1.9420711918634281, 5.878148040814208,  (gDx*1, gDy*2, gDz*1)), rgb(0.37985645927111744,0.792468285173701,0.3767259884796676)  );
  draw(  ellipsoid( (-0.5388553316371785,0.3417030969553383,0.7699830680588483), (0.8397564074252676,0.2902244077667338,0.4588888420136805), (0.06666414144346827,-0.8938729141592665,0.44333633460164956), 0.08731884955740421, 2.083796288877369, 6.826313616395317,  (gDx*1, gDy*2, gDz*2)), rgb(0.38729428021859585,0.794922947980648,0.37238062232683017)  );
  draw(  ellipsoid( (-0.5224551762984336,0.3356869015210016,0.7838079438907224), (0.8491313105348173,0.2884560634674536,0.4424580397261235), (0.077566785600518,-0.896720359753301,0.4357476221111409), 0.10165426178199555, 2.3520808795298023, 6.66257420053036,  (gDx*1, gDy*2, gDz*3)), rgb(0.37341580958862974,0.7903072452002226,0.3804733692115081)  );
  draw(  ellipsoid( (-0.59767609445513,0.3440017101462115,0.724186515708035), (-0.774072985431187,-0.4828304467695613,-0.4094945334164493), (-0.20879247913301893,0.8053183116561969,-0.5548586464755688), 0.12720371050728052, 1.848405650027649, 5.284666982437163,  (gDx*1, gDy*3, gDz*0)), rgb(0.3230521564726056,0.772158962782648,0.4093198825586082)  );
  draw(  ellipsoid( (-0.5875552323658474,0.3257664808738461,0.7407125278126361), (-0.7897095000800068,-0.43046643973772386,-0.437101303753391), (-0.17645893120752287,0.8417688781361538,-0.5101836937795051), 0.125772945079067, 2.0644950004795675, 6.599118314354987,  (gDx*1, gDy*3, gDz*1)), rgb(0.34621921110999593,0.7808010274595714,0.39615253913626225)  );
  draw(  ellipsoid( (-0.5632168508526225,0.3152996756157066,0.7637885135770797), (-0.8098522468738121,-0.39418848066871653,-0.4344591809842747), (-0.16409179488655912,0.86325057559478,-0.4773597454605788), 0.12969373648314253, 2.4337231405125936, 7.109700452231681,  (gDx*1, gDy*3, gDz*2)), rgb(0.35350477531725594,0.7834143553886,0.39197735466175776)  );
  draw(  ellipsoid( (-0.5444229768312495,0.3096678448120119,0.7795572129020963), (-0.8170369482253188,-0.4061469667749895,-0.40926185580155555), (-0.18987956059791905,0.8597386040355285,-0.47412581157134026), 0.14553891325538215, 2.8504388493572246, 6.83912601870408,  (gDx*1, gDy*3, gDz*3)), rgb(0.34273601275814075,0.7795370376620786,0.39814369684271567)  );
  draw(  ellipsoid( (0.5030995630996431,-0.34195774744660956,-0.7936975044500196), (0.5738911857404827,-0.554477911745621,0.6026633822587845), (0.6461731474909267,0.7586956862586316,0.08271105799234507), 0.09177310940399441, 1.6765896488747454, 2.1415063881197622,  (gDx*2, gDy*0, gDz*0)), rgb(0.28656204388765666,0.7573827924564096,0.42973350307892644)  );
  draw(  ellipsoid( (-0.5735519757679801,0.3456864669906879,0.7426567158735876), (0.7868881883007879,-0.019497733031425917,0.6167874978623828), (-0.22769521340017232,-0.9381474857111388,0.2608336344272316), 0.06830547852071533, 2.03475798451368, 2.4146411667972796,  (gDx*2, gDy*0, gDz*1)), rgb(0.3412797243897493,0.7790015773766681,0.3989738292280682)  );
  draw(  ellipsoid( (-0.6181880297479453,0.3539618744177815,0.7018223075216432), (0.7841306926364287,0.33974362684643405,0.5193393157491023), (0.05461333849773631,-0.8713697604782265,0.4875778130537218), 0.06036532563142227, 2.0818827491902474, 3.0140506427417795,  (gDx*2, gDy*0, gDz*2)), rgb(0.3699551650344019,0.7891383433093433,0.38248349258071807)  );
  draw(  ellipsoid( (-0.6417113031729377,0.3664957588379741,0.6737117055045635), (0.7643671882321256,0.3775990037175239,0.5226488246859912), (0.06284429118228937,-0.8503527804066445,0.5224468814343565), 0.06524828307308383, 1.9208130245698012, 3.705714127000997,  (gDx*2, gDy*0, gDz*3)), rgb(0.37156522600080877,0.7896821735925674,0.3815482849557474)  );
  draw(  ellipsoid( (0.5172978770166418,-0.3443071269698617,-0.7834893162971879), (-0.720404752757799,0.3190058449226915,-0.6158346069434019), (-0.46197391553858286,-0.8829993619606524,0.0830194443430629), 0.06973337565418203, 1.7995042456666404, 2.289692244326238,  (gDx*2, gDy*1, gDz*0)), rgb(0.3289244897015802,0.7744038288680184,0.4059995133860854)  );
  draw(  ellipsoid( (-0.5726891585286943,0.3440933526020509,0.7440610810940032), (0.814354947646276,0.13461661709577843,0.5645390913353298), (-0.09409116296298672,-0.9292352399133221,0.3573076013122354), 0.0543167371398352, 1.97488396662394, 2.993514511879694,  (gDx*2, gDy*1, gDz*1)), rgb(0.3784086102398493,0.791989293750484,0.37757137571736094)  );
  draw(  ellipsoid( (-0.6080419784026497,0.3427921425722266,0.7160855392276356), (0.7938923223829295,0.25746372909996257,0.5508606072858904), (-0.004464634546063589,-0.9034411852404581,0.42868880537015), 0.050161098329231324, 1.9695811211503786, 4.132858519720579,  (gDx*2, gDy*1, gDz*2)), rgb(0.40626835659297544,0.8009787150287444,0.36120791956006626)  );
  draw(  ellipsoid( (-0.6252745555479878,0.34721276115601996,0.6989098859471647), (0.7803314278657716,0.29045157717770254,0.5538237481364907), (0.010704805894195146,-0.8916732472186197,0.45255301051409413), 0.0570640437936758, 1.874415909711662, 5.090680335199307,  (gDx*2, gDy*1, gDz*3)), rgb(0.40553612124017874,0.8007514525752171,0.36164198591653224)  );
  draw(  ellipsoid( (-0.5457555171225236,0.32842198435132886,0.770902014347519), (0.8072498139388741,-0.040655705523832956,0.5888079920517493), (-0.22471905443459916,-0.943655717835215,0.24293051016890566), 0.06888072254283095, 2.103896944932913, 2.840777974535196,  (gDx*2, gDy*2, gDz*0)), rgb(0.352219982626455,0.7829606099676669,0.39271618132240776)  );
  draw(  ellipsoid( (-0.5879450540748239,0.32709625540189485,0.7398166347758145), (0.8088789306469899,0.24447728728674759,0.534738937759628), (0.005957259800840464,-0.9128192020893137,0.4083204811819927), 0.0558774792863197, 2.1537873032399593, 3.988915766315156,  (gDx*2, gDy*2, gDz*1)), rgb(0.39673150129027734,0.7979690527487002,0.3668385912296484)  );
  draw(  ellipsoid( (-0.6054449425256981,0.3213953329521052,0.7281081386213586), (0.7956495772672915,0.266770992193608,0.5438519908195781), (0.019446638898137327,-0.9085913700232046,0.4172332088352049), 0.05273691846836659, 2.0498639757779396, 5.5964235863502525,  (gDx*2, gDy*2, gDz*2)), rgb(0.42171337692975364,0.805714866609118,0.35202595164351863)  );
  draw(  ellipsoid( (-0.610480629521082,0.31582509862552105,0.726338700647104), (0.7918551612190761,0.22404386333002557,0.5681282874095144), (-0.01669744382397006,-0.9219863634470612,0.38686217311519194), 0.057510021033809755, 1.9972274506164371, 6.638642571266176,  (gDx*2, gDy*2, gDz*3)), rgb(0.42399472113113224,0.8063946127088624,0.35066049668026755)  );
  draw(  ellipsoid( (-0.5834750675823657,0.3112388801924296,0.750124792928694), (0.8084473415578262,0.31046885409627945,0.5000219860808389), (0.07726410187038542,-0.8981867568010039,0.43277108090705035), 0.08723434049942336, 2.402993556488519, 3.5243316313807456,  (gDx*2, gDy*3, gDz*0)), rgb(0.3458919966711623,0.7806832681720258,0.3963399193573901)  );
  draw(  ellipsoid( (0.615622284497991,-0.2996524094090548,-0.7288467852469565), (0.7811996371647061,0.3536668785579133,0.5144383985520848), (0.103616261866593,-0.8860745863337072,0.45181356523497945), 0.07167122379512314, 2.475049881964005, 5.111844921194021,  (gDx*2, gDy*3, gDz*1)), rgb(0.39257740655829465,0.7966340257369332,0.36928061603506535)  );
  draw(  ellipsoid( (-0.6224806607409837,0.2889288120823255,0.7273499629148025), (0.7798539495436535,0.30726740068697034,0.545357279089807), (0.06592150168672842,-0.9067011007072667,0.4165902898431475), 0.06860842965851477, 2.4541948488847214, 6.451065663852258,  (gDx*2, gDy*3, gDz*2)), rgb(0.4115479933649763,0.8026173455618856,0.35807817078689747)  );
  draw(  ellipsoid( (-0.6191743101734877,0.2788093635109176,0.7340902617797231), (0.7852080250826298,0.2298978704627781,0.5749741963797295), (0.008457598182787986,-0.9324228160954217,0.36127020505109714), 0.07351621646831141, 2.4127672817253676, 6.988907515185987,  (gDx*2, gDy*3, gDz*3)), rgb(0.40972426165270714,0.8020513175192311,0.3591592720701019)  );
  draw(  ellipsoid( (-0.4649334258820132,0.23127033041763087,0.8546057241594714), (0.3306436002923125,-0.8500795095283705,0.40992638005591014), (-0.8212866241960547,-0.4731583897053131,-0.318762323947049), 0.15745609647322664, 1.3687006445752965, 2.9363844836085295,  (gDx*3, gDy*0, gDz*0)), rgb(0.23250134104744197,0.7320828397597939,0.4594486376194116)  );
  draw(  ellipsoid( (-0.5418391853156617,0.27385573427016463,0.7946152113216869), (0.22986681805541548,-0.8610972204649832,0.45351165681221334), (-0.8084377175846872,-0.42838605686323333,-0.4036258701714152), 0.10970511414893469, 1.4364818872837886, 2.7904699022387516,  (gDx*3, gDy*0, gDz*1)), rgb(0.2769277523227157,0.7532071169101434,0.43506563316666536)  );
  draw(  ellipsoid( (0.6004322099803037,-0.31240695360267456,-0.7361270654981141), (-0.10629712061347651,0.8811831267202319,-0.4606704020586082), (0.7925793861610664,0.3548495350486627,0.49588277254639046), 0.0810301024588922, 1.6282096640492023, 2.527450515665734,  (gDx*3, gDy*0, gDz*2)), rgb(0.3126530654002552,0.7681075375719925,0.41517653247276365)  );
  draw(  ellipsoid( (0.6404033751926308,-0.3527792612549509,-0.6822245303932554), (-0.3312103842046088,-0.928279201642798,0.16910767336949895), (-0.6929525224984194,0.11766272402855829,-0.7113172885128386), 0.06677979054984684, 1.9344633288168451, 2.2880672765251173,  (gDx*3, gDy*0, gDz*3)), rgb(0.3378305455593787,0.7777333544607753,0.4009399748844572)  );
  draw(  ellipsoid( (-0.46938247526695714,0.257551638325387,0.8445988666273319), (0.3621362917523001,-0.8162220696986539,0.45015423926998493), (-0.8053181968068014,-0.5171544126590767,-0.28985154020478704), 0.11270255552377645, 1.348737432830609, 2.9083316580849043,  (gDx*3, gDy*1, gDz*0)), rgb(0.2745741281215269,0.7521745156810465,0.43636610046887797)  );
  draw(  ellipsoid( (0.54552771050525,-0.2925166189038374,-0.7853875124650046), (0.3023074051513115,-0.805344743363996,0.509931443555563), (0.7816711264090423,0.515610193849042,0.35090793399034453), 0.07968910621524117, 1.6468113698441973, 2.75070865736965,  (gDx*3, gDy*1, gDz*1)), rgb(0.3214350399024187,0.7715381941080275,0.4102334208038421)  );
  draw(  ellipsoid( (0.6066586197506937,-0.31722518185509796,-0.7289262672446256), (-0.0997041295226695,0.879329245850192,-0.46565992306474), (0.7886852386334549,0.35517356516150367,0.5018240059743626), 0.06266121220092291, 2.1220318623162266, 2.3961996352409045,  (gDx*3, gDy*1, gDz*2)), rgb(0.35288818921857124,0.7831971046131059,0.39233210685933056)  );
  draw(  ellipsoid( (-0.6488613749752236,0.34077741413362905,0.680330559420683), (0.729105277428247,0.5342368614882105,0.4277808670961167), (0.21767960513456763,-0.7736030828814113,0.5951082755808684), 0.05564178324363467, 1.8811426596218592, 2.78592807716796,  (gDx*3, gDy*1, gDz*3)), rgb(0.36921628842967,0.7888887729628764,0.3829126707603493)  );
  draw(  ellipsoid( (-0.4838210511860464,0.270601001736662,0.8322813756707187), (0.40921934142603417,-0.7706795822488628,0.48845932492640665), (-0.7735998455481177,-0.5769125404806459,-0.2621358418913661), 0.09518880678561326, 1.4860484648609638, 3.0710480503647104,  (gDx*3, gDy*2, gDz*0)), rgb(0.3041303170029757,0.7646967529456713,0.4199528687217713)  );
  draw(  ellipsoid( (0.5555489616387254,-0.2935488129682887,-0.7779424436467282), (0.45733460051243574,-0.6734954840764558,0.5807313458930483), (-0.6944137199078549,-0.6784046928887872,-0.23990968773729307), 0.06834681295815237, 1.9961803606687771, 2.7989383204130815,  (gDx*3, gDy*2, gDz*1)), rgb(0.34959337263099416,0.7820153346832759,0.39422031654186973)  );
  draw(  ellipsoid( (-0.6095788739203516,0.30924251055670265,0.7299196299145433), (0.7927195909834324,0.24132720480295342,0.5597828420852617), (0.0030408125650710155,-0.9198533849949024,0.3922505622333304), 0.055219388723480645, 2.3310696507045128, 2.9411395160049674,  (gDx*3, gDy*2, gDz*2)), rgb(0.3832340023396421,0.793585676646452,0.3747538686362132)  );
  draw(  ellipsoid( (-0.6523960056675829,0.318467354221527,0.687719416683958), (0.7506034331519559,0.39693902505165346,0.5282365914356372), (0.1047565650901169,-0.8608239975083078,0.4980041238627817), 0.05074343220236188, 1.9056742001070774, 3.8085498739787824,  (gDx*3, gDy*2, gDz*3)), rgb(0.3988723248449876,0.7986481403156186,0.3655762159490019)  );
  draw(  ellipsoid( (-0.5102928682959647,0.2746949034724375,0.8149502430041637), (-0.3806516726457082,0.777592876332394,-0.5004534172019797), (0.7711715066561404,0.5655899828350768,0.29223702475613195), 0.09917379200801069, 1.7970492316151578, 3.4543218390832737,  (gDx*3, gDy*3, gDz*0)), rgb(0.3163715497542168,0.7695658777067527,0.4130852387607563)  );
  draw(  ellipsoid( (0.5755763207171178,-0.2875021206580091,-0.7655419189351377), (0.5356361174955908,-0.5748289676729769,0.6185997151294765), (-0.6179044009100391,-0.7661032492694233,-0.1768614225738258), 0.071719417487774, 2.5323726709779715, 2.990763877173633,  (gDx*3, gDy*3, gDz*1)), rgb(0.36020002000966767,0.7857733886276754,0.3881252522984587)  );
  draw(  ellipsoid( (-0.6206578465148993,0.29096672676116864,0.7280949124100368), (0.78126493315999,0.3081321205000635,0.5428440849181748), (0.06639986275590933,-0.9057554638168216,0.4185667186864846), 0.05603318095711307, 2.443317578927672, 3.7747772093689167,  (gDx*3, gDy*3, gDz*2)), rgb(0.3982060894097249,0.7984368047294925,0.3659690737082114)  );
  draw(  ellipsoid( (-0.6545259019129249,0.2890978269389035,0.698583058901571), (0.753343191558475,0.3273565573296142,0.5703610436432294), (0.06379560688294687,-0.8995888676681735,0.4320532255520493), 0.05060799665690752, 2.1038508146038017, 4.764093160940917,  (gDx*3, gDy*3, gDz*3)), rgb(0.4164070520194871,0.8041026169170937,0.3551873296528703)  );
