import settings;
import three;
surface ellipsoid(triple v1,triple v2,triple v3,real l1,real l2, real l3, triple pos=O) {
  transform3 T = identity(4);
  T[0][0] = l1*v1.x;
  T[1][0] = l1*v1.y;
  T[2][0] = l1*v1.z;
  T[0][1] = l2*v2.x;
  T[1][1] = l2*v2.y;
  T[2][1] = l2*v2.z;
  T[0][2] = l3*v3.x;
  T[1][2] = l3*v3.y;
  T[2][2] = l3*v3.z;
  T[0][3] = pos.x;
  T[1][3] = pos.y;
  T[2][3] = pos.z;
  return T*unitsphere;
}

size(200);

real gDx=1.5;
real gDy=1.5;
real gDz=1.5;

currentprojection=perspective(up=Y, camera = (gDx*-2.0,gDy*6.0,gDz*14.0), target = (gDx*1.5,gDy*1.5,gDz*0.0) );
currentlight=Viewport;

  draw(  ellipsoid( (0.22471774774895123,-0.4496772912455305,-0.8644606801843105), (-0.9350600080744458,-0.3491202823188517,-0.06146388999585434), (0.2741618411567445,-0.8221346375209401,0.49892877511911093), 0.6179664549565433, 1.951890164216807, 2.509178745231129,  (gDx*0, gDy*0, gDz*0)), rgb(0.1243847126730589,0.5780426746778734,0.5482777060844588)  );
  draw(  ellipsoid( (-0.20190568644561366,0.5112043652381273,0.8354066020462184), (0.9371207922149537,0.34876021285964715,0.013074200721702137), (0.2846729958730601,-0.7855166522025977,0.5494769099180418), 0.5755845802925103, 1.4440932591301352, 2.5253721363071078,  (gDx*0, gDy*0, gDz*1)), rgb(0.12442394141267393,0.5778952731088182,0.5483101473360624)  );
  draw(  ellipsoid( (-0.15570425746151048,0.5638404197032187,0.8110734648089888), (-0.9415305938520631,-0.33307603008102327,0.050798612442140484), (0.29879144072235586,-0.7557409207488792,0.5827343611429613), 0.4789445180934323, 0.9995706389834328, 2.0977698959828786,  (gDx*0, gDy*0, gDz*2)), rgb(0.1251233369273146,0.5753161208806538,0.5488695237286529)  );
  draw(  ellipsoid( (-0.10021567195499256,0.6213034230714491,0.7771350433317942), (0.926230742583003,0.34352555597042933,-0.15519923933237026), (0.363391566479945,-0.704252972215885,0.6098969753461188), 0.3805568380133688, 0.7120057344545765, 1.4679599036591866,  (gDx*0, gDy*0, gDz*3)), rgb(0.13169008185415057,0.5543989249458833,0.5526866790538287)  );
  draw(  ellipsoid( (-0.2538574398751672,0.4475744668718822,0.8574575772738708), (0.9341597179452327,0.3433166085725907,0.09736183875984401), (0.2508027543479321,-0.8257183556652742,0.5052595130513884), 0.6512899577802176, 2.0998396892409428, 2.9558262525822925,  (gDx*0, gDy*1, gDz*0)), rgb(0.12127193290897985,0.592070524397245,0.5448191875792361)  );
  draw(  ellipsoid( (-0.2486329737538281,0.47647669354001543,0.8432980522184921), (0.913286444794992,0.4053239761347494,0.04025349828327094), (-0.32262906582645684,0.7801810269953325,-0.5359366109909419), 0.5435011416683193, 1.517380028210488, 2.6700257089760058,  (gDx*0, gDy*1, gDz*1)), rgb(0.12061716004204702,0.5960924881048728,0.5437031523898943)  );
  draw(  ellipsoid( (-0.23479496172131162,0.4981743974793541,0.8346817331452572), (-0.8718093309695263,-0.4876958650856909,0.045839214792432026), (0.4299067531276465,-0.7169205066633272,0.5488216201470593), 0.43176388367081875, 1.044909689254476, 1.9987692569589501,  (gDx*0, gDy*1, gDz*2)), rgb(0.1227232618947032,0.5848669243639596,0.5466785035735081)  );
  draw(  ellipsoid( (-0.20524614719290973,0.525052988553603,0.8259499853340978), (0.8022574733246183,0.5736365841065865,-0.16529977576913552), (0.5605862695047622,-0.6286974062181718,0.5389643827353319), 0.3486618324233909, 0.7254185281404053, 1.3613368954548766,  (gDx*0, gDy*1, gDz*3)), rgb(0.13096317804957805,0.5565197354668314,0.5523587182723962)  );
  draw(  ellipsoid( (0.2811653238230689,-0.4371555745361043,-0.8543073594037905), (-0.90471657007681,-0.41764133095036166,-0.08404550261889719), (0.32005310263754866,-0.7965367049508888,0.5129281520428175), 0.5958989981041105, 1.97012323821453, 2.4296346783857268,  (gDx*0, gDy*2, gDz*0)), rgb(0.12351479083577895,0.5814822261482345,0.5474917895748131)  );
  draw(  ellipsoid( (0.3031858598163793,-0.41685971666643357,-0.8569167468477807), (0.815811177234432,0.5782718594027512,0.007333465910134334), (-0.4924738140315411,0.701305663205186,-0.5154026670958946), 0.47096616616563924, 1.4933507099699321, 2.1181368344945657,  (gDx*0, gDy*2, gDz*1)), rgb(0.12162468306868982,0.590167842715881,0.5453263627722598)  );
  draw(  ellipsoid( (-0.30298120160109915,0.39899602366980963,0.8654504980482909), (0.6873034916223341,0.7205729487006092,-0.09158895132415033), (-0.6601638447234918,0.5670774186093025,-0.4925514180502452), 0.39436298410729304, 1.1013466395011589, 1.732593721600444,  (gDx*0, gDy*2, gDz*2)), rgb(0.1235002084104259,0.581539883055344,0.5474786153235821)  );
  draw(  ellipsoid( (-0.3214603583238533,0.33310231468153756,0.886400635141978), (0.5210470146283984,0.8438526398417886,-0.12815120279918635), (-0.7906789782036283,0.42066087313398426,-0.4448271386066953), 0.3453950024664592, 0.7899844508057726, 1.352883145143907,  (gDx*0, gDy*2, gDz*3)), rgb(0.13026749551183875,0.5585876925180774,0.5520246334378887)  );
  draw(  ellipsoid( (-0.2790910095636678,0.39951219046154723,0.8732114394883687), (-0.06539613556932425,-0.9151410045084206,0.39779427763596287), (0.958035257093042,0.05391615286660427,0.28153418021038557), 0.47509821024887566, 1.532839899880943, 1.7272526500357754,  (gDx*0, gDy*3, gDz*0)), rgb(0.12750997297467834,0.5671407233733499,0.550518789844749)  );
  draw(  ellipsoid( (0.3281210812733773,-0.32384403571874376,-0.8873903293102684), (-0.2709119698748341,-0.9321990540741831,0.24002422411443233), (-0.9049548389850881,0.16164765421309152,-0.39360738723362115), 0.39812064692132565, 1.2562314255296512, 1.6575453966180687,  (gDx*0, gDy*3, gDz*1)), rgb(0.12366399945384059,0.5808922757645895,0.5476265896353366)  );
  draw(  ellipsoid( (-0.3623829670810083,0.23679112020965773,0.9014480298716173), (-0.18534188853603725,-0.9661803398697331,0.17928729794132756), (0.9134150039951502,-0.10210541728558056,0.3940146117055522), 0.3507832603097434, 1.052052044262517, 1.5664396062626524,  (gDx*0, gDy*3, gDz*2)), rgb(0.12234053218122766,0.5866329141217513,0.5462370684609892)  );
  draw(  ellipsoid( (0.3754025376071841,-0.12058308486217521,-0.9189845778919297), (-0.08800997209957818,-0.9916586142141699,0.09416707315120076), (0.9226739291695187,-0.04552924884020941,0.382883674150424), 0.3150029714742464, 0.8504893077188895, 1.3997152936686263,  (gDx*0, gDy*3, gDz*3)), rgb(0.12343116451434191,0.5818238517259794,0.5474120129390148)  );
  draw(  ellipsoid( (0.2730959422856932,-0.3841750933886439,-0.8819456354713231), (0.2963034962964639,-0.8386310709625925,0.4570581635838339), (-0.9152173754849611,-0.38614430519685616,-0.11519431919351315), 0.7526091614988178, 1.2289445252831204, 1.4169229402798218,  (gDx*1, gDy*0, gDz*0)), rgb(0.19681851659276667,0.39332545084754855,0.5551103104763631)  );
  draw(  ellipsoid( (-0.08461315646028092,0.6049463136187637,0.7917578994824722), (-0.9630558223346182,-0.2535345450043572,0.09079492032501642), (0.2556640311448224,-0.7548246101767625,0.6040494276549543), 0.7363946199125065, 1.12746077666187, 1.3216032528871324,  (gDx*1, gDy*0, gDz*1)), rgb(0.20603758870328254,0.3733041544799294,0.5532782839176656)  );
  draw(  ellipsoid( (-0.13677126021466843,-0.7115410738409156,-0.6892045578901873), (0.9736013188324193,0.031790994658857555,-0.22603053914543098), (0.18274051096312824,-0.7019249481931226,0.6884092334919814), 0.6350190606657184, 0.8897341780827219, 1.2838360598554666,  (gDx*1, gDy*0, gDz*2)), rgb(0.19103949202090548,0.4061469813529914,0.5560291225485)  );
  draw(  ellipsoid( (0.2834798844612146,0.7580255232773753,0.5873980432091325), (0.941435019771453,-0.10335249569647316,-0.3209647413365436), (-0.1825904122723335,0.6439841362125095,-0.7429301270327158), 0.521764361509462, 0.7097584330702926, 1.1242438369108307,  (gDx*1, gDy*0, gDz*3)), rgb(0.18209938422268226,0.4265489234245922,0.5571355941954059)  );
  draw(  ellipsoid( (0.25164805727715844,-0.43522220583667515,-0.8644390590523374), (-0.8646517093057119,0.30016726169847896,-0.40283624042425403), (-0.4347995824093469,-0.8488116673038228,0.30077911593985673), 0.8113885013890929, 1.6150888265533838, 1.814332337582326,  (gDx*1, gDy*1, gDz*0)), rgb(0.17100145221828633,0.45295575968716034,0.557972415428635)  );
  draw(  ellipsoid( (-0.12155799645945434,0.5493121952385643,0.8267283505837651), (-0.9748596078845757,-0.22277083800803588,0.004679599163254805), (0.18674152835375105,-0.8053752329786322,0.5625818479943333), 0.7090835484662977, 1.1942605267103021, 1.5855623291033354,  (gDx*1, gDy*1, gDz*1)), rgb(0.17690653918582377,0.4387554715826455,0.5576041752829969)  );
  draw(  ellipsoid( (0.06517677089021638,0.6666958525994696,0.7424746653341046), (-0.9517379770726542,-0.18209416031446418,0.24705574224660773), (0.29991133945547377,-0.7227436315222958,0.6226514527084855), 0.5361804303878527, 0.8235331460740292, 1.2577784741013542,  (gDx*1, gDy*1, gDz*2)), rgb(0.17285282718581085,0.4484685238165703,0.5578769961876009)  );
  draw(  ellipsoid( (0.18730193172976653,0.7576007594818697,0.6252672033641234), (-0.8924436080666113,-0.1347243123842391,0.4305737638008646), (0.41044170449814943,-0.638663016688056,0.6508818313054725), 0.38580007241214326, 0.6024434662675143, 0.9036536326725289,  (gDx*1, gDy*1, gDz*3)), rgb(0.172983219078194,0.4481543254752458,0.5578691978300501)  );
  draw(  ellipsoid( (0.27719416481702674,-0.441322828022763,-0.8534621001880409), (0.8483159250479281,-0.30466004938639013,0.43306159563965047), (0.4511357736884418,0.8440476383320275,-0.28993119515612337), 0.8186630992510255, 1.6577171846213177, 1.9702398578364027,  (gDx*1, gDy*2, gDz*0)), rgb(0.16481809353922267,0.4681662593629249,0.5581424023761564)  );
  draw(  ellipsoid( (0.21651495291922343,-0.49111081080626473,-0.84376030166843), (0.9301087704117483,0.3664043753157896,0.02540686821691653), (-0.29667987859902595,0.7902898235828792,-0.5361184984458276), 0.6831123570093247, 1.2414779901045028, 1.5246598766642774,  (gDx*1, gDy*2, gDz*1)), rgb(0.17489219373736167,0.4435630176834361,0.557749787664392)  );
  draw(  ellipsoid( (-0.11189192329557077,0.5895702959323116,0.7999294116704952), (-0.8039878854348783,-0.5268108968905165,0.2758147185908731), (0.5840236960733455,-0.6122721168497683,0.5329532600079789), 0.5264290170125091, 0.8254741410821702, 1.196733018632079,  (gDx*1, gDy*2, gDz*2)), rgb(0.1762062792567079,0.44042113410683204,0.5576572923446239)  );
  draw(  ellipsoid( (0.02897213220915865,0.7190521956822432,0.6943518959719199), (-0.6983867920407937,-0.48241038606170705,0.5287117438858001), (0.7151339065225654,-0.5002440997196655,0.48820009876835974), 0.40022115668190034, 0.5589362059059814, 0.9039197870057043,  (gDx*1, gDy*2, gDz*3)), rgb(0.17659104248985774,0.4395059229523801,0.5576281067643597)  );
  draw(  ellipsoid( (0.3130977137526668,-0.39305262073281294,-0.8645689440281328), (0.5803556093245383,-0.64141352266795,0.5017729164315619), (-0.7517693717945666,-0.6588613892722494,0.02728518568461897), 0.7159937557720439, 1.3829310618181196, 1.733847086662011,  (gDx*1, gDy*3, gDz*0)), rgb(0.16596426581810647,0.4653246049904896,0.5581285734346678)  );
  draw(  ellipsoid( (-0.28385420429921593,0.37746488023753977,0.881446002253637), (-0.10786486826353492,-0.9259925247904905,0.3618052158643144), (0.9527811715688703,0.007622874745963015,0.30356207089235987), 0.5877935575658391, 1.1651601070578053, 1.2989077115537342,  (gDx*1, gDy*3, gDz*1)), rgb(0.1720869635861042,0.45032255162122903,0.5579177692243109)  );
  draw(  ellipsoid( (0.2935605960770846,-0.34268981872908094,-0.8924045408727461), (0.37110696311271163,0.9011729875615647,-0.22397961607839342), (0.8809664002447127,-0.265425949426189,0.39172345731533487), 0.5030414051106769, 0.808511064318838, 1.1451742020196714,  (gDx*1, gDy*3, gDz*2)), rgb(0.17582067615065625,0.44133868904303547,0.5576863877803955)  );
  draw(  ellipsoid( (-0.34136022189760823,0.19035171138703014,0.9204560961165091), (0.3296652162023604,0.9413172591853022,-0.07240623444235852), (-0.8802238602379887,0.2787257496750161,-0.38408060656043796), 0.43076434254946205, 0.5652929286494747, 0.9634696580369977,  (gDx*1, gDy*3, gDz*3)), rgb(0.17660325400183888,0.43947687622697873,0.557627180480265)  );
  draw(  ellipsoid( (0.4028309097808028,-0.8621380431409676,0.3073194635785924), (-0.7735612169571364,-0.14122690678968666,0.6177847557348847), (-0.48921396315412435,-0.48659321344186457,-0.7238071171847891), 0.5507222241214429, 0.7427495070134323, 1.1525012855463164,  (gDx*2, gDy*0, gDz*0)), rgb(0.18585837934478117,0.41787967246898916,0.5567158118537165)  );
  draw(  ellipsoid( (-0.5553297516944735,0.7988459323743878,-0.23120130452021537), (0.8250589726288675,0.4943427481127203,-0.27368401318484264), (0.10433867244484085,0.34273958586258857,0.9336182398149627), 0.6426838333650453, 0.8230419740248929, 1.1171354125889785,  (gDx*2, gDy*0, gDz*1)), rgb(0.21474653895222928,0.3546609283049663,0.5510533325332679)  );
  draw(  ellipsoid( (0.8702241899095502,-0.4347429556991963,0.23175077511454695), (0.471071809956579,0.8719968714734756,-0.13308946616732306), (-0.14422624296742775,0.2249889299730029,0.9636279220887612), 0.6846380651868982, 0.8150576816908639, 1.18749411990753,  (gDx*2, gDy*0, gDz*2)), rgb(0.21315158289073777,0.35806726018499296,0.5515008761952034)  );
  draw(  ellipsoid( (-0.9785406293174685,0.04320493482888137,-0.20147349796289526), (-0.08079838359843236,-0.9799188490638527,0.18229281515532889), (0.18955172904210896,-0.19465965903547247,-0.9623812961406413), 0.6410278506724767, 0.8315248342946047, 1.1892860081158374,  (gDx*2, gDy*0, gDz*3)), rgb(0.20348084350555953,0.378814457218983,0.5538359811662069)  );
  draw(  ellipsoid( (-0.7147304073381872,0.6970336660124266,-0.05748489602901005), (-0.3741797853152436,-0.31164797301801767,0.8734214499170485), (-0.5908891038829762,-0.6457705547321264,-0.48356019020731533), 0.7477852563021165, 0.9723835935617496, 1.1944593683248828,  (gDx*2, gDy*1, gDz*0)), rgb(0.23059979379858617,0.320468143352463,0.5453180867222909)  );
  draw(  ellipsoid( (0.7539350778609146,-0.6332539887176211,0.17484645876905708), (-0.5947908939735499,-0.770985852861673,-0.2276062546005801), (-0.2789367147168004,-0.06760325776456272,0.9579269850685993), 0.7008756690521237, 0.8552610769628796, 1.032432366361204,  (gDx*2, gDy*1, gDz*1)), rgb(0.24711698740034346,0.2824860012209392,0.5357078907868671)  );
  draw(  ellipsoid( (0.9425863915675183,0.009473567235296233,0.3338280185298461), (-0.023746849857361484,0.9989686067460134,0.03870154851915668), (0.3331170688415368,0.044406916800955626,-0.9418391817007062), 0.5930337195961799, 0.6533356966556325, 0.9727053039264298,  (gDx*2, gDy*1, gDz*2)), rgb(0.22008297284145603,0.3432512632501673,0.5494041138466862)  );
  draw(  ellipsoid( (0.8716268718926592,0.3952074185385057,0.2899615362884327), (0.3622597699190185,-0.9178771416448587,0.16207841294905415), (-0.3302036572977921,0.03623050065889771,0.9432141302637317), 0.4667060159393727, 0.5542370541655506, 0.8403645104390884,  (gDx*2, gDy*1, gDz*3)), rgb(0.20603789675257872,0.3733034915006562,0.5532782147603493)  );
  draw(  ellipsoid( (0.796781625013949,-0.6015293554877745,-0.057458476542572134), (-0.013917994513127046,-0.1133316010723756,0.9934597312559298), (0.6041070529871869,0.7907707522947683,0.0986726195370438), 0.8803801699328394, 1.1068516150133731, 1.4655156410279246,  (gDx*2, gDy*2, gDz*0)), rgb(0.22269910937568294,0.3376325775989304,0.548495612369007)  );
  draw(  ellipsoid( (0.8150348558187813,-0.5448726172914148,0.19705840435378952), (0.36822858071205916,0.7496812427135512,0.549896123527206), (-0.44735432952777027,-0.3756219712017241,0.8116540140991667), 0.7750333388701536, 0.9332990062608544, 1.0634375065654524,  (gDx*2, gDy*2, gDz*1)), rgb(0.2608713110691851,0.24603352385657806,0.522446430543237)  );
  draw(  ellipsoid( (-0.631019874881479,-0.7069976140146912,-0.31932474267130656), (0.665357385222655,-0.7048875351949724,0.24583147206252523), (-0.398890294986271,-0.057340531077853855,0.9152041280837163), 0.5756822897233269, 0.6167894655655133, 0.8558903769173656,  (gDx*2, gDy*2, gDz*2)), rgb(0.23973700589204147,0.2999514062674663,0.5406093137559667)  );
  draw(  ellipsoid( (-0.4687555641367495,-0.8728970964229076,-0.13534725762753771), (0.7630844934347212,-0.4773442997801817,0.4357114588197594), (-0.44493850920134254,0.10096077715541385,0.889852035175434), 0.3710093623219277, 0.4766926205497833, 0.6635089743204783,  (gDx*2, gDy*2, gDz*3)), rgb(0.2096577286531498,0.3655366899846128,0.552416868224294)  );
  draw(  ellipsoid( (0.7828513010664107,-0.6212671204208284,-0.03421995766566462), (-0.037837802866033686,-0.10243050466913492,0.9940202675939247), (0.6210572768214692,0.7768752517600482,0.10369523667875288), 0.8794502578789511, 1.0607284789476603, 1.6127287830875885,  (gDx*2, gDy*3, gDz*0)), rgb(0.20342536680064166,0.37893415423991983,0.5538478001163851)  );
  draw(  ellipsoid( (0.6680153876941362,-0.6563136955931659,0.3507246423915692), (-0.31163240402948,0.18126159781360066,0.9327537069971189), (-0.6757519415900037,-0.7323909926636876,-0.08344307821765974), 0.7763853677750262, 0.9303981210414112, 1.0632146122997848,  (gDx*2, gDy*3, gDz*1)), rgb(0.2613170872268169,0.24471468641766214,0.5218800359485689)  );
  draw(  ellipsoid( (0.06272307845700283,-0.9634848920931762,0.260312654584976), (-0.8490581678026927,-0.1886032232219137,-0.49348662786122127), (0.524562716094474,-0.19006758508095442,-0.8298844919535986), 0.5840569996034307, 0.6959166065513102, 0.7719066017539671,  (gDx*2, gDy*3, gDz*2)), rgb(0.267435836075823,0.22535598024109954,0.5129055473677941)  );
  draw(  ellipsoid( (-0.25944432094348013,-0.9538767994965934,0.15102216960536596), (0.782098142233232,-0.11577938057186807,0.6123051779543609), (-0.5665784502127676,0.27697325938893486,0.7760635755773931), 0.3716112322716571, 0.5260116965290095, 0.6284727552812277,  (gDx*2, gDy*3, gDz*3)), rgb(0.21824478428577126,0.3471862889575473,0.5500007710541739)  );
  draw(  ellipsoid( (0.41302788253540984,-0.8450727248836876,0.3394997170926288), (-0.8569213810922378,-0.23439152334180202,0.4590711931851979), (-0.308372688277169,-0.4805337693057257,-0.8209711211008237), 0.3312800893095536, 0.5736602816619407, 1.3999846659482462,  (gDx*3, gDy*0, gDz*0)), rgb(0.12613131328200197,0.5717523725739591,0.549611657722296)  );
  draw(  ellipsoid( (0.5907790325178263,-0.7451761555990085,0.30934225683534294), (-0.794318363349781,-0.46990166359897817,0.3850334585360578), (-0.14155731130049956,-0.4731859292853022,-0.8695151545222075), 0.4268869623658513, 0.6672944128110797, 1.6436660539837264,  (gDx*3, gDy*0, gDz*1)), rgb(0.13038211618640108,0.55824697585592,0.5520796772646559)  );
  draw(  ellipsoid( (-0.7634777757981217,0.5733959974019444,-0.2971846497142518), (0.6456235875472558,0.6658755539118725,-0.37387154198356387), (0.01648845247328544,0.47731203302031533,0.878579167786859), 0.5028691197382571, 0.7595188485461348, 1.8578464799829004,  (gDx*3, gDy*0, gDz*2)), rgb(0.1325977422938634,0.5517803376568815,0.5530798993223176)  );
  draw(  ellipsoid( (-0.8742527146475035,0.38723321450854775,-0.29280134650108397), (0.48000947999520427,0.7797124390498538,-0.402044041748739), (-0.07261604537706862,0.49203551698257014,0.8675413304168802), 0.5462228962692793, 0.8125930270481525, 1.9794348103861732,  (gDx*3, gDy*0, gDz*3)), rgb(0.13368950643964805,0.5486865856779488,0.5535194625619214)  );
  draw(  ellipsoid( (-0.5860533731729191,0.7705501837974738,-0.2505870268835217), (0.7853971574024812,0.4641715700413989,-0.409507092379857), (0.19923039159913747,0.43680335142370635,0.877217238344227), 0.38996071843946367, 0.6630088168290812, 1.222717134042938,  (gDx*3, gDy*1, gDz*0)), rgb(0.14615323737255906,0.5154823078599456,0.556818272751944)  );
  draw(  ellipsoid( (-0.6873309819521654,0.6723147325315278,-0.27489820237631957), (0.7263339040506005,0.6382244392778808,-0.255163917776491), (-0.003896289938525609,0.37504995071256153,0.9269964149850959), 0.4033617765355483, 0.6630011170553314, 1.2855301106610406,  (gDx*3, gDy*1, gDz*1)), rgb(0.1446563071181429,0.5193598854556738,0.5565519110676028)  );
  draw(  ellipsoid( (-0.7801848028436617,0.5354491983766747,-0.32342824454517477), (0.6125588323333552,0.7587641224342367,-0.2214693735869565), (-0.12682014959064514,0.3709058673900681,0.9199703729976458), 0.39923571176304445, 0.658561559387901, 1.3620133293188637,  (gDx*3, gDy*1, gDz*2)), rgb(0.13938543963626443,0.5331802808772835,0.5553599702726361)  );
  draw(  ellipsoid( (-0.8163313034898169,0.4437690949641833,-0.36969202493059844), (0.5474536139637802,0.7985151952190097,-0.25033582157242895), (-0.18411339848205582,0.40674620263625866,0.8947959449731381), 0.38547396947171, 0.6217013545244151, 1.3761701471115968,  (gDx*3, gDy*1, gDz*3)), rgb(0.1358329270145587,0.5427499512566498,0.5542884522090981)  );
  draw(  ellipsoid( (0.69781825669808,-0.6867604576257533,0.2034938683609867), (0.6960400856337212,0.5831120273241622,-0.4189374210796971), (0.16904993288923445,0.43398207040334214,0.884919026102713), 0.46591146632368075, 0.8212427987033311, 1.2146530241022795,  (gDx*3, gDy*2, gDz*0)), rgb(0.16164722191366138,0.4760781276070586,0.558131625286284)  );
  draw(  ellipsoid( (-0.727424178914621,0.623087496110481,-0.2874300543108893), (0.6722674723538091,0.7310770149508244,-0.11654545819384207), (-0.13751548838370856,0.2780078603229838,0.9506845533894124), 0.4114040412865636, 0.6895162968709944, 1.139766260098014,  (gDx*3, gDy*2, gDz*1)), rgb(0.15657209939063382,0.48885953738847154,0.5579519435593412)  );
  draw(  ellipsoid( (-0.758942282875742,0.5305439151477197,-0.37753114489149964), (0.5930669059007195,0.8025759245398184,-0.06437026079178845), (-0.2688461574743159,0.2727545406565845,0.9237568425524711), 0.34590293262181787, 0.551377507434742, 1.0640335268199261,  (gDx*3, gDy*2, gDz*2)), rgb(0.14731422214225184,0.5124880262904787,0.5570026315375957)  );
  draw(  ellipsoid( (-0.7180733886714652,0.5268394721389406,-0.45476453146462636), (0.6200488888720334,0.7810440005824812,-0.07422698001851978), (-0.31608540600672536,0.33527666150580016,0.8875131415134587), 0.28795034684814275, 0.44674506657992824, 0.9534012948660866,  (gDx*3, gDy*2, gDz*3)), rgb(0.1410297804331253,0.5288334880532752,0.5557761802028575)  );
  draw(  ellipsoid( (0.7438420168424512,-0.6343536359885709,0.21046262967052917), (-0.5908089866942181,-0.4768604096244632,0.6508063390703417), (0.3124800717183518,0.6084403128005806,0.7294906377315785), 0.521121158373475, 0.9616092413440153, 1.3127007668495971,  (gDx*3, gDy*3, gDz*0)), rgb(0.16388730084793998,0.47048076397730737,0.5581467693659949)  );
  draw(  ellipsoid( (0.7116373768334813,-0.6176940589520193,0.3347032916314701), (0.6881955279984281,0.708708458785738,-0.1553036885862946), (-0.1412768881895638,0.340861218065246,0.929437717591959), 0.4339889639614922, 0.7692648920237781, 1.1019451728395455,  (gDx*3, gDy*3, gDz*1)), rgb(0.16390763135678685,0.4704302102321185,0.55814667398157)  );
  draw(  ellipsoid( (-0.6428514838862857,0.6279666518075743,-0.4386340774299067), (-0.6897137897984373,-0.7236444480319244,-0.025171432109609804), (-0.33322193479283096,0.2863504793957163,0.8983131665086322), 0.33342726263388783, 0.5226537384772916, 0.9708092911709487,  (gDx*3, gDy*3, gDz*2)), rgb(0.1518897370839003,0.5007572056746958,0.5575839228309102)  );
  draw(  ellipsoid( (0.5328883612231403,-0.6788354109042413,0.5051855890416768), (0.7425411552991137,0.6614344221523228,0.10553263892786953), (-0.4057864304778714,0.3188839759136443,0.8565339355481101), 0.25002370152515707, 0.37001208167142596, 0.830000211502451,  (gDx*3, gDy*3, gDz*3)), rgb(0.14013343731068795,0.531198544778019,0.555554374275852)  );
