import settings;
import three;
surface ellipsoid(triple v1,triple v2,triple v3,real l1,real l2, real l3, triple pos=O) {
  transform3 T = identity(4);
  T[0][0] = l1*v1.x;
  T[1][0] = l1*v1.y;
  T[2][0] = l1*v1.z;
  T[0][1] = l2*v2.x;
  T[1][1] = l2*v2.y;
  T[2][1] = l2*v2.z;
  T[0][2] = l3*v3.x;
  T[1][2] = l3*v3.y;
  T[2][2] = l3*v3.z;
  T[0][3] = pos.x;
  T[1][3] = pos.y;
  T[2][3] = pos.z;
  return T*unitsphere;
}

size(200);

real gDx=1.5;
real gDy=1.5;
real gDz=1.5;

currentprojection=perspective(up=Y, camera = (gDx*-2.0,gDy*6.0,gDz*14.0), target = (gDx*1.5,gDy*1.5,gDz*0.0) );
currentlight=Viewport;

  draw(  ellipsoid( (-0.8268552373708986,0.5426893225973914,0.14764388091315922), (-0.27449256997465427,-0.6185297646111477,0.7362572643572272), (-0.4908810909589247,-0.5682510267732589,-0.6603987621960787), 1.0081768284544355, 1.8498265653437722, 2.8182570345753213,  (gDx*0, gDy*0, gDz*0)), rgb(0.15529120314231246,0.49210563684399267,0.5578714195887711)  );
  draw(  ellipsoid( (0.8400548686280145,-0.5259919887184331,-0.1328165859311138), (-0.46765572692286483,-0.5780322097837461,-0.668712857307803), (-0.27496534103522274,-0.6238679285365989,0.731561937892368), 0.8910578107436471, 1.8285513175054444, 2.0280553923217384,  (gDx*0, gDy*0, gDz*1)), rgb(0.16829131827127997,0.45958275271132293,0.5580763443749298)  );
  draw(  ellipsoid( (-0.8031515301728089,0.5861571438915258,0.10661811406137682), (0.5013036775442106,0.5681855850660671,0.6525793161017142), (-0.3219351525722628,-0.5775681289580133,0.7501818539195769), 0.7325237275882184, 1.1623318505423192, 1.6239842794914754,  (gDx*0, gDy*0, gDz*2)), rgb(0.17886418416868144,0.43412179605257034,0.5574430953240777)  );
  draw(  ellipsoid( (-0.5893501947727551,0.793496827599592,0.15175352552971946), (-0.6298160674424229,-0.3336319093364427,-0.7014424212035374), (-0.5059625174977668,-0.5089720362278292,0.6963830822366518), 0.5688909195135742, 0.7634931240840843, 1.0967102422544532,  (gDx*0, gDy*0, gDz*3)), rgb(0.1977547062792008,0.39126855333291727,0.5549473629022862)  );
  draw(  ellipsoid( (-0.8639916164263052,0.48611987220673425,0.13117147780965493), (0.4540121883232098,0.8647975756257482,-0.21447164392011925), (0.21769570413545308,0.1257482526222004,0.9678822022144185), 0.7726252303182592, 1.5981003608489077, 2.6306734852129257,  (gDx*0, gDy*1, gDz*0)), rgb(0.13951551895030592,0.5328356502972457,0.5553937777833409)  );
  draw(  ellipsoid( (-0.8204261730351098,0.5656532555653627,0.083290390005513), (0.5645137025903866,0.8245052706024512,-0.03892734689741188), (0.09069274605312233,-0.015081552210755883,0.9957647174891556), 0.6178142686540186, 1.1020927246533652, 1.8825443627977618,  (gDx*0, gDy*1, gDz*1)), rgb(0.14848532253867794,0.5094746315730362,0.5571722840993536)  );
  draw(  ellipsoid( (0.646387954790261,-0.7619855041312361,-0.03950573877209636), (0.7625241649016117,0.6469561742051301,-0.002146298898409333), (0.02719393026326349,-0.0287367387107026,0.9992170384881903), 0.49683398986976063, 0.7531799962555132, 1.2767200329772777,  (gDx*0, gDy*1, gDz*2)), rgb(0.16331878567937402,0.47189801959401156,0.5581463481358294)  );
  draw(  ellipsoid( (-0.3471205803909419,0.9374404482315554,-0.026696604437198495), (0.9371536342679253,0.3478065099800626,0.02781541647914642), (-0.035360549309578514,0.015363516358876766,0.9992565205779823), 0.38874407666422506, 0.6437111209808106, 0.8881356825469228,  (gDx*0, gDy*1, gDz*3)), rgb(0.17503245089273306,0.4432270091567837,0.5577402104368077)  );
  draw(  ellipsoid( (-0.882623872993068,0.4555575322596891,0.11594150949586093), (-0.4495824884255277,-0.8900972026145524,0.07485022377293711), (-0.1372977965002593,-0.013939322049906241,-0.9904317292862556), 0.5021841970753312, 0.8551071310850888, 2.154426289448789,  (gDx*0, gDy*2, gDz*0)), rgb(0.12526456803172586,0.5747953046757976,0.5489824803376866)  );
  draw(  ellipsoid( (0.6621266540205366,-0.7491155012832864,-0.020353372513157372), (-0.7428541665295247,-0.659687817406118,0.11392835834715168), (-0.09877237116366627,-0.06031541513612594,-0.9932804585773666), 0.4041000772347806, 0.5460719955837863, 1.5623346046723576,  (gDx*0, gDy*2, gDz*1)), rgb(0.12785007002171644,0.5660539561068015,0.5507195082899357)  );
  draw(  ellipsoid( (0.22608423856405999,-0.970234163523055,0.08678470490603091), (0.9705694371616236,0.21678057490586145,-0.10488636704192479), (0.08295109836932915,0.10794373662330811,0.9906902972186211), 0.3062025462242585, 0.46925078917760477, 1.1530011805622586,  (gDx*0, gDy*2, gDz*2)), rgb(0.13154348255359072,0.5548233944615767,0.5526222537322777)  );
  draw(  ellipsoid( (0.12465993418772137,-0.9818620710708458,0.14285228104857975), (0.9893086141105948,0.11201912175455343,-0.09338191692138796), (0.07568597528530283,0.15296597580445137,0.9853289011245455), 0.24741147441019118, 0.49866658842908396, 0.9302089139143839,  (gDx*0, gDy*2, gDz*3)), rgb(0.1332847784151065,0.5498334708652757,0.5533565120177835)  );
  draw(  ellipsoid( (0.9302211014080792,-0.35805049532154753,-0.08055150709412334), (-0.35138612446225864,-0.9322672055310236,0.08605608070770068), (0.10590795074277473,0.05174650028138166,0.9930286026485315), 0.3765985425797493, 0.42944828638797033, 1.5493756128164624,  (gDx*0, gDy*3, gDz*0)), rgb(0.12193196581591181,0.5885750541086204,0.5457446800929827)  );
  draw(  ellipsoid( (-0.07488803044641199,-0.9891527412987131,0.12636707354805074), (0.9951091740483388,-0.08231520396611242,-0.054607132508954714), (0.06441672624940338,0.12165961358338441,0.9904793909022293), 0.27252612604036797, 0.3670473816982781, 1.278228315258264,  (gDx*0, gDy*3, gDz*1)), rgb(0.12012842322074795,0.5998204687129092,0.5426132420753246)  );
  draw(  ellipsoid( (0.08282628363462426,0.9819987772951196,-0.1697592652262806), (-0.9956169280999555,0.0889628805573247,0.02885374089699895), (0.04343661151706847,0.16662535003364026,0.9850630708264736), 0.19947735137717554, 0.39663834906889983, 1.1512003567625058,  (gDx*0, gDy*3, gDz*2)), rgb(0.11961654372484816,0.6170878615804041,0.536860443009626)  );
  draw(  ellipsoid( (0.04411111700271875,0.9766461404695386,-0.21027725902419173), (-0.9986082689608068,0.04919564018792812,0.019008265296988267), (0.0289090733139828,0.20914613382143743,0.9774569863618923), 0.1789312247826768, 0.4455507636325834, 1.075038362550495,  (gDx*0, gDy*3, gDz*3)), rgb(0.11991499132194777,0.6205656652954721,0.5355548433454219)  );
  draw(  ellipsoid( (0.807311721053682,-0.5323155863545053,-0.2547310377111536), (0.0285203027179024,-0.39595688049096145,0.917826095251571), (-0.5894356431216397,-0.7482367708926938,-0.30447882898791706), 0.7097156246725453, 1.1727713315781851, 2.731929472454982,  (gDx*1, gDy*0, gDz*0)), rgb(0.13102235909758078,0.5563438163386684,0.5523871385496857)  );
  draw(  ellipsoid( (-0.8356055428715576,0.4948085330641856,0.2385956670377695), (0.24850440454644585,-0.046864176125188076,0.9674964133872144), (-0.4899070704157535,-0.8677374398992912,0.08380213454129982), 0.6695894228403277, 1.2937461539104729, 2.626564244988385,  (gDx*1, gDy*0, gDz*1)), rgb(0.1307524130824954,0.5571462466643822,0.5522575034576955)  );
  draw(  ellipsoid( (-0.8493877506812538,0.4908866544769217,0.19383173488646177), (0.31847840513052156,0.18387675434038842,0.9299251823016537), (-0.4208467113548111,-0.8515982806873788,0.3125194615894195), 0.5819955691910866, 0.9922236962603067, 2.3977672125276324,  (gDx*1, gDy*0, gDz*2)), rgb(0.12733221738371175,0.5677280342227855,0.5504048030756538)  );
  draw(  ellipsoid( (-0.8324211905013182,0.5260375621339999,0.17423961899776474), (0.3384812546617626,0.2337129852073537,0.9114870711030773), (-0.4387543753023631,-0.817717997704334,0.37260149541225385), 0.49495141322534963, 0.6771588649476636, 1.6963158661227633,  (gDx*1, gDy*0, gDz*3)), rgb(0.13618858804769568,0.5417746661583308,0.5544087727076407)  );
  draw(  ellipsoid( (-0.8667085529953338,0.4510513677798146,0.2129998774382116), (-0.03226822357176673,-0.4768159936931363,0.878410649927441), (-0.4977700733393452,-0.7544528956683679,-0.4278151263166805), 0.706695786866248, 1.9995848196309436, 2.4723730927353778,  (gDx*1, gDy*1, gDz*0)), rgb(0.13233523168745717,0.5525309321502322,0.5529702000890634)  );
  draw(  ellipsoid( (0.8739986609029305,-0.4515930660123688,-0.17941583951656132), (-0.3652377315548681,-0.36697066765907765,-0.8555313720293984), (-0.3205116849485181,-0.8132627077441824,0.4856706991409535), 0.6011075757023832, 1.6765286835336877, 2.1521665014034377,  (gDx*1, gDy*1, gDz*1)), rgb(0.1316486435200223,0.5545189071664763,0.5526684683393809)  );
  draw(  ellipsoid( (0.869253815933277,-0.4742734279094407,-0.13950813261048634), (0.3749981034235433,0.4486826469204291,0.8112091621654819), (-0.32214007188516913,-0.7574619448734742,0.5678707389488492), 0.510048784592193, 1.1488598381070068, 1.6800135664729587,  (gDx*1, gDy*1, gDz*2)), rgb(0.14055195856165775,0.5300900332034747,0.5556627871640246)  );
  draw(  ellipsoid( (0.8246358540678762,-0.5565441087369267,-0.10116502960986104), (0.3621709257488279,0.38208749343988124,0.8502007809329898), (-0.4345203432843868,-0.7377450795410625,0.5166471415627598), 0.4555088814950695, 0.8053011921188127, 1.137950987329156,  (gDx*1, gDy*1, gDz*3)), rgb(0.16539778791017898,0.46672758194245667,0.5581368817773174)  );
  draw(  ellipsoid( (-0.8990171349361269,0.39803276168648194,0.18258727150453272), (0.4162427903811814,0.9062449455250156,0.07390560307614935), (0.1360519406216818,-0.14244303891237986,0.980408001863755), 0.5377431399103108, 1.5352740783845022, 2.1444573152935313,  (gDx*1, gDy*2, gDz*0)), rgb(0.12666719963574222,0.5699252767192158,0.5499783567170904)  );
  draw(  ellipsoid( (-0.8811942479184419,0.4514767748956615,0.1402334452449328), (0.4711882772242606,0.862870678817512,0.18285458442007832), (0.03844873004255011,-0.2272067634706727,0.9730872426413251), 0.44069043795519947, 1.1011833140867553, 1.6228339648212076,  (gDx*1, gDy*2, gDz*1)), rgb(0.13243723824231363,0.5522355782653765,0.5530150284413942)  );
  draw(  ellipsoid( (-0.8316951974805441,0.546879299673182,0.09594858037912118), (0.5549779254724488,0.8240393301308162,0.1138362184713322), (0.016810732467568316,-0.14792638029278413,0.9888554926213328), 0.39471042573913395, 0.7976014155752046, 1.1366968612798165,  (gDx*1, gDy*2, gDz*2)), rgb(0.15158905933058114,0.5015253726949647,0.5575511860713601)  );
  draw(  ellipsoid( (-0.7123681677763958,0.7016528202718768,0.014659923036021934), (0.6982089493774216,0.7106745876896565,-0.0862895904580249), (0.07096376926416535,0.051234267991824047,0.9961622323874582), 0.3673315990257307, 0.6569523163066368, 0.8360247694196469,  (gDx*1, gDy*2, gDz*3)), rgb(0.1736302203771141,0.4465952811877514,0.5578305025755166)  );
  draw(  ellipsoid( (-0.9291866789183765,0.34399764824840695,0.13519516899728087), (-0.3522936816344605,-0.934928138432675,-0.04240917173501847), (-0.11180911233470976,0.08703444126538606,-0.9899109699526247), 0.3980867383167219, 0.8106426295006716, 1.78684646740999,  (gDx*1, gDy*3, gDz*0)), rgb(0.124070620521669,0.5792845519073495,0.5479939447202202)  );
  draw(  ellipsoid( (-0.8748837547773658,0.47954316098859506,0.06794683492058023), (-0.4770895418242097,-0.8774485909825405,0.04969445909475079), (0.0834504925607016,0.01106015062378092,0.9964505448638962), 0.3552697523590419, 0.5705697457647172, 1.3321045694170834,  (gDx*1, gDy*3, gDz*1)), rgb(0.13241207661827467,0.5523084322444138,0.5530039707779997)  );
  draw(  ellipsoid( (0.6508961620162674,-0.7587745407220681,0.024400463612555153), (-0.7548905422468402,-0.6434887691951259,0.1267378126133385), (0.08046400125997187,0.10091283501991494,0.9916360946584583), 0.3324150418935341, 0.46611836028550213, 1.0656781458124696,  (gDx*1, gDy*3, gDz*2)), rgb(0.14195885476517894,0.5263906523182823,0.5559961504606636)  );
  draw(  ellipsoid( (0.39683887029501996,-0.9056556872166764,0.1493542340714248), (-0.9129612302346186,-0.37261172616329663,0.16631985333717697), (0.09497738210470719,0.20235680798455594,0.9746953468396359), 0.2974000498073889, 0.4642745411222408, 0.936193668950024,  (gDx*1, gDy*3, gDz*3)), rgb(0.14518075499604963,0.5180007703128342,0.5566464971879017)  );
  draw(  ellipsoid( (-0.010844306269433928,-0.2960006720992837,0.9551261713189033), (0.7733318807488753,-0.6080165990558933,-0.1796485944557111), (0.6339086710551783,0.7366813540393689,0.23550027467453177), 0.5129540321983906, 0.5357669087201551, 2.318371061740372,  (gDx*2, gDy*0, gDz*0)), rgb(0.11943748831563773,0.6105424209370789,0.5391832085182949)  );
  draw(  ellipsoid( (0.7778196276016824,-0.4992844691551064,-0.381721948253023), (0.30422527430017926,-0.23235799675081512,0.9238272261753974), (0.5499487334239084,0.8347004134457179,0.02883765592046035), 0.5220915053339303, 0.6570595236649088, 2.4103931381384447,  (gDx*2, gDy*0, gDz*1)), rgb(0.11998602285354443,0.601205982700856,0.5421917113686587)  );
  draw(  ellipsoid( (-0.8001866686864922,0.5001954847693508,0.3309165639141808), (0.3640475540327506,-0.033396912670840224,0.9307814053937842), (-0.476624247871618,-0.8652682377392634,0.15537117847401477), 0.45853110498695226, 0.6133708541583839, 2.3585453025652976,  (gDx*2, gDy*0, gDz*2)), rgb(0.11947951977252164,0.6146037780631588,0.5377668248907848)  );
  draw(  ellipsoid( (0.8191480747989073,-0.5049861396526536,-0.27200262923720836), (0.3579403263011923,0.07950209755457936,0.9303537710418647), (0.4481909797850011,0.8594582102947954,-0.24587889375915892), 0.3839905450543326, 0.4799740645733299, 1.9236418169649476,  (gDx*2, gDy*0, gDz*3)), rgb(0.11947645184213568,0.6144158161948456,0.537832785394083)  );
  draw(  ellipsoid( (0.8321669836907807,-0.44362001084959507,-0.33271518935689276), (0.16091093666221024,-0.38100269386299296,0.9104639574039339), (0.5306654140958108,0.8111955579531652,0.2456745510621205), 0.6910119012313799, 1.0924244799665133, 2.6843301373746504,  (gDx*2, gDy*1, gDz*0)), rgb(0.1299680423775648,0.5594778344821864,0.5518808282604124)  );
  draw(  ellipsoid( (-0.8594722845797091,0.43739247151285127,0.26456609363864986), (0.2576605317623897,-0.07632127885401004,0.9632165451060375), (-0.44149568787391136,-0.8960261649404931,0.04710275290016601), 0.6098672472176246, 1.1452050658934845, 2.6695202665329023,  (gDx*2, gDy*1, gDz*1)), rgb(0.1249240338930068,0.5760510882263894,0.548710121201714)  );
  draw(  ellipsoid( (0.8811779836296741,-0.4341174152635255,-0.18726299936521806), (0.26456608125503506,0.12450753140301041,0.9562963260795695), (0.39182923552958104,0.8922107062733804,-0.22456603882924875), 0.5093712876919193, 0.907392241945427, 2.3995076102165562,  (gDx*2, gDy*1, gDz*2)), rgb(0.12182045269731583,0.5891118905755321,0.545607835356902)  );
  draw(  ellipsoid( (0.8840201868223292,-0.449377058864999,-0.12871895065007832), (0.23526165890770842,0.1897689499839365,0.9532259425078543), (0.40393101037009677,0.8729536096424811,-0.2734807749615233), 0.420984001777312, 0.6488550047375372, 1.7129982960143983,  (gDx*2, gDy*1, gDz*3)), rgb(0.12697003471442717,0.568924698755202,0.5501725514088032)  );
  draw(  ellipsoid( (-0.8824400097877897,0.39464969337010297,0.25602978078459787), (0.13142523206665271,-0.3157598662212692,0.9396930963139788), (0.45169352165152,0.8628715584644157,0.22677221190268954), 0.6447922938296491, 1.5718887597706848, 2.236308130011107,  (gDx*2, gDy*2, gDz*0)), rgb(0.13607982721966783,0.5420729074751285,0.5543719788060575)  );
  draw(  ellipsoid( (0.8941475315142833,-0.39596188304028856,-0.20907983897569535), (0.2642803635278785,0.08974171071797153,0.9602615866580233), (-0.3614638036380489,-0.9138712231691076,0.18488727950541375), 0.5260447185111532, 1.292432621871095, 2.0093063449762134,  (gDx*2, gDy*2, gDz*1)), rgb(0.13081658738996688,0.556955484780268,0.5522883216279502)  );
  draw(  ellipsoid( (-0.9022460120981561,0.40649774259014115,0.14391566600649605), (0.24004556695731227,0.19620172094129082,0.9507276216055882), (-0.35823213065987897,-0.8923365228257752,0.274600201372993), 0.4448955813145341, 0.9569641056328956, 1.626055970270326,  (gDx*2, gDy*2, gDz*2)), rgb(0.13468048182448425,0.5459259235995835,0.5538867982844659)  );
  draw(  ellipsoid( (0.8906300988992587,-0.44974017080202633,-0.06716997619219968), (0.1606759317328777,0.17306135844273998,0.9717165281993123), (0.4253954300371222,0.8762325861213549,-0.2263960757668166), 0.3929224268000711, 0.7179586081669421, 1.1854933738502655,  (gDx*2, gDy*2, gDz*3)), rgb(0.1491846428329437,0.5076778219130837,0.5572682433611204)  );
  draw(  ellipsoid( (-0.9211806190136401,0.33472614807184986,0.19845572037769238), (0.3610518972191771,0.9254224169833549,0.11504293832790624), (0.14514749280672953,-0.177628139498413,0.9733347057360344), 0.5038139469180154, 1.4548203791253504, 1.59688269833744,  (gDx*2, gDy*3, gDz*0)), rgb(0.1360978590553358,0.5420234610107036,0.5543780789948751)  );
  draw(  ellipsoid( (-0.9196778096725841,0.3649497717111647,0.1449289154165145), (0.3792716438903124,0.7299695164666762,0.5685925827604039), (-0.10171404296643789,-0.5778894091064268,0.809751865886116), 0.4133308027908854, 1.1284399278418893, 1.248632169274977,  (gDx*2, gDy*3, gDz*1)), rgb(0.14022807362586417,0.5309478164555939,0.5555789701792203)  );
  draw(  ellipsoid( (0.90975670997023,-0.4093690367270485,-0.0689907271545351), (0.24807660535754866,0.40283375358120294,0.8810124657744371), (0.33286743087664494,0.8186219876993573,-0.4680355912927295), 0.3731980901246155, 0.8909899891233544, 0.9364035194723259,  (gDx*2, gDy*3, gDz*2)), rgb(0.15518786115538036,0.4923676496204824,0.5578646011483963)  );
  draw(  ellipsoid( (0.8752675060979935,-0.4824097020744994,0.03446261907330349), (-0.2696792627436086,-0.42766148280226296,0.8627738703585277), (-0.4014721509831811,-0.7644517875391242,-0.5044140923023219), 0.3566671708168334, 0.7085759245675748, 0.796456951786485,  (gDx*2, gDy*3, gDz*3)), rgb(0.17119306962184003,0.452488636865807,0.5579641149904425)  );
  draw(  ellipsoid( (0.15165813604461628,-0.4493048427058904,0.8804118173289746), (0.6758617011194885,-0.6028137614930968,-0.42405958297674956), (0.7212563834943464,0.6593487144717723,0.2122463238623403), 0.24128721111299412, 0.42381751198334106, 1.5893429344662893,  (gDx*3, gDy*0, gDz*0)), rgb(0.12389107774083022,0.6380311017286766,0.528195786848273)  );
  draw(  ellipsoid( (0.20877335897534052,-0.32237434976011947,0.9233030180817638), (0.7063902587861762,-0.6032097938659235,-0.3703386921133533), (0.676333118273941,0.7295291105918738,0.10178796552086435), 0.306896375892428, 0.41799220644148133, 1.5969451441876785,  (gDx*3, gDy*0, gDz*1)), rgb(0.11951712168296821,0.6153972265812141,0.537479529335221)  );
  draw(  ellipsoid( (0.22389232908981077,-0.14374678765320165,0.9639549190777156), (0.7614089785487806,-0.5916035001628557,-0.2650691720671429), (0.6083819461161242,0.7933108846060566,-0.023005390792453218), 0.3408057481169003, 0.3922181134025675, 1.5971758974244505,  (gDx*3, gDy*0, gDz*2)), rgb(0.11946673167609534,0.6093342429999709,0.5395893297938634)  );
  draw(  ellipsoid( (0.3872324224028081,-0.12901841876498,0.9129103453567812), (-0.7382639753538829,0.549733814594654,0.39084400441338746), (-0.5522837619690945,-0.8253162913153931,0.11762510597091788), 0.3211850221607012, 0.34683673342619614, 1.4732089147683851,  (gDx*3, gDy*0, gDz*3)), rgb(0.11944089862770925,0.6104015252349788,0.5392305697061643)  );
  draw(  ellipsoid( (0.09998596292333997,-0.410383359646474,0.9064150844638262), (0.7857572872067655,-0.5262957006323978,-0.3249589529422419), (0.6104001087973011,0.7447135916720776,0.2698395329804675), 0.5089602608640282, 0.6751673970710405, 2.217847357728185,  (gDx*3, gDy*1, gDz*0)), rgb(0.12195409175558143,0.588469877383791,0.5457713454189845)  );
  draw(  ellipsoid( (0.1843804497872915,-0.2232517165886371,0.9571637899421722), (0.8216421108845553,-0.4994114758885073,-0.27475883856945377), (0.5393589633605881,0.8371062350688173,0.0913512991232302), 0.5992447913563487, 0.6190217135404488, 2.1632700995087006,  (gDx*3, gDy*1, gDz*1)), rgb(0.12571008970700762,0.5732181033330284,0.5493113519629752)  );
  draw(  ellipsoid( (0.8776211799747516,-0.47933363527356954,-0.004508941688357057), (0.03991747307247583,0.06370560247812883,0.9971700915873914), (0.47768992013986705,0.8753175779728882,-0.0750431734966226), 0.5152377931289501, 0.5361958936138786, 1.9777989563622742,  (gDx*3, gDy*1, gDz*2)), rgb(0.12299738877923609,0.583688530615279,0.5469625463663497)  );
  draw(  ellipsoid( (0.81596880231429,-0.3300415470387362,0.4746235254157346), (-0.36307555187749607,0.3463099418912122,0.8650118888062505), (0.4498567074954394,0.8781469133212187,-0.16274809168091206), 0.40250783385319305, 0.43001809100941424, 1.5940997560063703,  (gDx*3, gDy*1, gDz*3)), rgb(0.12226226571577037,0.5870049575523895,0.5461427447464897)  );
  draw(  ellipsoid( (0.8619722278332757,-0.42391632066393414,-0.27802667411399945), (0.08720679350714464,-0.4162597968991003,0.9050540075883439), (0.4993984917982248,0.8043772339892968,0.3218360014500963), 0.7852020068772074, 0.884614731453127, 2.4329221376433905,  (gDx*3, gDy*2, gDz*0)), rgb(0.1387715614924962,0.5348153505501917,0.555191121354436)  );
  draw(  ellipsoid( (0.8909846623255288,-0.41359826830978386,-0.18730404147217888), (0.12770562949659164,-0.16759102605877485,0.9775502647840909), (0.43570357319574804,0.8949020730983449,0.09650220654856531), 0.6574866303872453, 0.8821294828624422, 2.2212406311307777,  (gDx*3, gDy*2, gDz*1)), rgb(0.13685072293805056,0.5399764778744757,0.5546204976525664)  );
  draw(  ellipsoid( (0.9149204143523801,-0.40217844181054,-0.03425107799931468), (0.0596595234266505,0.050818190377938346,0.9969243967278646), (0.3992009226765064,0.9141498851225425,-0.07048837396811114), 0.5266228525106823, 0.7269341877079876, 1.8962338419990477,  (gDx*3, gDy*2, gDz*2)), rgb(0.13280648159458092,0.5511888292920306,0.5531639413964324)  );
  draw(  ellipsoid( (0.912675961345122,-0.3803844380180094,0.14943315862445258), (-0.08466936483391674,0.18172066470364834,0.9796982692024545), (0.3998170684717936,0.9067994702983605,-0.13364517359498568), 0.41440955586597444, 0.5545789942691417, 1.4126058040941327,  (gDx*3, gDy*2, gDz*3)), rgb(0.1361153598469887,0.541975470762356,0.5543839995309484)  );
  draw(  ellipsoid( (0.9101103581293372,-0.36587296694575794,-0.19451505875895037), (0.009095148150169027,-0.45167642470940045,0.8921354637283846), (0.4142661153242155,0.8137108696705737,0.4077477238123374), 0.7003776790398033, 1.1343260696071, 2.0450755699059613,  (gDx*3, gDy*3, gDz*0)), rgb(0.1518755323882592,0.5007934956183447,0.5575823762725081)  );
  draw(  ellipsoid( (0.9253620594962753,-0.36045572814832655,-0.11737430251069313), (0.0527983932228735,-0.1840581387092339,0.9814962716424223), (0.3753896489221498,0.9144365858931672,0.15128893502881527), 0.5546289302132525, 0.9832453612675276, 1.7087884769700117,  (gDx*3, gDy*3, gDz*1)), rgb(0.14761470009787084,0.5117132012846645,0.5570500808098269)  );
  draw(  ellipsoid( (0.9307539914471643,-0.3656421938385635,-0.001671373714725084), (-0.006170268683950376,-0.020276654610322405,0.999775367301166), (0.36559394851329235,0.9305346008412239,0.021128687789926152), 0.4488021670687996, 0.7636638527845507, 1.4107211280483365,  (gDx*3, gDy*3, gDz*2)), rgb(0.1459569934210942,0.5159905258341826,0.5567836089716359)  );
  draw(  ellipsoid( (0.913453402328138,-0.385261125755883,0.13106008834293748), (-0.13109953133649932,0.026293637669889788,0.9910204627057076), (0.3852477055849897,0.9224329295940136,0.026489540239624156), 0.38038346732357153, 0.6172132810568491, 1.1111457533748308,  (gDx*3, gDy*3, gDz*3)), rgb(0.15185139862916086,0.500855152184585,0.5575797486718296)  );
