import settings;
import three;
surface ellipsoid(triple v1,triple v2,triple v3,real l1,real l2, real l3, triple pos=O) {
  transform3 T = identity(4);
  T[0][0] = l1*v1.x;
  T[1][0] = l1*v1.y;
  T[2][0] = l1*v1.z;
  T[0][1] = l2*v2.x;
  T[1][1] = l2*v2.y;
  T[2][1] = l2*v2.z;
  T[0][2] = l3*v3.x;
  T[1][2] = l3*v3.y;
  T[2][2] = l3*v3.z;
  T[0][3] = pos.x;
  T[1][3] = pos.y;
  T[2][3] = pos.z;
  return T*unitsphere;
}

size(200);

real gDx=1.5;
real gDy=1.5;
real gDz=1.5;

currentprojection=perspective(up=Y, camera = (gDx*-2.0,gDy*6.0,gDz*14.0), target = (gDx*1.5,gDy*1.5,gDz*0.0) );
currentlight=Viewport;

  draw(  ellipsoid( (-0.8929418824366423,-0.07059169789616589,0.44460275165437524), (-0.428989162312302,-0.1659587513616445,-0.8879335512666887), (-0.13646645451939937,0.9836028187406848,-0.11790844650102227), 0.46254673555476566, 1.0395497238352243, 1.7337153004030577,  (gDx*0, gDy*0, gDz*0)), rgb(0.13282763760819238,0.5511288791102724,0.5531724591755848)  );
  draw(  ellipsoid( (0.9686037690151604,0.08100806458874661,-0.23504134130235702), (0.19830418485723833,0.3184501028894362,0.9269654698195687), (-0.14994061797168867,0.9444719294088589,-0.2923877316868396), 0.4204217640371437, 0.7575719085113909, 1.832076260787335,  (gDx*0, gDy*0, gDz*1)), rgb(0.12492250045673167,0.5760567430604611,0.5487088947596883)  );
  draw(  ellipsoid( (-0.9868878295907778,-0.1518162360722154,-0.054810968523364166), (-0.10677946543402445,0.35942950470885393,0.927042920746592), (0.12103948763617525,-0.9207400619119456,0.3709274603250058), 0.3503496826478849, 0.5631909548693992, 1.7680187399689138,  (gDx*0, gDy*0, gDz*2)), rgb(0.11979016765598359,0.6032425447975266,0.5415665238736199)  );
  draw(  ellipsoid( (0.8904041260946048,0.25736634486826004,0.37542383616767727), (-0.44673480745762684,0.3360682051006242,0.8291478597489363), (-0.08722673924606221,0.9059915706283347,-0.41421102099159895), 0.2797710348961637, 0.447458115163424, 1.5030960686679515,  (gDx*0, gDy*0, gDz*3)), rgb(0.11945233896638686,0.6129385006739683,0.5383512122226825)  );
  draw(  ellipsoid( (-0.9180331805388572,-0.06251123425923405,0.3915449208214776), (-0.39154486581046843,-0.012761844256419689,-0.920070515443592), (-0.06251157882482454,0.9979626650945224,0.01276015635741582), 0.4106756510400731, 1.0800033960263435, 1.9270775467431733,  (gDx*0, gDy*1, gDz*0)), rgb(0.1219589963759246,0.5884465630336695,0.5457772562775659)  );
  draw(  ellipsoid( (0.9600919180754675,0.06994813095365794,-0.27079654322435487), (0.25340960588506606,0.19215507214702132,0.9480822748545343), (-0.11835151241680703,0.9788685750519642,-0.16676100348820025), 0.3590229328641102, 0.8182871178642304, 1.8936507220738654,  (gDx*0, gDy*1, gDz*1)), rgb(0.11980729173574486,0.6030644833918734,0.5416211854841573)  );
  draw(  ellipsoid( (-0.9857820942944987,-0.10718458481149602,0.12940296498588857), (0.09685097479536632,0.26687137104095715,0.9588532525886885), (0.13730823445642026,-0.9577531707582633,0.25269608752996914), 0.30964772758212206, 0.5869512057024513, 1.6941352356068367,  (gDx*0, gDy*1, gDz*2)), rgb(0.11943904285647043,0.6104781956939125,0.5392047974224433)  );
  draw(  ellipsoid( (-0.9857020657227071,-0.1594293864466218,-0.054531718909656544), (-0.09791436263258832,0.27858325583821913,0.9554078433615832), (0.13712846247312047,-0.9470869233094876,0.29021051751431565), 0.27850568132867626, 0.4260907940161519, 1.3677096370675559,  (gDx*0, gDy*1, gDz*3)), rgb(0.12000970854966377,0.6009596916064625,0.5422673182517515)  );
  draw(  ellipsoid( (-0.930132870355971,-0.0838781614691954,0.35751545073172675), (-0.36664751128211054,0.157630008054849,-0.9169091465522976), (-0.020553490068520804,0.9839294865940222,0.17737057099989048), 0.3171023107713915, 0.9135463943343215, 1.730002593304524,  (gDx*0, gDy*2, gDz*0)), rgb(0.11944849661781183,0.6100876172618639,0.5393360878608474)  );
  draw(  ellipsoid( (-0.9487159413189807,-0.08019864674651422,0.3057878999359982), (0.3083737267591328,-0.02182349820428653,0.9510149207929448), (0.06959674799819171,-0.9965399700895874,-0.045435456220014554), 0.2777408334232812, 0.7417590173903578, 1.6361160414264575,  (gDx*0, gDy*2, gDz*1)), rgb(0.1196965062734295,0.6184475951032709,0.5363625280659136)  );
  draw(  ellipsoid( (0.9605394842343065,0.09933040111653224,-0.25980256088214637), (0.2527295651863177,0.07838136378884027,0.9643568471739785), (-0.11615363148704147,0.991962616848352,-0.05018466566335046), 0.2551062556148699, 0.5683016959412874, 1.4010954838565457,  (gDx*0, gDy*2, gDz*2)), rgb(0.11947983158092496,0.6087930255835832,0.539771256562059)  );
  draw(  ellipsoid( (0.964445401424328,0.1111200558421701,-0.23978615652514157), (0.22478980753032668,0.13220996393677945,0.9653963268348986), (-0.13897701285444786,0.9849735319415788,-0.10253063577578286), 0.24643456260196545, 0.4412575268711434, 1.1346240282380475,  (gDx*0, gDy*2, gDz*3)), rgb(0.12262495005153916,0.5852895391016683,0.5465766355259822)  );
  draw(  ellipsoid( (-0.9330408478895428,-0.1305559511730292,0.33524605856425616), (-0.35919826343745487,0.28551623137040366,-0.8885139780372386), (-0.020282596310135584,0.9494396374901081,0.3132937775468456), 0.2511362849288498, 0.70474035688853, 1.3926081004499122,  (gDx*0, gDy*3, gDz*0)), rgb(0.11943006436436929,0.6115738100570256,0.53883011616606)  );
  draw(  ellipsoid( (-0.9346132010326812,-0.1257619483750991,0.33268918947922566), (-0.35353617915571056,0.22628710058055113,-0.9076377681315542), (-0.03886302205730312,0.9659079047464858,0.2559523101377035), 0.22455603757529646, 0.5930822069617997, 1.3712812833424532,  (gDx*0, gDy*3, gDz*1)), rgb(0.12018462765368176,0.6228432308905765,0.53467474484907)  );
  draw(  ellipsoid( (0.9268162166643217,0.13152460270755473,-0.35172855927640156), (0.3713850533120399,-0.18250991864698424,0.9103643620945869), (0.05554136030424983,-0.9743671836007671,-0.21799942389250127), 0.21636652609499635, 0.5080316338979471, 1.2401232093130947,  (gDx*0, gDy*3, gDz*2)), rgb(0.11947645807719082,0.6144161981958908,0.5378326513403974)  );
  draw(  ellipsoid( (-0.9177990471579388,-0.1428105870867125,0.3704727321300828), (-0.38964590649157277,0.14466756495014924,-0.9095313975920539), (-0.07629532482623139,0.9791202336114513,0.18842131392790176), 0.21672486374465622, 0.4479975581003916, 1.0500024787874358,  (gDx*0, gDy*3, gDz*3)), rgb(0.12146024888799853,0.5910547761297414,0.545089943496361)  );
  draw(  ellipsoid( (0.5209620954586124,0.23350237830449155,-0.8210207880568664), (0.5149079611127224,0.6811738518550853,0.5204536243813138), (0.6807850517440234,-0.6938867507562393,0.23463352370630272), 0.6638217738100546, 0.9036936079779047, 1.1021171339712514,  (gDx*1, gDy*0, gDz*0)), rgb(0.2226141034789775,0.33781554225366767,0.5485263040641501)  );
  draw(  ellipsoid( (0.11853116483262614,0.41886394685154293,0.9002795993419871), (-0.9268445068833586,-0.27861709067494905,0.25165805539257263), (0.3562437691013901,-0.8642485237544668,0.35519693997085616), 0.6029695025060814, 0.6920882694166537, 1.133130042582842,  (gDx*1, gDy*0, gDz*1)), rgb(0.19688896751624435,0.3931705460861857,0.5550981323043429)  );
  draw(  ellipsoid( (-0.39855584040565994,-0.46013772473206016,-0.7933640503305786), (-0.9057347241482675,0.06144960337968457,0.4193668509986707), (0.1442146024180631,-0.8857184770133691,0.4412538134979885), 0.41304252324303076, 0.645280590802938, 1.1742597366925656,  (gDx*1, gDy*0, gDz*2)), rgb(0.15398915874991934,0.4954114677388335,0.5577739782322472)  );
  draw(  ellipsoid( (-0.40194329740536944,-0.4381259388257318,-0.8040443068631044), (-0.9150338551962801,0.15960300672290878,0.3704590720844074), (0.033979839839702,-0.8846313028449075,0.46505142566321594), 0.29089353815485397, 0.5946905327379237, 1.1793560531023004,  (gDx*1, gDy*0, gDz*3)), rgb(0.1289090916291435,0.5627141050912496,0.551323981880819)  );
  draw(  ellipsoid( (-0.6724741507008828,-0.22947016437585746,0.7036490320468318), (-0.7007792665148853,-0.10842475201313562,-0.7050904146091829), (-0.23809018514417182,0.9672577302933313,0.08789509045337578), 0.7729688638698743, 1.1817286605393837, 1.4372341169651566,  (gDx*1, gDy*1, gDz*0)), rgb(0.20134034632446812,0.3834503051716299,0.5542734973718592)  );
  draw(  ellipsoid( (0.833009155001413,0.11484371362165371,-0.5412085264714698), (0.4780159365119659,0.34312810461469745,0.8085566574236549), (-0.2785615051015128,0.9322413986007663,-0.23093172716295873), 0.7122466256801604, 0.8085864560235566, 1.4761455028209198,  (gDx*1, gDy*1, gDz*1)), rgb(0.18136526558379035,0.42825946046210867,0.5572086902123086)  );
  draw(  ellipsoid( (0.5308075822225714,0.38604720177220614,0.7544606475217099), (0.8190450498552111,-0.004961563301568028,-0.5737077559152215), (-0.21773496954486204,0.9224656854829095,-0.31882368504213093), 0.5290508865324648, 0.6363800486637917, 1.4283694825198894,  (gDx*1, gDy*1, gDz*2)), rgb(0.15330711108292938,0.4971449762513176,0.5577186101095168)  );
  draw(  ellipsoid( (0.39596017433644665,0.388935078442932,0.8318323419391921), (0.9036161991602075,-0.003858970492280038,-0.4283256622734623), (-0.1633808585933822,0.921257083068201,-0.3529760359315619), 0.35897117763266573, 0.5774954581269677, 1.237536939642608,  (gDx*1, gDy*1, gDz*3)), rgb(0.13835786942250775,0.5359209328432617,0.5550733528058265)  );
  draw(  ellipsoid( (-0.7502787985984747,-0.24892262219041217,0.6124697972434876), (0.6609210620151166,-0.3052202683824433,0.6855829180729053), (-0.0162810981951359,-0.9191725169577247,-0.39351850008755834), 0.7327598646041573, 1.1933374239260717, 1.6837506131843143,  (gDx*1, gDy*2, gDz*0)), rgb(0.17467707186844336,0.44407837664700933,0.5577644769049627)  );
  draw(  ellipsoid( (0.8593448804347759,0.1732780371176741,-0.4811456103127063), (0.4756681925547914,0.07466184231628056,0.876450443489874), (-0.18779283016717813,0.982038864380929,0.0182625787668818), 0.6504882231728804, 0.9485663157355277, 1.5505546271568438,  (gDx*1, gDy*2, gDz*1)), rgb(0.17086678764211122,0.45328423563375225,0.5579781364727208)  );
  draw(  ellipsoid( (0.8641964864557329,0.15030141536344294,-0.48018112971805954), (0.4371977396096057,0.2480534155401214,0.8644811389030597), (-0.24904330803661018,0.9570156673631971,-0.14865545110609496), 0.5713934032010275, 0.6529020623100309, 1.4013091671788016,  (gDx*1, gDy*2, gDz*2)), rgb(0.16121972959071126,0.47714960802653145,0.5581243894649748)  );
  draw(  ellipsoid( (0.01913661354262417,0.20867141956112412,0.9777985624250353), (-0.9688961184062029,-0.23746699090557083,0.06964007443740014), (0.24672677552206074,-0.94871790690837,0.19763661440099567), 0.4424711673333629, 0.5256128558477267, 1.1648121207929147,  (gDx*1, gDy*2, gDz*3)), rgb(0.15536490144651857,0.49191878251807075,0.5578762821572961)  );
  draw(  ellipsoid( (-0.7477626777450136,-0.3236477891139702,0.5797439834730896), (-0.6608906845289213,0.4467480709863975,-0.6030254258095811), (0.06383166043979134,0.8340673052407533,0.5479573427320116), 0.589024034620691, 0.9903683749226271, 1.6681417110008598,  (gDx*1, gDy*3, gDz*0)), rgb(0.15464255193361634,0.49375119160631054,0.5578262136625083)  );
  draw(  ellipsoid( (-0.7942928570687395,-0.2651462669747186,0.54662264343782), (-0.604387642473046,0.2533909332939891,-0.7553202053104858), (-0.061761111028316884,0.9303174146675812,0.361517735568776), 0.5304051704697694, 0.8535261131716272, 1.4419203016829516,  (gDx*1, gDy*3, gDz*1)), rgb(0.1582353297216532,0.4846549431252502,0.5580337370534465)  );
  draw(  ellipsoid( (-0.7440001136783462,-0.24400454585850234,0.6220334496206729), (-0.6476888331659441,0.03458414152146701,-0.7611196440424862), (-0.16420416023580395,0.9691572208654329,0.18376962481771886), 0.4787204687920144, 0.7077611135630443, 1.2329238460641854,  (gDx*1, gDy*3, gDz*2)), rgb(0.16286253572259796,0.4730378753525115,0.5581438869088204)  );
  draw(  ellipsoid( (-0.5853736389855827,-0.1786402338511621,0.7908383966591269), (0.7780310346140887,0.1505901468131397,0.6099100891607941), (-0.22804695121423305,0.972322104311323,0.050836143731541814), 0.4152879473217063, 0.5988303460813915, 1.0396874476617881,  (gDx*1, gDy*3, gDz*3)), rgb(0.1654686558767009,0.46655206561203744,0.5581358423804751)  );
  draw(  ellipsoid( (-0.041062802504377084,-0.9356493282277242,0.35053413647959464), (-0.048883036213558155,-0.34852863814150464,-0.9360225623166208), (0.9979600668468805,-0.05557088250366875,-0.031425817359823055), 0.5247661592784348, 0.6448750845590787, 1.7234265929801373,  (gDx*2, gDy*0, gDz*0)), rgb(0.1368233238924041,0.5400505277181061,0.5546119882573326)  );
  draw(  ellipsoid( (-0.08078187851761667,-0.6854904381271635,-0.7235863095301032), (-0.003505657863460865,-0.725758993961793,0.6879401086188465), (0.9967256385114759,-0.05810974031774049,-0.05622507993854155), 0.4704877644524184, 0.6446692396011567, 1.4550870811645034,  (gDx*2, gDy*0, gDz*1)), rgb(0.1444846854552302,0.519805907856464,0.5565183381858041)  );
  draw(  ellipsoid( (-0.08669951403350473,-0.5486186900500265,-0.8315652272637107), (0.05972950362582308,-0.8360692785536968,0.5453627672066674), (0.994442346575691,0.0023862913681707487,-0.10525552218548573), 0.36120909389930417, 0.766231464562386, 1.2534507794628347,  (gDx*2, gDy*0, gDz*2)), rgb(0.13803952114706028,0.5367717110957285,0.5549827264267594)  );
  draw(  ellipsoid( (0.09090012500614868,0.4768509954391624,0.8742712939485926), (-0.26057099115094473,0.8587098101347264,-0.4412711417586658), (-0.9611659200390329,-0.1876981356515352,0.20231036559815044), 0.2965614725291117, 0.8889346195567746, 1.1383747509686657,  (gDx*2, gDy*0, gDz*3)), rgb(0.12724131978316822,0.5680283631558819,0.5503465144797896)  );
  draw(  ellipsoid( (-0.07820440342897313,-0.8151713965574582,0.5739160788119478), (0.030490213142250734,0.5734541726770737,0.8186700548705768), (0.9964709821097946,-0.08152242681505924,0.01999189183956282), 0.763332033441514, 0.9392814453970986, 2.124534832313366,  (gDx*2, gDy*1, gDz*0)), rgb(0.15112866099568611,0.5027015914645578,0.5575010594842738)  );
  draw(  ellipsoid( (0.06747506798334661,0.604473394568531,0.7937625781425072), (-0.11065099248802888,-0.7861341902053971,0.6080702203294606), (0.9915661718019916,-0.12886019652670383,0.013841123113473519), 0.6691737785848264, 0.8789790922474172, 1.7216626532249741,  (gDx*2, gDy*1, gDz*1)), rgb(0.16078419838349453,0.4782412373624261,0.5581170175758885)  );
  draw(  ellipsoid( (-0.08652697994180204,-0.5245486400262,-0.8469721400310727), (-0.12146078426504177,-0.8382642083484014,0.5315641023317402), (0.9888176574211608,-0.14886853679905537,-0.008820381138949368), 0.4680218527081308, 0.9681336668760054, 1.3838381541968867,  (gDx*2, gDy*1, gDz*2)), rgb(0.14926185692694516,0.5074799775887181,0.5572779152726862)  );
  draw(  ellipsoid( (-0.09091978463934322,-0.46035640683011164,-0.8830660062824319), (0.0024048869274392367,-0.8868375947065303,0.4620749908121), (-0.9958553154349289,0.03988808475728788,0.08173818822553931), 0.3338496569907623, 1.016269159059769, 1.1693844271178815,  (gDx*2, gDy*1, gDz*3)), rgb(0.1303742425980242,0.5582703805580927,0.552075896162893)  );
  draw(  ellipsoid( (-0.09663125902048725,-0.7709155113273425,0.6295646703675624), (-0.014831918268107138,0.6335698063604411,0.7735433502195473), (0.9952097336645195,-0.06541081610326105,0.07265680392159889), 0.949935454399246, 1.3557108378042502, 2.3718142378290095,  (gDx*2, gDy*2, gDz*0)), rgb(0.16560777659818413,0.46620750995849736,0.5581338019432266)  );
  draw(  ellipsoid( (-0.010208891057172124,0.4035585843445779,0.9148968507679885), (-0.2100818354581333,-0.8953899006436634,0.3926099186672086), (0.9776305032853284,-0.18819509777656604,0.09392126606335814), 0.952207986064771, 1.0521207998451558, 1.913937492579366,  (gDx*2, gDy*2, gDz*1)), rgb(0.18428793512396738,0.4214862432884876,0.5568990798500134)  );
  draw(  ellipsoid( (0.041390344406799257,0.4680810765235836,0.8827156649739538), (-0.33162194434718684,-0.826954865543115,0.45406226046871584), (0.9425039657302657,-0.3115216784673126,0.12099801001516726), 0.6315633971974015, 1.0635951593447455, 1.5537003324797558,  (gDx*2, gDy*2, gDz*2)), rgb(0.16747079780177987,0.46160321019044326,0.5580980652626468)  );
  draw(  ellipsoid( (0.03011821984829105,0.40632371211730733,0.9132326832764919), (-0.3382188441951337,-0.855610428052334,0.3918402848603109), (0.9405854061511256,-0.3206740344638355,0.11165687330482132), 0.4150482721940143, 1.012602769289945, 1.2759556185838759,  (gDx*2, gDy*2, gDz*3)), rgb(0.14290151765170916,0.5239268743193966,0.5561996799475282)  );
  draw(  ellipsoid( (-0.11443452017677709,-0.7791358402853362,0.6163214120690387), (-0.12696580332402155,0.6267797022514572,0.7687827323970412), (0.9852839313508551,-0.00972353991290645,0.17064884234405295), 0.9201031418150415, 1.6007943081328642, 2.2074687332948817,  (gDx*2, gDy*3, gDz*0)), rgb(0.16937753587617843,0.4569200903456311,0.5580391842989728)  );
  draw(  ellipsoid( (-0.22801029673882992,-0.6320584626126156,0.7406169080036233), (0.009117539331844176,0.7592341028804385,0.6507537533505806), (0.9736160306083722,-0.15513116019392512,0.16735037519911258), 0.9555093206194326, 1.1979930169610034, 1.8441773813500597,  (gDx*2, gDy*3, gDz*1)), rgb(0.19618260837467533,0.3947236612032054,0.5552202338000983)  );
  draw(  ellipsoid( (-0.14896986888910208,0.1192145714582656,0.9816291887037517), (-0.28447846135485066,-0.9559052616750622,0.072918692576785), (0.9470374771825771,-0.26838967315072537,0.17631505936166214), 0.763242799849375, 0.9930112286419243, 1.603784969101505,  (gDx*2, gDy*3, gDz*2)), rgb(0.1845657158158493,0.4208474147130076,0.556867079782372)  );
  draw(  ellipsoid( (-0.12291649422164867,0.21889141750013838,0.9679762821438548), (-0.2857897854681127,-0.9418613925997553,0.1766955450828897), (0.950376627432698,-0.2549189370659415,0.17832723166925746), 0.5125749416900883, 0.9220680551563786, 1.3727945049242911,  (gDx*2, gDy*3, gDz*3)), rgb(0.15908035227856712,0.48252364049876767,0.5580683454858116)  );
  draw(  ellipsoid( (0.03804241655665441,-0.9992005462420348,-0.012289952487646076), (0.0934199382948934,-0.008688766107220441,0.9955888812519513), (-0.9948997385020801,-0.039022733542802834,0.0930147117145405), 0.3501007138606978, 0.6034960538591909, 2.605747294753275,  (gDx*3, gDy*0, gDz*0)), rgb(0.13155907047036344,0.6538447977316761,0.5202881175802828)  );
  draw(  ellipsoid( (-0.030099729645957495,0.930537538152874,0.36495738979177933), (0.08334368912166264,-0.3615148760569806,0.9286338481194285), (0.996066180411137,0.05836852300593948,-0.06667293126354351), 0.37115808882798873, 0.5564640638985404, 2.4512457988353296,  (gDx*3, gDy*0, gDz*1)), rgb(0.126313124754753,0.6440766357411575,0.5253256324747082)  );
  draw(  ellipsoid( (-0.050439184701476826,0.7184903828509033,0.6937055992259344), (0.07443661868541591,-0.6899533604000597,0.720016354169367), (0.9959493352803307,0.08795413704555145,-0.01868130967678796), 0.3702998216991047, 0.6046534932275932, 2.3281087350175964,  (gDx*3, gDy*0, gDz*2)), rgb(0.12267527898483813,0.634326275590608,0.5298732993461039)  );
  draw(  ellipsoid( (0.0907244007859871,-0.5605398535768463,-0.8231428525195803), (0.08600566732283584,-0.8190533031361926,0.5672342653701781), (0.9921552843634798,0.12225693916395809,0.026098515970893195), 0.3522010487277748, 0.7096938636216383, 2.2009530270894446,  (gDx*3, gDy*0, gDz*3)), rgb(0.1210069845465531,0.6276500476800143,0.5327346151104745)  );
  draw(  ellipsoid( (-0.019553719161971912,0.9991429221380607,0.03648387600505568), (0.07019901610117021,-0.03502879562578736,0.9969177908009439), (0.9973413408684924,0.02205458270800709,-0.06945390684629119), 0.48059779989524, 0.8265593031302034, 3.297968407775178,  (gDx*3, gDy*1, gDz*0)), rgb(0.12625206199810357,0.6439326287484383,0.5253950291522199)  );
  draw(  ellipsoid( (0.011677684313976755,-0.9044385135293267,-0.42644414280644666), (0.06025449098458824,-0.42506175563491255,0.903156631051754), (-0.9981147368941365,-0.03624195278165887,0.049532745263317975), 0.446969794870001, 0.7538756683762502, 2.8754006282638827,  (gDx*3, gDy*1, gDz*1)), rgb(0.12326964325929309,0.6362458831766568,0.5290148315115334)  );
  draw(  ellipsoid( (-0.033836034489635375,0.7213669278773469,0.6917260137762745), (0.05983111005840872,-0.6894189318195573,0.721887646880011), (0.99763488363188,0.06581255057798642,-0.019832981299471607), 0.3848851674497525, 0.7669484923038687, 2.4874905247838885,  (gDx*3, gDy*1, gDz*2)), rgb(0.12209327994832767,0.6322938432305016,0.5307676181130729)  );
  draw(  ellipsoid( (0.07032934909847342,-0.5795084557238497,-0.8119259402186532), (0.08181901023053494,-0.8078476050710187,0.5836847578495735), (0.9941626789516294,0.10748114590744727,0.009400587967854188), 0.3312683491417022, 0.826728205452464, 2.1706246752113767,  (gDx*3, gDy*1, gDz*3)), rgb(0.12187417013325481,0.6314331554268733,0.5311378948928366)  );
  draw(  ellipsoid( (-0.014367679769246761,0.9998901322666653,-0.0036459804989691855), (0.04091646586420878,0.00423123413812594,0.999153611552724), (0.9990592638073236,0.014206338494448278,-0.040972763481973505), 0.6730492661610269, 1.1685492739528351, 4.040880848112553,  (gDx*3, gDy*2, gDz*0)), rgb(0.12067234829750441,0.6259976120782429,0.533417868368303)  );
  draw(  ellipsoid( (-0.005170420571772919,0.925219380411945,0.3793973706567398), (0.006919286229649321,-0.3793602582526563,0.9252231719626082), (0.9999626944187383,0.007408951924146799,-0.004440405634906432), 0.5902402568420265, 1.0371593895650182, 3.3666261860032973,  (gDx*3, gDy*2, gDz*1)), rgb(0.11969648521325864,0.6184472369828655,0.5363626592044775)  );
  draw(  ellipsoid( (0.03195887186357628,-0.7638266470008148,-0.644629726153472), (-0.008262481923650365,-0.6451390449723853,0.7640205128428034), (0.9994550324560224,0.019090992211296242,0.026929019936109154), 0.4767384160432178, 0.9794056155105536, 2.746701492239997,  (gDx*3, gDy*2, gDz*2)), rgb(0.11957006038355193,0.6162974295777142,0.5371498878894567)  );
  draw(  ellipsoid( (0.07223364799859877,-0.6031086052343309,-0.7943817157948152), (0.013492190663275672,-0.7957985399578174,0.605411136825308), (0.9972964759227421,0.054449004520794535,0.04934617532062794), 0.37130705810332715, 0.9456368149710319, 2.2611392268003225,  (gDx*3, gDy*2, gDz*3)), rgb(0.1201064454570331,0.6223285197323886,0.5348793941178559)  );
  draw(  ellipsoid( (0.009062600631950468,-0.9950428646685939,0.09903315980975236), (0.00544877822739916,0.09908489594725399,0.9950640653801898), (0.9999440884797581,0.008478258502783748,-0.0063197347369634465), 0.8209421721679869, 1.5308927595117598, 4.428688126398029,  (gDx*3, gDy*3, gDz*0)), rgb(0.11947973013740394,0.6087972166827603,0.5397698477509133)  );
  draw(  ellipsoid( (-0.0006755740515517274,0.9654660635634313,0.2605279710645927), (-0.05959933075358415,-0.26010378376011734,0.9637395610056665), (0.9982221513137373,-0.014876215278169595,0.05771685062069664), 0.739655045054729, 1.2776180394690013, 3.6705721273663396,  (gDx*3, gDy*3, gDz*1)), rgb(0.12033591353731209,0.5982052903924248,0.543087442989079)  );
  draw(  ellipsoid( (-0.04206021869936379,0.8136382760852474,0.5798479918840698), (-0.10285567224850145,-0.580804172957639,0.8075191783241448), (0.9938066455248076,-0.02567622176293551,0.10811606238996123), 0.5916678692450064, 1.110839013871425, 2.9551463831394678,  (gDx*3, gDy*3, gDz*2)), rgb(0.12047874332178227,0.5970934526198683,0.5434138679299083)  );
  draw(  ellipsoid( (-0.1075145534373102,0.6290408563214999,0.7699014364692989), (-0.08946231163093787,-0.7773698370703093,0.6226496857872248), (0.9901702457642447,-0.0019332593192281644,0.13985402000507494), 0.4447732232466478, 0.9791744051830449, 2.4078853919258045,  (gDx*3, gDy*3, gDz*3)), rgb(0.11954975340289933,0.6068494213749263,0.5404154536381727)  );
