import settings;
import three;
surface ellipsoid(triple v1,triple v2,triple v3,real l1,real l2, real l3, triple pos=O) {
  transform3 T = identity(4);
  T[0][0] = l1*v1.x;
  T[1][0] = l1*v1.y;
  T[2][0] = l1*v1.z;
  T[0][1] = l2*v2.x;
  T[1][1] = l2*v2.y;
  T[2][1] = l2*v2.z;
  T[0][2] = l3*v3.x;
  T[1][2] = l3*v3.y;
  T[2][2] = l3*v3.z;
  T[0][3] = pos.x;
  T[1][3] = pos.y;
  T[2][3] = pos.z;
  return T*unitsphere;
}

size(200);

real gDx=1.5;
real gDy=1.5;
real gDz=1.5;

currentprojection=perspective(up=Y, camera = (gDx*-2.0,gDy*6.0,gDz*14.0), target = (gDx*1.5,gDy*1.5,gDz*0.0) );
currentlight=Viewport;

  draw(  ellipsoid( (0.7040925712316204,-0.6738347579729138,0.22405439090549037), (-0.4356406145471664,-0.16071606671405325,0.8856565930748392), (-0.5607770556053563,-0.7211914203923593,-0.4067087767174915), 0.4210802845374677, 0.4477369698837831, 3.368181222876662,  (gDx*0, gDy*0, gDz*0)), rgb(0.15630956806541446,0.6823774385769539,0.502654410358701)  );
  draw(  ellipsoid( (0.8678014884594605,-0.494659673725519,0.047248109140027625), (-0.1912257424248684,-0.24468101522879016,0.9505597909761734), (-0.45864288074884885,-0.8339322562273098,-0.3069262125691215), 0.47682282566955525, 0.6701020218582767, 3.096469160488162,  (gDx*0, gDy*0, gDz*1)), rgb(0.12661053422191726,0.6446954574879175,0.5250169328314086)  );
  draw(  ellipsoid( (0.9054988132882318,-0.37288519964446604,0.2025549975184783), (-0.2172689561595688,0.002624994520996692,0.976108247118677), (0.3645080243601447,0.9278737722825616,0.07863944867045504), 0.4839988324843382, 0.8922522967636605, 2.8290024157230804,  (gDx*0, gDy*0, gDz*2)), rgb(0.11991414919469556,0.6205575724966687,0.5355579318801872)  );
  draw(  ellipsoid( (-0.8854578663651408,0.21916781212567127,-0.40979243162867085), (-0.32474531353192365,0.3389585767439879,0.8829765368291179), (-0.33242269512045247,-0.914916692043454,0.2289598182850397), 0.4409443849611384, 0.9696422782318131, 2.8285898543007457,  (gDx*0, gDy*0, gDz*3)), rgb(0.1214291307234772,0.6296849909642168,0.531889973294553)  );
  draw(  ellipsoid( (-0.05614214904891193,-0.31734248755468686,0.9466476666071559), (0.852232142517719,-0.5091803995885632,-0.12014864100142476), (0.5201427057643199,0.8000181662108898,0.2990359499671191), 0.43406326832, 0.47696115584535564, 3.1815490382403286,  (gDx*0, gDy*1, gDz*0)), rgb(0.14502209056101695,0.6713223426515581,0.5100324441930101)  );
  draw(  ellipsoid( (0.792628524163043,-0.4295589558675268,0.4326882551180659), (-0.46901970202800625,0.023855003392413227,0.8828654812159712), (-0.38956455407631285,-0.9027236798972031,-0.18256345735161592), 0.532433662994073, 0.5997920992471728, 3.33412807914681,  (gDx*0, gDy*1, gDz*1)), rgb(0.1300468402717866,0.6513469895898709,0.5216271721051645)  );
  draw(  ellipsoid( (-0.8093959260206837,0.2674231026341371,-0.5228413900205794), (-0.5144936043884641,0.1063575124410237,0.850872734661726), (-0.2831511362938271,-0.957691476272442,-0.051502138699524566), 0.5037034901623976, 0.7525007127592584, 3.3384242336131984,  (gDx*0, gDy*1, gDz*2)), rgb(0.12660160353526903,0.6446769875499432,0.5250261627290235)  );
  draw(  ellipsoid( (-0.7717773509927779,0.16195204615465075,-0.6149237800255348), (-0.5816448429910311,0.21103754645448408,0.7855904980385203), (-0.25699999439009485,-0.96396819902567,0.06867542610495896), 0.4300578239759363, 0.8404967635120907, 2.991413452545767,  (gDx*0, gDy*1, gDz*3)), rgb(0.12546953515081688,0.6420871611642163,0.5262843562354558)  );
  draw(  ellipsoid( (-0.021165248487524383,-0.20247973281953108,0.9790577051705343), (0.8921264461347295,-0.4458616744726711,-0.07292305083746396), (0.45128974768266034,0.8718998365831689,0.19007429758587557), 0.38999911288309824, 0.5298046006594334, 2.784120397329774,  (gDx*0, gDy*2, gDz*0)), rgb(0.1342520301644452,0.6579785863265761,0.5180141894839672)  );
  draw(  ellipsoid( (0.26277739303800784,-0.2061466998615656,0.942577094907538), (0.9085670247736624,-0.27592494259547345,-0.3136421329279914), (0.32473682144481814,0.9388125287776419,0.1147912566707313), 0.4311051150715794, 0.5926900315858564, 3.2849631036546945,  (gDx*0, gDy*2, gDz*1)), rgb(0.13960547708852505,0.6650995036079101,0.5138784444870088)  );
  draw(  ellipsoid( (0.47186177564773724,-0.18420333925918414,0.8622155151053189), (-0.845788988503869,0.18158374499688704,0.5016655564003848), (-0.24897279290751106,-0.9659691886176658,-0.0701147276480633), 0.4104229894821877, 0.6601234827372986, 3.2335535556941344,  (gDx*0, gDy*2, gDz*2)), rgb(0.13779698311158298,0.6628273901370532,0.5152289882301518)  );
  draw(  ellipsoid( (0.5241616707804985,-0.17163820614512088,0.8341431945870452), (-0.8215510843041484,0.15605907346914333,0.5483606308503837), (-0.22429524908761236,-0.9727208704346986,-0.05920936967650037), 0.35992134600224546, 0.7198252864272731, 2.6444716632720207,  (gDx*0, gDy*2, gDz*3)), rgb(0.12837127015060928,0.6482708797966994,0.523220656215355)  );
  draw(  ellipsoid( (0.0429459716433017,-0.10680484535345806,0.9933520868899589), (0.9126498740476473,-0.4003297596409002,-0.08250024816127947), (0.4064798284299312,0.9101257103031881,0.08028287815400406), 0.32557973996813416, 0.5580593591465061, 2.307835606671617,  (gDx*0, gDy*3, gDz*0)), rgb(0.12827386103576488,0.6480920504368713,0.5233132932675024)  );
  draw(  ellipsoid( (0.17502619167625239,-0.13640357169817452,0.9750691759333224), (0.9318160029263655,-0.2968595310753323,-0.2087902188802568), (0.3179383099244879,0.945128818964756,0.07514483777775943), 0.29978240189250205, 0.5938919903058244, 2.635818306971256,  (gDx*0, gDy*3, gDz*1)), rgb(0.1428615706296181,0.6689452121780229,0.511530694072837)  );
  draw(  ellipsoid( (0.23176524906360244,-0.1719701520345853,0.957450330897477), (0.9345654171455018,-0.23377089640658366,-0.2682138122262096), (0.269948792185,0.9569626088842051,0.10653738684328407), 0.26915499649156877, 0.6451017273562133, 2.6477421638939407,  (gDx*0, gDy*3, gDz*2)), rgb(0.1505005038010798,0.676967130159492,0.5063615569441511)  );
  draw(  ellipsoid( (0.2782943955983441,-0.21970160267680955,0.9350312482263862), (0.9286144433170868,-0.1871889174048711,-0.3203677962337808), (-0.24541280537382162,-0.9574400842778802,-0.1519244548337003), 0.251523347642882, 0.7064330155930869, 2.200834106336211,  (gDx*0, gDy*3, gDz*3)), rgb(0.13843574176185725,0.6636298988279412,0.5147519772422773)  );
  draw(  ellipsoid( (-0.6926396251319603,0.7159147891067855,-0.0878428394079121), (-0.47932133516125797,-0.3658543095924655,0.7977478811077152), (-0.5389818246993913,-0.5946567403896198,-0.5965584244253925), 0.3060813201378203, 0.5943250352013267, 2.7563570774243766,  (gDx*1, gDy*0, gDz*0)), rgb(0.1456371637836664,0.6719890278138081,0.5096093376809612)  );
  draw(  ellipsoid( (-0.8209445208061555,0.5688025916198329,0.05013686792085226), (-0.30686596479821965,-0.5135276955091619,0.8013255178724233), (-0.48154270154038187,-0.6424584949330276,-0.5961239039676061), 0.2990003492504011, 0.9125415402687495, 2.1734388752639293,  (gDx*1, gDy*0, gDz*1)), rgb(0.1263740708123933,0.6442064173189871,0.5252613186379581)  );
  draw(  ellipsoid( (-0.8787626534012509,0.4769229691393986,0.01790755411699953), (0.1375888193222445,0.21723111773203954,0.9663746469596559), (0.4569961879323546,0.8516778281698713,-0.25651386165107604), 0.30357498477252287, 1.4040225187023752, 1.5837372935639291,  (gDx*1, gDy*0, gDz*2)), rgb(0.12082046297394307,0.6267290031489589,0.5331154509359518)  );
  draw(  ellipsoid( (0.9304823238206642,-0.3490776138838701,0.1111191457060408), (0.16539989623077325,0.6709659489942466,0.7228053469760026), (0.32687232887496936,0.6541785037552016,-0.6820593565375815), 0.3164929285451369, 1.0069640807889362, 2.405643157719969,  (gDx*1, gDy*0, gDz*3)), rgb(0.12897309827698789,0.6493757511297227,0.5226483115880969)  );
  draw(  ellipsoid( (0.8071439282921694,-0.5903510791205552,0.0020693965983802918), (-0.2753496201730575,-0.37336009558060623,0.8858808191278291), (0.5222080674325501,0.7156031319168719,0.4639082796190698), 0.34027724471131926, 0.584878079298552, 2.807312534089834,  (gDx*1, gDy*1, gDz*0)), rgb(0.14020220548892637,0.6658492073140221,0.5134328207703733)  );
  draw(  ellipsoid( (0.8885168616694323,-0.4570052542544801,-0.04103637548445141), (-0.1136231200451038,-0.30578977411579095,0.9452948749662348), (0.44455322866932195,0.8352477546393117,0.3236257332933673), 0.3491170317897483, 0.8761817430714308, 2.460512795002852,  (gDx*1, gDy*1, gDz*1)), rgb(0.12468183133357508,0.6401926527172276,0.5271925478215496)  );
  draw(  ellipsoid( (0.9289369921597417,-0.36426903825562473,0.06621278098323848), (-0.037663880153209886,0.08493447982086225,0.9956744278474586), (-0.36831711435801745,-0.9274126384225537,0.06517899481505919), 0.35268166868254414, 1.055236482784554, 2.367102893143102,  (gDx*1, gDy*1, gDz*2)), rgb(0.12293679906804295,0.6351709022904284,0.5294955737842313)  );
  draw(  ellipsoid( (0.9344444589477883,-0.2626639649031632,0.24046038069321338), (0.10346043967774654,-0.44587237890951303,-0.889097159565398), (-0.34074842708875797,-0.8556900509337019,0.38946764457348165), 0.33793330501316327, 0.9695016456532999, 2.638549261668187,  (gDx*1, gDy*1, gDz*3)), rgb(0.13020107033073158,0.6516051155386441,0.5214894016656363)  );
  draw(  ellipsoid( (0.8821122041298892,-0.45236603392229646,-0.1313127209318285), (-0.04607731992309269,-0.3603032941173989,0.9316965261483248), (-0.4687802682641555,-0.8158103380085124,-0.3386717473965367), 0.37969006372085584, 0.5742599803541453, 2.8516650108513035,  (gDx*1, gDy*2, gDz*0)), rgb(0.13534783010572413,0.6595319129816012,0.5171341473518343)  );
  draw(  ellipsoid( (0.9285679625951448,-0.3707177537751902,0.01816276074221659), (-0.08935759725645424,-0.1757900428208096,0.9803637491551854), (0.3602454144808162,0.9119573498146364,0.19635944964429317), 0.40739392974183775, 0.7789405776244941, 3.060410432066509,  (gDx*1, gDy*2, gDz*1)), rgb(0.13043737901677988,0.6519948477196323,0.5212803634958335)  );
  draw(  ellipsoid( (0.9345428270247002,-0.29011124297816354,0.20607079160896719), (-0.2067054489845141,0.0288089816312246,0.97797898747237), (0.2896593893123298,0.9565592032253083,0.03304434759790947), 0.40094261320141256, 0.8637005055674988, 3.1109747190755197,  (gDx*1, gDy*2, gDz*2)), rgb(0.131179053414765,0.653218054473238,0.5206242798734451)  );
  draw(  ellipsoid( (-0.8978979215117111,0.23292277006029904,-0.3735322017341826), (-0.331652810236206,0.20001927090936555,0.9219537432687785), (-0.2894576584016664,-0.9517033542298374,0.10234739635330757), 0.3608404856528355, 0.8598195309499187, 2.8357169247724023,  (gDx*1, gDy*2, gDz*3)), rgb(0.13117122075044502,0.6532051364489393,0.5206312086319326)  );
  draw(  ellipsoid( (0.8979623894606056,-0.3400123610768535,-0.2793835024283701), (0.17319245585698925,-0.31058121573625785,0.9346355876308226), (0.40455892073766525,0.8876547204553872,0.22000267476747642), 0.39804614041752, 0.5067779065986604, 2.629682518414535,  (gDx*1, gDy*3, gDz*0)), rgb(0.13017331908587107,0.6515593467886015,0.521513950358841)  );
  draw(  ellipsoid( (0.9258141701540135,-0.33800466162058385,0.16917733614402994), (-0.20645893762221806,-0.07729930383379999,0.975397111284791), (-0.31661148023712044,-0.937964640244804,-0.14134887418191552), 0.41902135352214537, 0.5815047144320096, 3.0661314022840944,  (gDx*1, gDy*3, gDz*1)), rgb(0.13567611773489496,0.659980378439509,0.5168764285405698)  );
  draw(  ellipsoid( (-0.8306815434277341,0.2885853287184143,-0.47611624783975004), (-0.4877864905541706,0.035006295262820626,0.8722607975398289), (-0.26838873493752247,-0.9568140192014626,-0.11168894134237019), 0.39229252836103345, 0.6353980097886078, 3.1036018479636787,  (gDx*1, gDy*3, gDz*2)), rgb(0.13798250052175423,0.6630604661727507,0.5150904478862275)  );
  draw(  ellipsoid( (-0.746107373470873,0.25910344061027696,-0.6133426402234822), (-0.615556660188351,0.08270880516620147,0.7837405512321934), (-0.2537987103004237,-0.962301751329538,-0.0977831991599041), 0.3431863396675432, 0.6714325443394734, 2.6368968076924926,  (gDx*1, gDy*3, gDz*3)), rgb(0.13170956393469074,0.6540929991289992,0.520154991376264)  );
  draw(  ellipsoid( (0.41133034938884694,-0.8921527069922767,0.1867374924272094), (-0.7898808686910017,-0.24665547854623837,0.5614706476558455), (0.45485773264571155,0.3784502904074448,0.8061512393731857), 0.278470105566466, 0.9049538550923364, 2.2228721642768554,  (gDx*2, gDy*0, gDz*0)), rgb(0.1320428620234685,0.6546426911154886,0.5198601565835106)  );
  draw(  ellipsoid( (0.5873820444395251,-0.809278262516296,0.007143366758673193), (-0.757964959823326,-0.5470016753931126,0.35535656290147716), (-0.28367490821372826,-0.21414448612031367,-0.9347035281383074), 0.2747328452292119, 0.9019977674448418, 2.045009903814883,  (gDx*2, gDy*0, gDz*1)), rgb(0.12800106277305237,0.6475712695170112,0.523579816441252)  );
  draw(  ellipsoid( (-0.7306898346254955,0.6755921583376358,0.09832396029280326), (0.682607664470142,0.7254526521336947,0.0881205192835737), (0.011795845946079372,-0.13150545655935264,0.9912452637533924), 0.27839093171429463, 0.8930864915842688, 2.215514071979604,  (gDx*2, gDy*0, gDz*2)), rgb(0.1317828382547572,0.6542138468263374,0.5200901730658736)  );
  draw(  ellipsoid( (-0.8353587455705244,0.5400015741453231,0.10283027822296804), (0.5320402324444983,0.7472007181339979,0.39827663486632275), (-0.13823515203899575,-0.3874137152200616,0.9114832176184842), 0.29652644978674025, 0.7433843268332819, 3.0534302562797238,  (gDx*2, gDy*0, gDz*3)), rgb(0.15459567893836695,0.6808346351727225,0.5037311675914126)  );
  draw(  ellipsoid( (-0.5959976674989454,0.7880822134737399,-0.15399092551883428), (-0.6018068874443704,-0.3114235521653251,0.7354208600395082), (-0.5316156981883959,-0.5309819167947827,-0.6598810146356713), 0.31616078163057043, 0.7910268183388158, 1.9955942254560133,  (gDx*2, gDy*1, gDz*0)), rgb(0.12083518911826921,0.6268017209290275,0.533085383404073)  );
  draw(  ellipsoid( (0.7657495467674594,-0.64189903612381,-0.03991564917114531), (-0.5288647736365654,-0.6637918603661914,0.528850089645388), (0.365964045818404,0.3838567356904319,0.8477761046604882), 0.30096110326550707, 1.0757999892625103, 1.5763220728075038,  (gDx*2, gDy*1, gDz*1)), rgb(0.11945022386386643,0.6128089153928831,0.5383966869268718)  );
  draw(  ellipsoid( (0.8554932490825197,-0.5118754254872557,-0.07819750351817335), (-0.4855484183499511,-0.7405127325105505,-0.46463278664728186), (-0.17992785835466082,-0.435458886431312,0.882043946759971), 0.28189881845575204, 1.0206406967116872, 1.8512003137678053,  (gDx*2, gDy*1, gDz*2)), rgb(0.12340689533573831,0.6366891637345047,0.5288165919841589)  );
  draw(  ellipsoid( (0.927166493738034,-0.37463483226924404,-0.0033219482409592807), (0.29327893912923475,0.7202479903201755,0.6286734417032255), (-0.2331303428401177,-0.5838592081061528,0.7776623099758051), 0.281365105433801, 0.7552327755989028, 2.8493259798426323,  (gDx*2, gDy*1, gDz*3)), rgb(0.1520873013802551,0.678480221711231,0.5053377209193601)  );
  draw(  ellipsoid( (-0.7708385700311488,0.6331480477181936,-0.07022427374472161), (-0.36505342148800585,-0.34869953198676473,0.8632176063149497), (-0.5220573708053879,-0.6910370366795485,-0.4999239097351859), 0.36496410444601374, 0.7596328091521507, 2.04158016734427,  (gDx*2, gDy*2, gDz*0)), rgb(0.11943692707510338,0.6119942654680003,0.5386825678852774)  );
  draw(  ellipsoid( (-0.8788941287242253,0.4737282356891597,0.05591662726703774), (-0.09865362023519378,-0.2952013883299266,0.9503281557138956), (0.4667039465320333,0.8297214587070287,0.3061857724527794), 0.33995829498885, 1.1614402433527369, 1.7128002100961326,  (gDx*2, gDy*2, gDz*1)), rgb(0.11956588291659834,0.6065868528753747,0.540499812422209)  );
  draw(  ellipsoid( (-0.9296298285396182,0.3680979011044587,0.01709728317284115), (0.20066624589324697,0.4667760493445294,0.8613089907329566), (0.30906542939725773,0.8041293770039779,-0.5077937626543705), 0.3132715317079655, 1.098625966025054, 2.0543121530207307,  (gDx*2, gDy*2, gDz*2)), rgb(0.1230933905732923,0.6356766430529652,0.5292694014246175)  );
  draw(  ellipsoid( (0.9580088572603507,-0.26740607857429877,0.10350371274612727), (0.07697764814771496,0.5875644157542336,0.8055076033316091), (0.27621272797675966,0.763715946200485,-0.5834762055326118), 0.28491582963751694, 0.8193815595372913, 2.7691588083467886,  (gDx*2, gDy*2, gDz*3)), rgb(0.14759013262374754,0.6740376469211891,0.5082886927327477)  );
  draw(  ellipsoid( (0.8730881884842053,-0.4874767884623864,-0.009132132268345862), (-0.1615608415616841,-0.30693165610891127,0.937918468179469), (0.4600164231886172,0.8174101413541669,0.3467355638063565), 0.3827993396376607, 0.7197849058514967, 2.0848654205793586,  (gDx*2, gDy*3, gDz*0)), rgb(0.11945063570820122,0.6099992415836412,0.5393657947790643)  );
  draw(  ellipsoid( (0.9322564008516266,-0.36065595729464783,-0.028727748590038665), (-0.018052457195223554,-0.12567319417550307,0.991907433712915), (0.36134763298019046,0.9241934476794383,0.12367036591684609), 0.3558641555414306, 0.9692770928141077, 2.158033873954004,  (gDx*2, gDy*3, gDz*1)), rgb(0.12009088606678649,0.6222260847520755,0.5349201222883757)  );
  draw(  ellipsoid( (0.9567183961923292,-0.2853282714877456,0.05725109498509955), (-0.011259731912090152,0.1602882967585839,0.9870060184008506), (0.2907974016810423,0.9449314469378439,-0.1501380423593804), 0.3301360981287337, 0.9790611444298555, 2.442248115879618,  (gDx*2, gDy*3, gDz*2)), rgb(0.12718654274926608,0.6458867255495895,0.5244216258922973)  );
  draw(  ellipsoid( (0.9537024426876365,-0.2359997957246901,0.1864289334559958), (-0.10119895392963252,0.33191385512355653,0.9378656430963697), (-0.2832144461979007,-0.9133111677817825,0.29266412193826047), 0.29317404390857976, 0.8329266066455947, 2.5561189575873784,  (gDx*2, gDy*3, gDz*3)), rgb(0.13811743392436016,0.6632299906531407,0.5149896825726826)  );
  draw(  ellipsoid( (-0.19383002535442453,0.9657770066333806,-0.17235049964931995), (0.9654174223879961,0.15655471182505054,-0.20847019632334243), (0.1743534393719276,0.20679795855772465,0.9627229521079972), 0.279556189307014, 1.533870547527088, 2.380960541690889,  (gDx*3, gDy*0, gDz*0)), rgb(0.1463576550041379,0.6727699767944036,0.5091137145323181)  );
  draw(  ellipsoid( (0.25618288720281446,-0.9657920334364797,0.04020045341858396), (-0.9604490502212932,-0.24963004087574225,0.12337935249218678), (0.10912355489740079,0.07021816604700645,0.9915449858294625), 0.2880361910539848, 1.2629859647538029, 2.37989618805099,  (gDx*3, gDy*0, gDz*1)), rgb(0.13822684054268122,0.6633674443878269,0.5149079801032712)  );
  draw(  ellipsoid( (0.33473812247990153,-0.9358359632086107,-0.11027891604492127), (0.9417039392025804,0.33642448567021394,0.0035009044366725037), (0.03382425533508662,-0.10502197582860634,0.9938945136905035), 0.30634409971797805, 1.0287489097433462, 2.7269356901518047,  (gDx*3, gDy*0, gDz*2)), rgb(0.1400869950871833,0.6657044619573215,0.513518857378293)  );
  draw(  ellipsoid( (0.41450566066286115,-0.8769992112213727,-0.24301736727142567), (0.9092508129802027,0.3879379290356077,0.1508877805205049), (-0.03805281032046385,-0.2835075779104571,0.9582147133571165), 0.3171513564884079, 0.8004246214444425, 3.4736876515047372,  (gDx*3, gDy*0, gDz*3)), rgb(0.16117219198704608,0.6865965852931575,0.4996470353155158)  );
  draw(  ellipsoid( (-0.30694716504452235,0.9346266722372174,-0.17960072776555183), (0.9197863432623211,0.24283754304161298,-0.3082580257473278), (0.2444923733355676,0.25981322374409244,0.9341951445755022), 0.29525656512299925, 1.2788324687942287, 1.7985477168698103,  (gDx*3, gDy*1, gDz*0)), rgb(0.12326614395595376,0.6362345815397235,0.5290198857173283)  );
  draw(  ellipsoid( (-0.4137930510391157,0.9103560492870983,0.00521291071532825), (0.9098503668202579,0.4133560133303656,0.03618171141154971), (-0.030783451865929106,-0.019714709483344604,0.9993316313022447), 0.31027551754920935, 1.0431106052497254, 1.8327778864832764,  (gDx*3, gDy*1, gDz*1)), rgb(0.12026565533640297,0.6233766752577912,0.5344626472522881)  );
  draw(  ellipsoid( (-0.510432370809733,0.8415240983750246,0.17690671746334874), (0.8517247263564939,0.4664237604293109,0.2387757655624544), (-0.11842206442428985,-0.27255470563004885,0.9548246682487874), 0.32209333139251484, 0.7981476327660646, 2.343616357614383,  (gDx*3, gDy*1, gDz*2)), rgb(0.12628370926812385,0.6440072639014098,0.5253590626234841)  );
  draw(  ellipsoid( (-0.5916180694457315,0.7568745940857838,0.2777209187886028), (-0.7953530749553764,-0.49156012645333075,-0.35465776213162603), (-0.13191491979428638,-0.43070812728420355,0.8927983887905495), 0.3236157506642661, 0.5851299899783395, 3.384812031865419,  (gDx*3, gDy*1, gDz*3)), rgb(0.16408265947285205,0.6889912861309586,0.4978857862525344)  );
  draw(  ellipsoid( (0.4861553276037026,-0.8538389448295316,0.18604315019620782), (-0.7586072516975308,-0.30667618819250614,0.5748606381268714), (0.4337833965407803,0.4206052447225392,0.7968206780684328), 0.3553380711122398, 1.156408750124852, 1.4602493027426562,  (gDx*3, gDy*2, gDz*0)), rgb(0.12355636505327958,0.5813178474020008,0.5475293491146581)  );
  draw(  ellipsoid( (-0.633235461350168,0.7734536887756495,0.02796858609191456), (0.7547621669865232,0.6091269172824461,0.24351277159071508), (-0.17130943282390385,-0.17531055290918682,0.9694943466901845), 0.3626572343318639, 0.9634539956987229, 1.544301447559788,  (gDx*3, gDy*2, gDz*1)), rgb(0.12508477357598852,0.5754583304765349,0.5488386807679827)  );
  draw(  ellipsoid( (-0.7477017070213084,0.6471185074837914,0.1489288239038079), (0.6312933318308052,0.623170258765731,0.46165740303369196), (-0.2059390358901942,-0.4391998017551938,0.8744670649228682), 0.34502846586519165, 0.6809771820731485, 2.1774026310507932,  (gDx*3, gDy*2, gDz*2)), rgb(0.1213553299102491,0.6293701789638176,0.532023370870583)  );
  draw(  ellipsoid( (-0.8669981743994366,0.48000459165500775,0.13382734241609076), (0.462906532509142,0.6763874019364609,0.5729028055979541), (-0.18447684881417345,-0.5586552375944878,0.8086239037771756), 0.3192055486867456, 0.4966171704445564, 3.2619009704666992,  (gDx*3, gDy*2, gDz*3)), rgb(0.16693323502849797,0.6912812418796366,0.49617668031940504)  );
  draw(  ellipsoid( (0.6715038627028372,-0.7141992685282227,0.19748915719330223), (-0.4122464592293027,-0.13860639699825394,0.9004671696203396), (-0.6157397333517398,-0.6860813884262671,-0.3875008506145681), 0.42246966263003505, 1.0476468948794015, 1.392741404759151,  (gDx*3, gDy*3, gDz*0)), rgb(0.13854168907970982,0.535429679147907,0.5551256820038099)  );
  draw(  ellipsoid( (0.8300165359392414,-0.5577238385717315,-0.004082885772984022), (-0.42721781330575387,-0.6310545836277155,-0.6474990752709231), (-0.35854914595027565,-0.539179221012145,0.7620552982343632), 0.40473093243884484, 1.0088014612657041, 1.4380998756258978,  (gDx*3, gDy*3, gDz*1)), rgb(0.13435491322280044,0.5468320034116771,0.5537667094880776)  );
  draw(  ellipsoid( (-0.9167102605184136,0.39798024676147375,0.03541216525346398), (0.3194468882482231,0.6768006277186441,0.6632455019886501), (-0.23999163287246014,-0.6193162629120327,0.7475636311671966), 0.3477291466241681, 0.7162917123879473, 2.12539666874654,  (gDx*3, gDy*3, gDz*2)), rgb(0.12040603255200184,0.6243008462624611,0.5340951966592125)  );
  draw(  ellipsoid( (0.9698870483081048,-0.23775791266108065,0.052823181381265814), (0.13250960884018614,0.697095558277419,0.7046268418070051), (0.20435341222796577,0.6764088686563322,-0.7076091614117554), 0.28596644778261615, 0.5271047542031504, 2.9238747663090043,  (gDx*3, gDy*3, gDz*3)), rgb(0.16079003468009787,0.6862707652218554,0.49988165145810076)  );
