import settings;
import three;
surface ellipsoid(triple v1,triple v2,triple v3,real l1,real l2, real l3, triple pos=O) {
  transform3 T = identity(4);
  T[0][0] = l1*v1.x;
  T[1][0] = l1*v1.y;
  T[2][0] = l1*v1.z;
  T[0][1] = l2*v2.x;
  T[1][1] = l2*v2.y;
  T[2][1] = l2*v2.z;
  T[0][2] = l3*v3.x;
  T[1][2] = l3*v3.y;
  T[2][2] = l3*v3.z;
  T[0][3] = pos.x;
  T[1][3] = pos.y;
  T[2][3] = pos.z;
  return T*unitsphere;
}

size(200);

real gDx=1.5;
real gDy=1.5;
real gDz=1.5;

currentprojection=perspective(up=Y, camera = (gDx*-2.0,gDy*6.0,gDz*14.0), target = (gDx*1.5,gDy*1.5,gDz*0.0) );
currentlight=Viewport;

  draw(  ellipsoid( (0.23038339706491617,-0.9639717661058337,-0.13297339774416903), (0.804303355536072,0.2655516376405157,-0.5315810756788236), (0.5477404518841414,0.015516504027641551,0.8365044144967296), 0.09075742360637083, 0.4724850334952919, 0.8503845513900082,  (gDx*0, gDy*0, gDz*0)), rgb(0.15174815258387753,0.6781568262225335,0.5055565470381121)  );
  draw(  ellipsoid( (0.2025818959792823,-0.9548994592696362,-0.2170889175153716), (0.9520276568644478,0.24396815246246223,-0.18472379692189678), (0.22935543592125457,-0.16925295646046873,0.9585142256340079), 0.14539593402187612, 0.5476814902549078, 1.2026099505737347,  (gDx*0, gDy*0, gDz*1)), rgb(0.13578116511210286,0.6601238810144934,0.5167939621824897)  );
  draw(  ellipsoid( (-0.0914246892458512,0.9406133609118547,0.3269373509870119), (-0.9922452222300118,-0.11381034944145138,0.04996622180763197), (0.08420774998783882,-0.31983387818384684,0.9437241891611476), 0.25824715166724965, 0.5691187388695815, 2.142773807867465,  (gDx*0, gDy*0, gDz*2)), rgb(0.13599119192443004,0.6604107933504869,0.5166290828035642)  );
  draw(  ellipsoid( (0.3283100474741799,0.8603607408130225,0.3898613963900106), (0.9428237914874636,-0.27340255519490086,-0.19061568932830023), (-0.05740915373620045,0.4301516459117245,-0.9009293815758967), 0.4402575301272916, 0.6537850964940423, 4.054704444254774,  (gDx*0, gDy*0, gDz*3)), rgb(0.15654525699563418,0.6825896003079224,0.5025063379097431)  );
  draw(  ellipsoid( (0.19216448879531714,-0.9360963584171521,-0.2946123164502482), (0.9695547541987206,0.13466515712107863,0.20452108465440347), (-0.1517774286799356,-0.32494446174031333,0.9334745357681725), 0.08371584296184563, 0.39250450152950134, 0.833781057814063,  (gDx*0, gDy*1, gDz*0)), rgb(0.1540212401433461,0.6803175386380083,0.5040920609056461)  );
  draw(  ellipsoid( (-0.06407316632475173,0.9096363297588969,0.41043437592370874), (0.9856114351817522,-0.006780048077165016,0.16889088130221258), (0.1564120461987743,0.41535018783050387,-0.8961135493189898), 0.11463839955609272, 0.3657394667503834, 1.4909413452267288,  (gDx*0, gDy*1, gDz*1)), rgb(0.1780331449633467,0.6995470197455802,0.4896954431306595)  );
  draw(  ellipsoid( (0.16340718985524977,0.8551672243591529,0.49192185221381685), (0.9773225560665298,-0.20838792382471633,0.03761774325513061), (0.13468003455299135,0.47461931227657217,-0.8698263026069738), 0.14972063615198175, 0.391783925709744, 2.7066976364200124,  (gDx*0, gDy*1, gDz*2)), rgb(0.22225087047776282,0.7266546552438005,0.46506067976533216)  );
  draw(  ellipsoid( (0.39040339009949576,0.7685539094409158,0.5068629807767632), (-0.9141686582688573,0.3887991817396795,0.11458996691452973), (-0.10899934512527301,-0.5080945626176687,0.8543764148199677), 0.19728689254309872, 0.5112587608219651, 4.579508777483487,  (gDx*0, gDy*1, gDz*3)), rgb(0.25477143496322535,0.743093934624079,0.4472568249131027)  );
  draw(  ellipsoid( (-0.0920880749071351,0.891418261716156,0.4437265702421308), (0.9509941499656335,-0.05336460989967954,0.3045691138992878), (0.2951777654076275,0.4500285558597383,-0.8428193078707665), 0.08049187257590006, 0.28018460444878995, 1.084352399854616,  (gDx*0, gDy*2, gDz*0)), rgb(0.1816391859006733,0.702072721755838,0.48762843117224886)  );
  draw(  ellipsoid( (0.11802689569320898,0.825409189225746,0.5520591655200744), (0.9611066302322712,-0.23474364057155403,0.1454973145277313), (0.24968719874393455,0.5134151278964316,-0.8210123075998909), 0.08060753227133566, 0.26911145758524424, 1.8300233845671139,  (gDx*0, gDy*2, gDz*1)), rgb(0.24592372809054816,0.7388374320066907,0.4521040388704049)  );
  draw(  ellipsoid( (0.26598316958811696,0.7574438989180837,0.5962647847119857), (0.9371315206792898,-0.34813597593980256,0.024204445991654475), (0.22591473268731418,0.5523405491616676,-0.8024228631504756), 0.07977767313295661, 0.3086937937261291, 2.842140715697344,  (gDx*0, gDy*2, gDz*2)), rgb(0.29796223511422515,0.7621688769023354,0.42339521980846473)  );
  draw(  ellipsoid( (0.36628316871108674,0.7101082638570284,0.6013176314735188), (-0.9065809226096234,0.4179319095449823,0.05868517482608965), (-0.20963699835489327,-0.5666384849143605,0.7968520291338339), 0.09568377359789935, 0.3925644806445047, 3.9769352015560546,  (gDx*0, gDy*2, gDz*3)), rgb(0.3146975180335282,0.768909344718375,0.4140267223540507)  );
  draw(  ellipsoid( (-0.025505503334638302,-0.83203044959136,-0.5541433029934101), (0.9501159933738956,-0.19254465079020966,0.2453694287950557), (-0.3108521649189249,-0.5202421440107249,0.7954363853636203), 0.08720147049239296, 0.2587373701698451, 1.4437354460861178,  (gDx*0, gDy*3, gDz*0)), rgb(0.20826053360893265,0.718832794172075,0.4727461485920697)  );
  draw(  ellipsoid( (-0.2175507897239749,-0.7476650481331715,-0.6274301791358922), (0.9312355419929126,-0.3515410520641696,0.0960169466437208), (-0.29235598030421955,-0.5633967203610966,0.7727302998244079), 0.06957852338735611, 0.2629542345894292, 2.1309817147994647,  (gDx*0, gDy*3, gDz*1)), rgb(0.28047576105825167,0.7547637282754202,0.4331052227722624)  );
  draw(  ellipsoid( (0.2973149246483943,0.6937647749945586,0.6559681947762932), (0.9126981657670272,-0.4082342232447865,0.018079744943715798), (0.28033175665062066,0.5933255901682282,-0.7545719649342275), 0.06030927268738927, 0.30054581357317006, 2.8237161313789367,  (gDx*0, gDy*3, gDz*2)), rgb(0.3251842237366672,0.772977407534321,0.40811543940154715)  );
  draw(  ellipsoid( (0.34178369250394736,0.6654755312651321,0.6635708137235675), (-0.8991495304834085,0.4369304503337674,0.024937991149993576), (-0.2733386715593563,-0.6051727843009146,0.7476977141677277), 0.0638884044933931, 0.3614555173831136, 3.3333072762667877,  (gDx*0, gDy*3, gDz*3)), rgb(0.3355211704439464,0.7768813558917924,0.40225549542487843)  );
  draw(  ellipsoid( (0.21333403015242836,-0.9714696737374131,0.10361112192929407), (-0.6460937385026202,-0.060735325534469586,0.760837762798305), (0.7328379579734052,0.2292550833476683,0.640617385115814), 0.14178713354021902, 0.48272755285164015, 2.1056158873726534,  (gDx*1, gDy*0, gDz*0)), rgb(0.19320336772029634,0.7097004947418255,0.4811029663697741)  );
  draw(  ellipsoid( (0.25233246878233545,-0.9674944071776614,0.016819550474292233), (0.7143362108191378,0.17452479630879525,-0.6776908390895733), (0.6527266679941676,0.1830182164521315,0.7351545615283309), 0.234163767595782, 0.576428938350936, 2.5401619211048536,  (gDx*1, gDy*0, gDz*1)), rgb(0.16051357909497918,0.6860350644336786,0.5000513746108375)  );
  draw(  ellipsoid( (0.35718306502205016,-0.9252550703060688,-0.12776272122323387), (-0.7618276732873088,-0.3677318565295684,0.5332840499273932), (-0.5404061937793649,-0.093146854838087,-0.8362325090300375), 0.45585187248318276, 0.7348659791574786, 3.0865470161397015,  (gDx*1, gDy*0, gDz*2)), rgb(0.12649266387637953,0.6444516847460388,0.5251387522685913)  );
  draw(  ellipsoid( (0.7934878522891018,-0.47027261274280474,-0.38629094989875773), (0.46253819879878993,0.8785215790347124,-0.11940791356659224), (-0.3955192067670044,0.08392559129616702,-0.9146152481803419), 0.8228317019201922, 1.0801078976906635, 4.211924363239985,  (gDx*1, gDy*0, gDz*3)), rgb(0.11948753551852896,0.6148941248127632,0.5376637579980489)  );
  draw(  ellipsoid( (0.2582996843570696,-0.9587120571379032,-0.11896413139870299), (-0.7706406751546833,-0.27874041532664057,0.5730765486919404), (-0.5825755082889874,-0.05634689309927995,-0.810821068288119), 0.11974584201272528, 0.6056470163834609, 1.165841506430918,  (gDx*1, gDy*1, gDz*0)), rgb(0.15398307032792055,0.6802831790518203,0.5041160412344678)  );
  draw(  ellipsoid( (0.27727144716349444,-0.9362514951186057,-0.21576302388508703), (-0.9094362839358693,-0.32818428366750085,0.25538347913396076), (-0.3099131976034229,0.1254121758116985,-0.9424572118188694), 0.20256259197306598, 0.7256955380889605, 1.6555404336913875,  (gDx*1, gDy*1, gDz*1)), rgb(0.1343847509418372,0.6581769009535208,0.5179040268585081)  );
  draw(  ellipsoid( (0.24056665169471453,-0.9188786360459154,-0.3127135083599562), (0.9585825378395263,0.27552071839717396,-0.07216544798612487), (0.1524703388909686,-0.2824011082703175,0.9471021116047464), 0.37316262262781374, 0.7892266814187646, 2.762003894483204,  (gDx*1, gDy*1, gDz*2)), rgb(0.1282321875279206,0.6480155437696926,0.5233529251944069)  );
  draw(  ellipsoid( (-0.05375025894462206,0.9201602072850327,0.3878351487327465), (-0.9929591361963129,-0.09031168870176542,0.07665476324474287), (0.10556071005662256,-0.38098424089849264,0.9185357612414123), 0.6770454426216315, 0.8826307381227319, 4.730988982630008,  (gDx*1, gDy*1, gDz*3)), rgb(0.13379621594613747,0.6572974975894843,0.518392530328536)  );
  draw(  ellipsoid( (0.2240241549939497,-0.9266109883007744,-0.3020020767139024), (0.9681435330384426,0.17602439339833764,0.17808288060504124), (-0.11185382163828311,-0.3322762243811772,0.9365261519551394), 0.10267457425456888, 0.5243917160267475, 0.9927532825566927,  (gDx*1, gDy*2, gDz*0)), rgb(0.1536887359434041,0.6800072703656805,0.5043044407967945)  );
  draw(  ellipsoid( (-0.13740075214689348,0.903956349472352,0.4049493197402447), (0.9821600717678762,0.07134613831470499,0.17398655687293527), (0.12838468263148956,0.4216309367162207,-0.8976328461400095), 0.14566561226880775, 0.4910169164432657, 1.6789007299586451,  (gDx*1, gDy*2, gDz*1)), rgb(0.1643965453328703,0.689245729901159,0.497696965974479)  );
  draw(  ellipsoid( (0.022900690555709223,0.8724099599929004,0.4882380772504923), (0.9928054031306885,-0.07725754347590094,0.091480618114333), (0.11752867686902128,0.4826304317811458,-0.8679025731222151), 0.21205720268388234, 0.5345872872271686, 2.7855259785827413,  (gDx*1, gDy*2, gDz*2)), rgb(0.18254687455944185,0.7026900562062168,0.48711248182936984)  );
  draw(  ellipsoid( (0.22465342551310338,0.8265867058078987,0.5160283482395851), (0.9699940990805451,-0.24021924316094065,-0.03749883950346217), (0.09296389704691783,0.5089686954978972,-0.8557503028623588), 0.32171829755911485, 0.6727722943150768, 4.355589297444984,  (gDx*1, gDy*2, gDz*3)), rgb(0.1913482190817398,0.7085290535015328,0.48213969694446834)  );
  draw(  ellipsoid( (-0.14104657418781064,0.8825944198406702,0.4484784877516348), (0.9445281166473355,-0.01575139568053902,0.32805263357691905), (0.29660158592381053,0.4698712415122103,-0.8314135647361394), 0.0968287520196879, 0.3729127553859039, 1.2313758319748567,  (gDx*1, gDy*3, gDz*0)), rgb(0.1752477377104609,0.6975606921180879,0.4913003159365462)  );
  draw(  ellipsoid( (0.011245978560411972,0.8389237752536784,0.5441327294698735), (0.9676045035895808,-0.14638868794485152,0.2056985091704497), (0.25222024621227274,0.5241919985615009,-0.8133927071499473), 0.10590864273346359, 0.36470135917445046, 1.8876513105705908,  (gDx*1, gDy*3, gDz*1)), rgb(0.21533487990063419,0.7228540256797278,0.46885516750066425)  );
  draw(  ellipsoid( (-0.15219243348894756,-0.7845326655555843,-0.6011205867918364), (0.9596429977841139,-0.2628219175367996,0.10004976994575808), (-0.23647997799524526,-0.5616343439806093,0.7928707862374795), 0.12124039992830166, 0.4088709868902235, 2.663333780468122,  (gDx*1, gDy*3, gDz*2)), rgb(0.24165264051652918,0.7367184724904285,0.4544411453326519)  );
  draw(  ellipsoid( (-0.27433357833104444,-0.7330881948195046,-0.6223526222459136), (0.9354829448847861,-0.35335075038822805,0.0038609622847662704), (-0.22273919194828048,-0.581141072215995,0.7827274791099843), 0.153379615295116, 0.4976924554555041, 3.4290592145780803,  (gDx*1, gDy*3, gDz*3)), rgb(0.24452877771540427,0.7381453732930963,0.45286734504939646)  );
  draw(  ellipsoid( (0.04695750829445345,-0.9082120307953653,0.41586764665375775), (0.6605942915910716,-0.28405216505675457,-0.6949313271423734), (0.7492730972963506,0.3073520369952488,0.5866213012010429), 0.17971668419122117, 0.7095707801019097, 4.818713020134422,  (gDx*2, gDy*0, gDz*0)), rgb(0.2638492401598902,0.74732863335419,0.44227250773819704)  );
  draw(  ellipsoid( (0.017940596593077715,-0.9136479506285436,0.40611027727225363), (0.7165280824743471,-0.2715343709659915,-0.6425391757782077), (0.697327499830259,0.3025169543948989,0.6497829255098312), 0.24469411550312067, 0.6762389020631792, 5.707944652277005,  (gDx*2, gDy*0, gDz*1)), rgb(0.25356959127846046,0.74252721299003,0.4479161289293067)  );
  draw(  ellipsoid( (-0.02626863508048559,-0.9196006391115891,0.3919752841144009), (0.7722855018696337,-0.2676398801853905,-0.5761458132593849), (0.6347322761708093,0.28758226489112215,0.717224775441504), 0.4027198272527491, 0.7402563857894605, 6.517157391791392,  (gDx*2, gDy*0, gDz*2)), rgb(0.21971505801946045,0.7252822922887113,0.46645050407226873)  );
  draw(  ellipsoid( (-0.23876287349805958,-0.8662241677295919,0.4389168275198906), (0.7975710882845216,-0.4327693213417624,-0.4202274070524603), (0.5539608735024443,0.24973266856094503,0.7942045988798089), 0.7891829137786933, 0.9308354772391605, 7.072375548251037,  (gDx*2, gDy*0, gDz*3)), rgb(0.16417260364818595,0.6890641971409615,0.4978316796922866)  );
  draw(  ellipsoid( (0.14538743917534658,-0.9717856421476905,0.18572872218812972), (0.6826944518935187,-0.03733360745592007,-0.7297496057608631), (-0.7160941124488058,-0.2328923946158994,-0.6580048287408149), 0.17797480087441106, 0.7289841867786062, 2.8810417301158164,  (gDx*2, gDy*1, gDz*0)), rgb(0.20284362116500682,0.7156405813069711,0.47573885139204325)  );
  draw(  ellipsoid( (0.1677138347333403,-0.9790900881716869,0.11512892287777358), (0.7590447659926275,0.0537280812643895,-0.648817645030439), (0.6290652691559406,0.19620370161545297,0.7521841494036938), 0.2877854921999575, 0.8142936650110199, 3.6863789149846737,  (gDx*2, gDy*1, gDz*1)), rgb(0.17750410797956404,0.6991724367457406,0.4899996447444642)  );
  draw(  ellipsoid( (0.21540586460387356,-0.976459672821139,0.011261476292747112), (-0.8242706536935186,-0.17562530507528384,0.5382691164063504), (-0.5236202850863565,-0.12522882883444963,-0.8426977735076998), 0.541599545897421, 0.9670594373127777, 4.7303951377989755,  (gDx*2, gDy*1, gDz*2)), rgb(0.14469479104416647,0.670967578822699,0.5102575922759869)  );
  draw(  ellipsoid( (0.5101916352349972,-0.8338963344322549,-0.21052647994180834), (-0.7626555965660969,-0.551799055420977,0.33745257957663954), (-0.397568781926662,-0.01160628523549328,-0.9174989688170678), 1.0302270880648083, 1.2357411066959791, 6.297672762620891,  (gDx*2, gDy*1, gDz*3)), rgb(0.12664730366182048,0.6447715019513629,0.5249789314795494)  );
  draw(  ellipsoid( (-0.20058774042497018,0.9775657226111142,0.0642636473211393), (0.7802753367813289,0.1990821881036231,-0.5929052885500833), (0.5923976343656253,0.06878619305997746,0.8027038697068343), 0.1529974173395234, 0.8002711140522436, 1.527254033001061,  (gDx*2, gDy*2, gDz*0)), rgb(0.15700430291183382,0.6830028228385019,0.5022179406017642)  );
  draw(  ellipsoid( (0.22709281604770568,-0.9620280639454408,-0.15142937984720709), (0.9028108533469734,0.2662685720135743,-0.3376886297119905), (0.3651868233910319,-0.060025425773072925,0.928997057197884), 0.25221073391944004, 0.91062609256254, 2.1424177976223104,  (gDx*2, gDy*2, gDz*1)), rgb(0.13713993665593674,0.6619800645817405,0.5157272726214445)  );
  draw(  ellipsoid( (0.24283177653530966,-0.9391945727388332,-0.24278855583125403), (0.9400842245646305,0.28958167743966406,-0.17995583573740467), (0.23932066151801934,-0.1845426959517811,0.9532416348132441), 0.4550423513059295, 1.0048370254224286, 3.386110836930351,  (gDx*2, gDy*2, gDz*2)), rgb(0.12817910575904748,0.6479180931485543,0.5234034064927847)  );
  draw(  ellipsoid( (-0.235935494786032,0.91859937671573,0.31703253365789186), (-0.9569539718023347,-0.27637568830456816,0.088631680373965), (0.16903709105343298,-0.28247418291172804,0.9442641568102355), 0.7977302569077198, 1.1279261269989174, 5.295996595194812,  (gDx*2, gDy*2, gDz*3)), rgb(0.12784308099522906,0.6472445405931995,0.5237430911917564)  );
  draw(  ellipsoid( (0.18960505532644428,-0.9467146478176117,-0.26034841770641), (0.9806782851958893,0.1695902774367562,0.09751532568870419), (-0.04816662682715075,-0.27380743855216805,0.9605776713278289), 0.13662046614567014, 0.7166595364352776, 1.1454872702604069,  (gDx*2, gDy*3, gDz*0)), rgb(0.14383145137961686,0.6700317947190475,0.5108514803217185)  );
  draw(  ellipsoid( (-0.1427062396596165,0.9222023898076999,0.3594129677615698), (0.9874099083975505,0.10761257709375577,0.11593621543582157), (0.06823929923843632,0.3714327469195563,-0.9259487634611538), 0.18869446156921607, 0.6715155042937594, 1.777980078420153,  (gDx*2, gDy*3, gDz*1)), rgb(0.14519496519274275,0.6715097235155869,0.5099135243965407)  );
  draw(  ellipsoid( (-0.08247313094673224,0.8990124997135567,0.4300868610299845), (0.9946910628137834,0.047604551668544604,0.09123319691221396), (0.06154569221504449,0.43532784429578936,-0.8981657952463743), 0.2853363717131757, 0.706017469803729, 2.6785199317747503,  (gDx*2, gDy*3, gDz*2)), rgb(0.1454896468916895,0.6718291325046958,0.5097108139854633)  );
  draw(  ellipsoid( (-0.03472290272863536,-0.8821681744405869,-0.46965267169500907), (0.9983394626685008,-0.05223039798881014,0.02429614793953011), (-0.04596343443289203,-0.4680291631192364,0.8825168922831111), 0.4528281714692403, 0.7930867105014714, 3.836537896533058,  (gDx*2, gDy*3, gDz*3)), rgb(0.1422403662470023,0.6682221808888484,0.5119749566316297)  );
  draw(  ellipsoid( (-0.027116571617614067,-0.8498994082883554,0.526246793182448), (0.6602936659664728,-0.4104767761838459,-0.6289046755258487), (0.7505177987418173,0.33042368559898966,0.5723139189002108), 0.19809656048623298, 1.1257356867044874, 8.089609468873778,  (gDx*3, gDy*0, gDz*0)), rgb(0.3092160311161872,0.7667359044644815,0.41710367743690013)  );
  draw(  ellipsoid( (-0.05274249026082954,-0.8545588155775112,0.5166695853636513), (0.7019763887297871,-0.39971285874253354,-0.5894563429311438), (0.7102445912409141,0.33160045427386214,0.620961962875662), 0.21202137395676746, 1.0283736609009226, 9.048568311463088,  (gDx*3, gDy*0, gDz*1)), rgb(0.31531352685318226,0.7691509351889954,0.41368027599352997)  );
  draw(  ellipsoid( (-0.08021678368354636,-0.8646338331816097,0.495957258373283), (0.7428988516981557,-0.383597705025443,-0.5485928333880921), (0.6645799904910081,0.3244397250906413,0.6731064559355233), 0.2689341136887152, 0.9871291071230125, 9.551525689180453,  (gDx*3, gDy*0, gDz*2)), rgb(0.29857979688953235,0.7624219733503457,0.4230505641299781)  );
  draw(  ellipsoid( (-0.11259927679685988,-0.8845593604496109,0.4526324565315652), (0.7844742241375866,-0.3587219074300638,-0.5058841614376439), (-0.6098537484746286,-0.29811630443622494,-0.7343058453401636), 0.418978436416506, 1.0316041020506939, 9.539285800043753,  (gDx*3, gDy*0, gDz*3)), rgb(0.25385972263124956,0.742664022557219,0.447756969490733)  );
  draw(  ellipsoid( (0.011535351551662906,-0.9118943167029339,0.4102629532744444), (0.682549491900634,-0.2926581589310375,-0.6696845474678969), (0.7307483334026605,0.287749816986884,0.6190370877849314), 0.21398753806910797, 1.0659017630067165, 5.953693127395467,  (gDx*3, gDy*1, gDz*0)), rgb(0.2664482839613859,0.7485243255830262,0.4408438408038345)  );
  draw(  ellipsoid( (-0.01166590882758346,-0.9234372310764,0.38357214032457826), (0.7350443680918486,-0.2679856129449931,-0.6228109570254453), (0.6779186407731248,0.27467688566103876,0.6818936317167597), 0.27548254375361697, 1.0660758136619597, 7.254501898262422,  (gDx*3, gDy*1, gDz*1)), rgb(0.2619251731952656,0.7464434647717915,0.44333014703241613)  );
  draw(  ellipsoid( (-0.04160726872041567,-0.9391823581002412,0.34088903388477787), (0.794662815315585,-0.23791517624863426,-0.5584866863814119), (0.605623517661208,0.24765473374004163,0.7562322974535097), 0.42409501906638636, 1.1664887913479411, 8.633774877040723,  (gDx*3, gDy*1, gDz*2)), rgb(0.23628319999134773,0.7340136193278081,0.457379245804399)  );
  draw(  ellipsoid( (-0.09015363743996928,-0.9557434502015776,0.2800478156549821), (0.8541545039637436,-0.21880055670054283,-0.47174823767130647), (0.5121449062665693,0.19667428348494786,0.8360782386839698), 0.7462994326857826, 1.3325555040455221, 9.719719426531015,  (gDx*3, gDy*1, gDz*3)), rgb(0.19209152908913238,0.7089984196638364,0.48172430585659326)  );
  draw(  ellipsoid( (0.085038631361676,-0.9728410006454304,0.21528775775536013), (-0.7000343032532972,0.09542186772884886,0.7077051938680461), (-0.7090277889087307,-0.21089109659332628,-0.6729075270294282), 0.21113920981191545, 0.973278949113341, 3.45668461953845,  (gDx*3, gDy*2, gDz*0)), rgb(0.2046507475122139,0.716706944453516,0.47474028269459323)  );
  draw(  ellipsoid( (0.0741196962276746,-0.9841647670015782,0.16101547138038225), (0.7859922529577448,-0.0417218475869945,-0.6168269333648915), (0.6137771981114373,0.17227593803737348,0.7704534718279984), 0.3141933198051483, 1.0801233826562895, 4.5402408764618105,  (gDx*3, gDy*2, gDz*1)), rgb(0.1898854410280308,0.7075772601417764,0.48296242976582177)  );
  draw(  ellipsoid( (0.058106382215457275,-0.994937539862076,0.08199353705647078), (-0.8607085012520481,-0.00831758210344169,0.5090301500897618), (-0.5057712172695122,-0.1001504348525365,-0.8568345033788985), 0.5318108163236541, 1.2330307172495232, 6.106424479518567,  (gDx*3, gDy*2, gDz*2)), rgb(0.16816631960408202,0.6922342150193213,0.495447634258178)  );
  draw(  ellipsoid( (0.03812570631315882,-0.9992103107236397,-0.01118863091221974), (0.9228371780758604,0.03950204275422688,-0.3831594072696453), (0.38329880417124346,0.004282938455121354,0.9236144667333249), 0.9245575065918914, 1.385103990450979, 8.067330404274697,  (gDx*3, gDy*2, gDz*3)), rgb(0.15016612580809216,0.6766482838725321,0.5065773048376511)  );
  draw(  ellipsoid( (0.13043631950198367,-0.9913585837819645,-0.013947218955547106), (0.7581218972257199,0.10879446076584046,-0.6429735253130917), (0.6389347036291357,0.07329340808345304,0.7657613994122849), 0.1979556972362073, 0.9727730911575815, 1.83312955412643,  (gDx*3, gDy*3, gDz*0)), rgb(0.14921779028361765,0.6756878853356837,0.5072071206694081)  );
  draw(  ellipsoid( (0.1346595107296678,-0.9860641111849474,-0.09769536735734372), (0.8906319790179861,0.1636602991569814,-0.4242522650857067), (0.43432878573789235,-0.029881015927965892,0.9002586465936113), 0.29673029813795354, 1.0588828009461206, 2.565129935284653,  (gDx*3, gDy*3, gDz*1)), rgb(0.13832462412276222,0.6634902954408928,0.514834957464576)  );
  draw(  ellipsoid( (-0.12747330368232634,0.9750275584692916,0.18185658380637656), (-0.9416191711544916,-0.17657226782706517,0.28666281717156034), (0.31161497615269,-0.13469778936500618,0.9406128917772385), 0.46970199845621796, 1.107236209639257, 3.8726959444834845,  (gDx*3, gDy*3, gDz*2)), rgb(0.1347340581573928,0.6586934545890186,0.5176159826781027)  );
  draw(  ellipsoid( (-0.07537138147193431,0.9661628821531403,0.24667476564202773), (-0.971306162035937,-0.12709687369872888,0.20102418831331542), (0.225573700696757,-0.22444524910442332,0.9480194279171832), 0.7400964013728312, 1.142989371337116, 5.752467946583902,  (gDx*3, gDy*3, gDz*3)), rgb(0.1377229680432783,0.662734400812297,0.5152842610641628)  );
