import settings;
import three;
surface ellipsoid(triple v1,triple v2,triple v3,real l1,real l2, real l3, triple pos=O) {
  transform3 T = identity(4);
  T[0][0] = l1*v1.x;
  T[1][0] = l1*v1.y;
  T[2][0] = l1*v1.z;
  T[0][1] = l2*v2.x;
  T[1][1] = l2*v2.y;
  T[2][1] = l2*v2.z;
  T[0][2] = l3*v3.x;
  T[1][2] = l3*v3.y;
  T[2][2] = l3*v3.z;
  T[0][3] = pos.x;
  T[1][3] = pos.y;
  T[2][3] = pos.z;
  return T*unitsphere;
}

size(200);

real gDx=1.5;
real gDy=1.5;
real gDz=1.5;

currentprojection=perspective(up=Y, camera = (gDx*-2.0,gDy*6.0,gDz*14.0), target = (gDx*1.5,gDy*1.5,gDz*0.0) );
currentlight=Viewport;

  draw(  ellipsoid( (0.726089734181569,0.48152745873368047,-0.49084111930605656), (0.6737501528707135,-0.35568708818017514,0.6477248079304962), (-0.13731143223646386,0.8010106127807496,0.5826899422418231), 0.35710521467720135, 0.3951442599707604, 0.828178556616658,  (gDx*0, gDy*0, gDz*0)), rgb(0.16600989956585532,0.465211585408565,0.5581279041397008)  );
  draw(  ellipsoid( (0.8065270385319646,-0.2550674319585835,0.5333429865207869), (0.5786459800575865,0.5254873838955695,-0.6237241691082571), (0.12117328864091391,-0.8116671821138541,-0.5714135276656496), 0.34176998896842664, 0.3739246068538781, 0.8176747866409269,  (gDx*0, gDy*0, gDz*1)), rgb(0.16202196265330382,0.4751388654417531,0.558137968223651)  );
  draw(  ellipsoid( (-0.7253220997033575,0.31686434267095653,-0.6111504234029586), (0.6834766106263361,0.43755131074313713,-0.5843017826377895), (-0.08226526854419661,0.8415140158135606,0.5339350023932559), 0.2984000925392105, 0.42470528383054074, 0.7271951963027559,  (gDx*0, gDy*0, gDz*2)), rgb(0.16816212398907673,0.4598994486951974,0.5580807641793211)  );
  draw(  ellipsoid( (0.6937333704432912,-0.3069921224244987,0.651528853929504), (-0.714271791223365,-0.17711424519070468,0.6770866653635208), (0.09246523128158464,0.935086295974777,0.34214587544527625), 0.25978914525093, 0.5167500019307446, 0.5596917578948135,  (gDx*0, gDy*0, gDz*3)), rgb(0.1738049311973152,0.4461742899058907,0.5578200536325721)  );
  draw(  ellipsoid( (-0.6426755926776163,-0.5580694151350457,0.5249062873192724), (0.7504228112860563,-0.3204756055555032,0.5780665969811483), (-0.15438162739784111,0.765410944613847,0.6247498691375073), 0.3594875829481757, 0.46489891247324333, 0.8398018391376358,  (gDx*0, gDy*1, gDz*0)), rgb(0.17097178218085712,0.45302813130787,0.5579736759204211)  );
  draw(  ellipsoid( (-0.599832419026665,-0.5736732482607781,0.5577634564172763), (0.7868836135575286,-0.2966503268048542,0.5411217629343872), (-0.14496636782117886,0.7634773001448705,0.6293545617251327), 0.34715787168028306, 0.4017971313576115, 0.8897963844267907,  (gDx*0, gDy*1, gDz*1)), rgb(0.15710698801143358,0.48750600155023116,0.5579801727737357)  );
  draw(  ellipsoid( (0.5404017374400504,-0.4689618396940033,0.6985991376194153), (0.8316349667596794,0.42386954227361,-0.3587727598290972), (-0.12786416321393212,0.7748608933502694,0.6190649010580582), 0.34517743967339654, 0.36822977497139403, 0.8676171676973148,  (gDx*0, gDy*1, gDz*2)), rgb(0.15569286593145415,0.4910872629408012,0.5578979210511474)  );
  draw(  ellipsoid( (-0.6581303465477502,0.39573678634607595,-0.6405129529411708), (0.7477918587451207,0.44254212184632835,-0.49493818440919146), (-0.08758871472658812,0.8047042104551397,0.5871791470482537), 0.29998634618588604, 0.4246009297353922, 0.7446208140420152,  (gDx*0, gDy*1, gDz*3)), rgb(0.16610610807393683,0.4649733090035497,0.5581264930815822)  );
  draw(  ellipsoid( (-0.6385882570901833,-0.5826578352504014,0.5027075540787486), (-0.7507621770929378,0.3282386244813256,-0.5732499968122803), (-0.16900056613276276,0.7434845340825343,0.6470467960100587), 0.3809879890711844, 0.5410481720526389, 0.8074678452593026,  (gDx*0, gDy*2, gDz*0)), rgb(0.18472914642709715,0.4204715637355118,0.5568482527336698)  );
  draw(  ellipsoid( (-0.5756841377096236,-0.6110925414581687,0.5432804794613215), (0.8032920253317445,-0.2986140908015252,0.5153169382168632), (-0.1526751310068265,0.7330726638942243,0.6627931606640747), 0.34919468132219783, 0.4774675180645294, 0.9022772892536812,  (gDx*0, gDy*2, gDz*1)), rgb(0.16127645157437823,0.4770074382340229,0.5581253495527145)  );
  draw(  ellipsoid( (-0.49542920699310794,-0.633459949671289,0.5943722680447232), (0.85727380147118,-0.2461906428887104,0.4521855776837594), (-0.14011256249648524,0.7335657158813326,0.6650186541099254), 0.33599142355521183, 0.4142095561755963, 0.9523645144771202,  (gDx*0, gDy*2, gDz*2)), rgb(0.14947811375442566,0.506925866497011,0.5573050038105752)  );
  draw(  ellipsoid( (0.11553177116981715,-0.6500850178121831,0.7510272161955909), (-0.9856509625801682,-0.16870349777338606,0.005595516402747853), (0.123063356914857,-0.7408971584877072,-0.6602475374658264), 0.34017101612313183, 0.3754068345157443, 0.9083791228426117,  (gDx*0, gDy*2, gDz*3)), rgb(0.15117198719514718,0.5025909023391663,0.5575057766918433)  );
  draw(  ellipsoid( (-0.6678824983081678,-0.5947944619945892,0.4473840815610314), (0.7175216703276359,-0.35487683602030035,0.5993538886721769), (-0.19772612640690568,0.7213057460167556,0.6637939437049213), 0.4118113775283683, 0.6111716237433793, 0.7529800450849379,  (gDx*0, gDy*3, gDz*0)), rgb(0.20470874901026206,0.37616511762459764,0.5535743839065094)  );
  draw(  ellipsoid( (-0.5867944209951159,-0.6265871886688065,0.5128945334911733), (-0.7946701673248996,0.3240059739924729,-0.5133414594409895), (-0.15547228901904903,0.7088078892149203,0.6880550439709505), 0.3736447776081366, 0.5562211527432699, 0.8485174291750024,  (gDx*0, gDy*3, gDz*1)), rgb(0.1764546073283928,0.43983045235351315,0.5576384558284404)  );
  draw(  ellipsoid( (-0.5228386433093226,-0.65094418792145,0.5503738886191378), (0.8408808717651788,-0.287917682188627,0.4582824105096787), (-0.13985389719954355,0.7024066290222586,0.6979010065501314), 0.33802044222496364, 0.4920250316853077, 0.9495866527034585,  (gDx*0, gDy*3, gDz*2)), rgb(0.1542370032175566,0.49478169340928246,0.5577937921249045)  );
  draw(  ellipsoid( (-0.4494950864862707,-0.6730502532747805,0.5873308469605983), (0.8839290968187831,-0.24022890371561006,0.4011974895443973), (-0.12893222646735733,0.699495125348526,0.7029104143429803), 0.3257085056039459, 0.42987034511000993, 0.9999999999999996,  (gDx*0, gDy*3, gDz*3)), rgb(0.14423450606968186,0.5204560915703185,0.5564693977269081)  );
  draw(  ellipsoid( (-0.883727764173139,0.17806624997912976,-0.43280209039226575), (-0.447292670041641,-0.5934160622096801,0.6691686218275456), (0.1376753651041628,-0.7849520926336377,-0.6040659782784562), 0.3243687265133695, 0.4376848977146288, 0.6785701747364762,  (gDx*1, gDy*0, gDz*0)), rgb(0.18591469477858563,0.4177511051741424,0.5567088858958874)  );
  draw(  ellipsoid( (-0.8348804946465382,0.21536188335030843,-0.506550904508678), (0.5346591776065797,0.5360184806260784,-0.6533174972617574), (-0.13082095955850562,0.8162741252956129,0.5626565816846665), 0.2881355335374753, 0.4968717503653646, 0.5984747141367156,  (gDx*1, gDy*0, gDz*1)), rgb(0.18370680121596852,0.42282559840323,0.5569644939013334)  );
  draw(  ellipsoid( (-0.8011885466840529,0.1921410486398919,-0.5667263273308007), (-0.02901465179199174,0.9334635305896,0.35749683500779206), (0.5977081751521258,0.3028657367328993,-0.7423053838344119), 0.25887891539370694, 0.4660887660212496, 0.593727316864786,  (gDx*1, gDy*0, gDz*2)), rgb(0.1727309498753373,0.44876220502708114,0.557884285312922)  );
  draw(  ellipsoid( (-0.7654234141647254,0.08430255126885611,-0.6379812512119593), (0.13654199607225342,-0.9475343327180524,-0.28902417135796726), (-0.6288746141775956,-0.30833710151410054,0.7137541253631138), 0.2343589774656658, 0.3564056279060258, 0.6545733310887996,  (gDx*1, gDy*0, gDz*3)), rgb(0.15535015578380812,0.4919561686003655,0.5578753092475914)  );
  draw(  ellipsoid( (-0.9704127698003345,0.006542449633576269,-0.24136332066251331), (-0.17990129700359164,-0.6863206017065994,0.704698201366739), (0.16104216697768528,-0.727269707897891,-0.6671912712477942), 0.37759603530773417, 0.4132337347992025, 0.7531797744115907,  (gDx*1, gDy*1, gDz*0)), rgb(0.18485903063331005,0.42017286139637444,0.5568332901984547)  );
  draw(  ellipsoid( (0.8591399836472439,-0.22516751289454115,0.45954116206875373), (-0.4856770675312374,-0.6417018346342614,0.5935794315011939), (-0.16123360249299998,0.7331564270767253,0.6606704010800089), 0.33275655089658424, 0.428746344266996, 0.7261830888725419,  (gDx*1, gDy*1, gDz*1)), rgb(0.17925672053509797,0.4331977258737854,0.5574081474290717)  );
  draw(  ellipsoid( (-0.8054343885296206,0.2745316897089909,-0.5252692615406335), (0.5678599460246583,0.6112612775043752,-0.5512664803201729), (-0.16973664152088183,0.7422883550004309,0.6482264037787768), 0.29286235147473405, 0.4891314951792203, 0.6223394759024158,  (gDx*1, gDy*1, gDz*2)), rgb(0.18243124885818213,0.425778323440956,0.5571012157131302)  );
  draw(  ellipsoid( (-0.7733053589877652,0.26636950002969906,-0.5753660671387667), (0.02690927831772767,0.9204398171119553,0.38995696405543173), (0.6334624791581766,0.28607312444345173,-0.7189488542100463), 0.2614121125745796, 0.46758871868449925, 0.5903405776332064,  (gDx*1, gDy*1, gDz*3)), rgb(0.17434334517745348,0.4448778724976641,0.5577872648793953)  );
  draw(  ellipsoid( (0.6882685557550242,0.5918426644894828,-0.4195338551879724), (0.7062402355496791,-0.41441074363850094,0.5740108581270202), (-0.1658647788098159,0.6913653130198055,0.7032089867908383), 0.4010985132738553, 0.45893650021512933, 0.7822866425294329,  (gDx*1, gDy*2, gDz*0)), rgb(0.19070882896538632,0.4068868543080405,0.5560775916985848)  );
  draw(  ellipsoid( (-0.9218296523907384,-0.36337574563939734,0.13486348451001307), (0.3489096254721337,-0.6264390611590204,0.6970194946392106), (0.1687962239686324,-0.6895884063230873,-0.7042553973088996), 0.39346497242685585, 0.4000766402666867, 0.8086001791235142,  (gDx*1, gDy*2, gDz*1)), rgb(0.17622783860325322,0.44036985229833,0.5576556569959605)  );
  draw(  ellipsoid( (0.7870852194816561,-0.33165183550264515,0.5200999108644796), (-0.5936990659638062,-0.6361049369473442,0.49284067229168427), (-0.1673866074308747,0.6966904400082874,0.6975701788736682), 0.34494894783166347, 0.41623787307432386, 0.7719186478028279,  (gDx*1, gDy*2, gDz*2)), rgb(0.17392745982629917,0.4458790392481396,0.5578127255537969)  );
  draw(  ellipsoid( (-0.7575425741966602,0.35459892364234985,-0.5480774139035333), (0.6297937669536812,0.6178771204390785,-0.47073100083190283), (-0.17172378806033295,0.701774513208908,0.6913924162330753), 0.30106103088747055, 0.479008694558622, 0.6479739728153168,  (gDx*1, gDy*2, gDz*3)), rgb(0.18215131946129523,0.42642791144574665,0.5571304230161463)  );
  draw(  ellipsoid( (-0.6485039021555234,-0.6376735986357527,0.4157103204059146), (0.7419052945239144,-0.4072646998819424,0.5326462223535012), (0.17035029452995556,-0.6538408413620254,-0.7372061660896201), 0.4162455862249897, 0.5423692642213406, 0.7674424120268057,  (gDx*1, gDy*3, gDz*0)), rgb(0.2046009125185989,0.37639778657671863,0.5535973577677769)  );
  draw(  ellipsoid( (-0.5494016542232751,-0.6811979156588537,0.4838669466276466), (0.817722710392786,-0.3193327270306394,0.4789114514762108), (-0.17171893094415602,0.6587837347333406,0.7324729343847372), 0.3925576805483226, 0.4774511383292036, 0.8305334355775374,  (gDx*1, gDy*3, gDz*1)), rgb(0.18152703677156906,0.427882524645963,0.5571925826939187)  );
  draw(  ellipsoid( (-0.3492076512460775,-0.7338341463621173,0.5827018636868947), (-0.9214936365218724,0.15611467087020348,-0.3556370163365779), (0.1700102766331891,-0.661147226547968,-0.7307399336747898), 0.3813429359877612, 0.41592289150972683, 0.8573075441831305,  (gDx*1, gDy*3, gDz*2)), rgb(0.16894230549640765,0.45798697744762173,0.5580540737593334)  );
  draw(  ellipsoid( (0.6176698168550064,-0.5079635782594762,0.6003807129714708), (0.7688946832999111,0.5504030151438719,-0.32535747557673306), (-0.16518160714629768,0.6625930305114618,0.7305378241940681), 0.35598826591193583, 0.40947462514652094, 0.8103911400777435,  (gDx*1, gDy*3, gDz*3)), rgb(0.16990707900599442,0.45562517199322145,0.5580189084082421)  );
  draw(  ellipsoid( (-0.8786834939199569,0.11238075635673776,-0.46398909805436656), (-0.01322849689381374,0.9657941489044337,0.25897233213586923), (0.47722146261724974,0.23369259197212075,-0.8471407486804097), 0.27710415432156243, 0.44992893249232097, 0.608030962373623,  (gDx*2, gDy*0, gDz*0)), rgb(0.17964441894958033,0.4322872366159235,0.5573725080717156)  );
  draw(  ellipsoid( (0.8409719287974002,0.017664854232306952,0.5407903178679626), (-0.16034528544450255,0.9627085311620137,0.21790289916290506), (0.516774229630795,0.26996339928373525,-0.8124433264152453), 0.25548800309717956, 0.3802078591478096, 0.6752829352042352,  (gDx*2, gDy*0, gDz*1)), rgb(0.16036054069436803,0.47930518426439256,0.5581063070762499)  );
  draw(  ellipsoid( (-0.7238674047211628,-0.3072442548281284,-0.6177515263092082), (-0.4201568721627638,0.9065032832082313,0.041472886409077286), (-0.5472514807258645,-0.28957341971908446,0.7852789640857214), 0.23090127875128383, 0.32092602626525935, 0.7083779792953852,  (gDx*2, gDy*0, gDz*2)), rgb(0.1454811893955622,0.5172227276737024,0.5566995647700816)  );
  draw(  ellipsoid( (0.5182849291317314,0.5874034155869738,0.6215609057780846), (-0.6293250380241816,0.7540875564012598,-0.18788814171373083), (-0.5790774807836848,-0.29378424845034423,0.7604998925783538), 0.1935191620125966, 0.2855272657145066, 0.6944868028659626,  (gDx*2, gDy*0, gDz*3)), rgb(0.13424345848303354,0.5471421896186475,0.5537255984427214)  );
  draw(  ellipsoid( (0.8963472007758873,-0.16055246045365915,0.41326093827448496), (0.2758746153255414,0.9316677521409044,-0.2364072677387458), (-0.34706612090524797,0.325911195056246,0.8793901299518851), 0.31009467104063926, 0.5064930408516645, 0.5933587523097243,  (gDx*2, gDy*1, gDz*0)), rgb(0.19493172564265,0.3974846973011884,0.5554284268689058)  );
  draw(  ellipsoid( (-0.8649253486757609,0.1430430469842418,-0.48108505269606694), (0.03421435467666579,0.9731011369481495,0.22782351767163497), (0.500732981889722,0.18059032083609117,-0.8465539657152076), 0.28062183363711146, 0.46395351573144616, 0.6224874513891882,  (gDx*2, gDy*1, gDz*1)), rgb(0.17813063947268337,0.4358550022233778,0.5575051432776865)  );
  draw(  ellipsoid( (-0.8282528117620436,0.04964972624729269,-0.5581506826044715), (0.12080675214911753,-0.9568220159956771,-0.2643810854451379), (-0.5471773098762872,-0.2864027485718955,0.7864925029312188), 0.25752878345222263, 0.3802840686858627, 0.6744589361536489,  (gDx*2, gDy*1, gDz*2)), rgb(0.16117565161644187,0.47726008646982543,0.5581236433922891)  );
  draw(  ellipsoid( (-0.7155938569759096,-0.22902036323053568,-0.6599053758563382), (-0.3855512333515612,0.9172791915757182,0.0997453315363022), (-0.5824737576229781,-0.32580447806614016,0.744698438129568), 0.23416475427924677, 0.31119933963860863, 0.6838267450263518,  (gDx*2, gDy*1, gDz*3)), rgb(0.14882211601147716,0.5086086584118304,0.5572195574848512)  );
  draw(  ellipsoid( (0.9220385355622644,-0.15112545957255646,0.3563790600009748), (-0.3207478842247472,-0.8136884864376022,0.48480082694260385), (-0.21671579015739276,0.5613128739908507,0.7987253118491914), 0.36208860232074475, 0.4814313793754086, 0.668389883004862,  (gDx*2, gDy*2, gDz*0)), rgb(0.20462450768500962,0.37634687744049555,0.5535923309714545)  );
  draw(  ellipsoid( (0.874799320350045,-0.20757340696364546,0.437766410128283), (0.3591072590851543,0.8843452820582041,-0.2982874428696983), (-0.32522011866956696,0.4181467479520806,0.8481657689329675), 0.3210641482996099, 0.49805456058513625, 0.6301135837018077,  (gDx*2, gDy*2, gDz*1)), rgb(0.19381196454747107,0.39996351945725883,0.5556097834811448)  );
  draw(  ellipsoid( (0.8411401919935136,-0.20852630866536348,0.4989989539142468), (0.1283794742655199,0.9732909940998331,0.19032433210566474), (-0.525358818333169,-0.0960282218858407,0.8454446715196802), 0.28828013853327483, 0.4696157679914599, 0.6257283981558015,  (gDx*2, gDy*2, gDz*2)), rgb(0.18076177105830465,0.4296656360897154,0.5572687800175505)  );
  draw(  ellipsoid( (0.8094103100233918,-0.1596901122449575,0.5651141637572268), (-0.039723615739148205,0.945223605344886,0.323997484946139), (0.585898442036199,0.28469528262689553,-0.7587302627874725), 0.2663296352285374, 0.3855789627373706, 0.663459638615596,  (gDx*2, gDy*2, gDz*3)), rgb(0.16604201687490616,0.4651320415398157,0.5581274330858348)  );
  draw(  ellipsoid( (0.9837753913318038,0.12201772597890294,0.13152054575956504), (0.024909708740218167,-0.81889522328292,0.5734022320281764), (0.17766678310937586,-0.5608228667158237,-0.8086483947601774), 0.4254045194568686, 0.47366261009539384, 0.7200049923651123,  (gDx*2, gDy*3, gDz*0)), rgb(0.2143594524729712,0.3554877385462268,0.5511660977889933)  );
  draw(  ellipsoid( (0.8908836582659747,-0.2192192217908109,0.39783066778727033), (-0.3946795851087533,-0.8071188972200137,0.43907529063787154), (-0.22484290634355447,0.5481806440834818,0.8055703873152258), 0.3826639832114915, 0.46426805358584333, 0.7177911112823587,  (gDx*2, gDy*3, gDz*1)), rgb(0.1997520646253618,0.3869060777058876,0.5545800439526667)  );
  draw(  ellipsoid( (-0.8365109742765856,0.2813702589923342,-0.4701916282425968), (0.4508788113623063,0.8410722896586856,-0.29884059468688307), (-0.3113802938198749,0.46198287946944816,0.8304300883865935), 0.33675670970517685, 0.48339662385445376, 0.6701504674267589,  (gDx*2, gDy*3, gDz*2)), rgb(0.1932452730814858,0.40122370082395925,0.5556978921370725)  );
  draw(  ellipsoid( (0.8063108267048144,-0.29252633331684813,0.5140925938532853), (0.2558122720178389,0.9561176878224698,0.142825237679078), (-0.533313165245027,0.016349658993823936,0.8457598692460622), 0.3036816502563501, 0.4752044955251753, 0.6304356905134734,  (gDx*2, gDy*3, gDz*3)), rgb(0.18667313984824738,0.41601958640018033,0.5566156084723948)  );
  draw(  ellipsoid( (-0.7240817512869627,-0.3985027984141055,-0.5629397277767236), (0.5151918630099872,-0.8551570782923869,-0.05730371484229766), (-0.4585662021360751,-0.3315145413138849,0.8245090340050502), 0.23412722848512957, 0.3066132928037738, 0.7243076929237664,  (gDx*3, gDy*0, gDz*0)), rgb(0.1433898520304117,0.5226512376610769,0.5563041652630114)  );
  draw(  ellipsoid( (0.5156689332936883,0.6374341248416566,0.5725061464500629), (-0.7019496763436761,0.6974567678338838,-0.1442938282939371), (-0.49127609662669103,-0.32746265968819,0.8071034651103779), 0.1966158231130408, 0.298124851054862, 0.7419403584140267,  (gDx*3, gDy*0, gDz*1)), rgb(0.13125195079745972,0.5556675072428898,0.5524941356098899)  );
  draw(  ellipsoid( (0.40081725340039387,0.7234102215994648,0.5621593907976435), (-0.7478820170910445,0.6127735182201385,-0.2553059025560202), (-0.5291672872432637,-0.31809788847700204,0.7866356942435794), 0.1646790426758719, 0.29451569376026243, 0.7255589866478827,  (gDx*3, gDy*0, gDz*2)), rgb(0.12437990808095115,0.5780616713752093,0.5482733654551082)  );
  draw(  ellipsoid( (0.3597554730743723,0.7341125142311935,0.5758947959846403), (-0.733133393210246,0.6041903340599996,-0.31220100574549225), (-0.5771407344427061,-0.30989168539607714,0.7555631780131379), 0.1443916405984348, 0.27872210081022514, 0.6902283922727268,  (gDx*3, gDy*0, gDz*3)), rgb(0.12169433055828739,0.5897921745582273,0.5454265001584747)  );
  draw(  ellipsoid( (0.87864063984419,0.022733869295915383,0.4769421319206643), (-0.17727855334916223,0.9430011200246015,0.2816401998202234), (0.4433541930969194,0.33201213655404743,-0.8325893349330126), 0.2603676669117078, 0.3568134522350977, 0.698528549211956,  (gDx*3, gDy*1, gDz*0)), rgb(0.15754514180508994,0.4863972532252282,0.5580032967230925)  );
  draw(  ellipsoid( (-0.7475141500174224,-0.31206669711894197,-0.5863761353201586), (-0.45365102499010346,0.8846723116686485,0.10749720225325965), (-0.48520443428431104,-0.34636581458932203,0.8028744481142224), 0.23411072235389568, 0.3146453732881538, 0.7336807881130653,  (gDx*3, gDy*1, gDz*1)), rgb(0.14292601511737899,0.5238628468523049,0.5562049691730705)  );
  draw(  ellipsoid( (0.5148416508712707,0.5884330588553621,0.6234457552780888), (-0.6787248070888431,0.7240385369239257,-0.12288544784177587), (-0.5237086124653267,-0.35988155314656356,0.7721493100006367), 0.19615250625962852, 0.29659579644171846, 0.7245883678333696,  (gDx*3, gDy*1, gDz*2)), rgb(0.13262341299052555,0.551707594135393,0.5530902347914125)  );
  draw(  ellipsoid( (0.3866852983793412,0.6772580878299802,0.6259360690087755), (-0.7226850140810421,0.6441724980415797,-0.2505357523180173), (-0.5728881657356554,-0.3554761247056539,0.7385363053528828), 0.16241911026424719, 0.28906754703682935, 0.6731655814361593,  (gDx*3, gDy*1, gDz*3)), rgb(0.12732357378298545,0.5677565929896696,0.5503992603182374)  );
  draw(  ellipsoid( (-0.9095533912920113,0.12569600469674447,-0.39612263605161174), (-0.005314913892633265,-0.956604220861361,-0.29134192338306336), (-0.4155531013956166,-0.26288567673706553,0.870750676650314), 0.2902927473280221, 0.4343289403239361, 0.6679584724668689,  (gDx*3, gDy*2, gDz*0)), rgb(0.1749657828198951,0.44338672322534384,0.557744762755757)  );
  draw(  ellipsoid( (0.8693988249932596,-0.029488535477058077,0.49323028027054266), (-0.1330650626737477,0.9473662789614149,0.29118863745420104), (0.475856461757084,0.3187907774108604,-0.8197152359458791), 0.26462272835335954, 0.3738939917426387, 0.7099134324114507,  (gDx*3, gDy*2, gDz*1)), rgb(0.15814535513571568,0.48488187561333146,0.5580300520874696)  );
  draw(  ellipsoid( (-0.7578715609673484,-0.2210518420423388,-0.6138133105485769), (-0.38839841488582955,0.9088255573829009,0.15225891619814624), (-0.5241921101953836,-0.3537968193431768,0.774629228877637), 0.23929443168818174, 0.31729045187059723, 0.7268413582615896,  (gDx*3, gDy*2, gDz*2)), rgb(0.145276643209601,0.5177524461566984,0.5566634345148556)  );
  draw(  ellipsoid( (0.5043394572442088,0.5439586034270338,0.6706345872562257), (-0.6488689788712529,0.7511678764850184,-0.1213089839853829), (-0.5697462243185071,-0.3739730726866567,0.731801462679671), 0.20653103060637223, 0.2934953329991141, 0.6977654301724843,  (gDx*3, gDy*2, gDz*3)), rgb(0.138042936963676,0.5367625824064433,0.554983698830618)  );
  draw(  ellipsoid( (-0.929907847728805,0.16168109904728392,-0.3303492348155874), (0.14200418555229188,0.9863778960289143,0.08302684813482242), (0.33927305524903073,0.030296343614948512,-0.9401999391329235), 0.337672586716141, 0.49437904057694193, 0.6608408751946542,  (gDx*3, gDy*3, gDz*0)), rgb(0.1953978855949434,0.3964543778611762,0.5553518812858302)  );
  draw(  ellipsoid( (0.8909861429921847,-0.17758856753707203,0.4178588202683302), (0.07683949236825172,0.9660357668965618,0.2467196576869408), (0.44748115648426956,0.18771573657182444,-0.8743702973196185), 0.30340629278601094, 0.451122149584138, 0.6814339048124302,  (gDx*3, gDy*3, gDz*1)), rgb(0.17773528871408814,0.43678912986163754,0.5575385846012519)  );
  draw(  ellipsoid( (0.8538717499217058,-0.11425479186707735,0.507788220837245), (-0.054941696461714276,0.9503721941450567,0.30622557467628253), (0.5175755448971222,0.28937611361569116,-0.8052186163975134), 0.2777805284583244, 0.38709742595436153, 0.7118188869019897,  (gDx*3, gDy*3, gDz*2)), rgb(0.16250371775198638,0.4739343153937225,0.558141951275803)  );
  draw(  ellipsoid( (-0.755828801620314,-0.13782419369024168,-0.640099456549398), (-0.3281601358150747,0.925689605349497,0.1881745992681381), (-0.5665984009005246,-0.35228290645662536,0.7448912712036845), 0.2583797030311999, 0.32607508645036376, 0.718416995011053,  (gDx*3, gDy*3, gDz*3)), rgb(0.15198716862405384,0.5005087300279126,0.5575935533205363)  );
