import settings;
import three;
surface ellipsoid(triple v1,triple v2,triple v3,real l1,real l2, real l3, triple pos=O) {
  transform3 T = identity(4);
  T[0][0] = l1*v1.x;
  T[1][0] = l1*v1.y;
  T[2][0] = l1*v1.z;
  T[0][1] = l2*v2.x;
  T[1][1] = l2*v2.y;
  T[2][1] = l2*v2.z;
  T[0][2] = l3*v3.x;
  T[1][2] = l3*v3.y;
  T[2][2] = l3*v3.z;
  T[0][3] = pos.x;
  T[1][3] = pos.y;
  T[2][3] = pos.z;
  return T*unitsphere;
}

size(200);

real gDx=1.5;
real gDy=1.5;
real gDz=1.5;

currentprojection=perspective(up=Y, camera = (gDx*-2.0,gDy*6.0,gDz*14.0), target = (gDx*1.5,gDy*1.5,gDz*0.0) );
currentlight=Viewport;

  draw(  ellipsoid( (0.9063153928083106,0.3856570348739054,-0.1728035306670122), (0.32176765899543563,-0.8948249325195726,-0.30944129292313194), (0.2739671191645358,-0.2248488194178682,0.9350855714976442), 0.407963493865768, 0.48442063898108995, 0.5162814985809506,  (gDx*0, gDy*0, gDz*0)), rgb(0.27360059294668804,0.20197681679932616,0.5002318679320913)  );
  draw(  ellipsoid( (0.9052319839589048,0.39758130882801884,-0.149947184329765), (0.2990570722048366,-0.8468043399291054,-0.4398718875326124), (0.30186076721246163,-0.35334333550787766,0.8854538748405089), 0.410288144048955, 0.49685784434580904, 0.536497243331385,  (gDx*0, gDy*0, gDz*1)), rgb(0.26840775797854427,0.22199639179366198,0.5112102002642976)  );
  draw(  ellipsoid( (0.8991989298884859,0.41679973699561323,-0.13311372479120734), (0.3100403513983233,-0.8216377581440052,-0.4783161871575091), (0.3087333234236397,-0.3888307776301667,0.8680405297999132), 0.41556125520489473, 0.5100446328863326, 0.555159325623127,  (gDx*0, gDy*0, gDz*2)), rgb(0.26461453144857333,0.2346293741416462,0.5173732263675681)  );
  draw(  ellipsoid( (0.8998687726006154,0.4161667371627816,-0.13054286260667908), (0.29245223315519664,-0.7977654976434266,-0.5272967874852591), (0.32358597531537103,-0.4363203612588106,0.8395931508356778), 0.42285121473877385, 0.5232605992437799, 0.5697020012432935,  (gDx*0, gDy*0, gDz*3)), rgb(0.2629049162723509,0.2399450195096436,0.5197934909736864)  );
  draw(  ellipsoid( (-0.8522755136858144,-0.514223200467755,0.09592157667740803), (-0.4926009692097242,0.8506779463066765,0.18355194578400932), (0.1759850388675726,-0.10918576724168078,0.9783188306102591), 0.5318757962489822, 0.6409623351912946, 0.7177028044199207,  (gDx*0, gDy*1, gDz*0)), rgb(0.26373773399566947,0.23739525004739898,0.5186529246743367)  );
  draw(  ellipsoid( (0.8479333697485727,0.5149594212134592,-0.1258006159377984), (0.468097149898235,-0.8387366422873551,-0.27821916386489726), (0.24878516580371018,-0.17702440336866593,0.9522438248095855), 0.5401463497066492, 0.673539305504876, 0.7510385322554171,  (gDx*0, gDy*1, gDz*1)), rgb(0.2574213317873566,0.25585231838141875,0.5264525440197806)  );
  draw(  ellipsoid( (0.8430069931089271,0.5195291721791694,-0.1393866881171671), (0.4505352247415497,-0.8235331970044071,-0.3446898384037188), (0.2938659912894419,-0.22777733137107178,0.9283104364796007), 0.5468488138196291, 0.6941651052926487, 0.7740852006239188,  (gDx*0, gDy*1, gDz*2)), rgb(0.2535504308496099,0.26625440992654614,0.5303355401286747)  );
  draw(  ellipsoid( (0.8388083270009524,0.5232117890498811,-0.15049921711785116), (0.4381729527087224,-0.8128588945707411,-0.38375106648940105), (0.3231177093078972,-0.2559489037219238,0.9110900639427272), 0.5506734295353506, 0.7005649996389378, 0.7816801528952132,  (gDx*0, gDy*1, gDz*3)), rgb(0.2529642669367698,0.2677792441374896,0.5308728851056378)  );
  draw(  ellipsoid( (-0.8061725963742464,-0.5913100825909609,-0.020931580959818643), (-0.5873123506808574,0.7954294114595706,0.1495200793298575), (0.07176313533375801,-0.13283236658041206,0.9885371084565898), 0.6074994562233581, 0.7225822198949132, 0.8470305263396599,  (gDx*0, gDy*2, gDz*0)), rgb(0.25807744038165875,0.2540181694017294,0.5257229576522882)  );
  draw(  ellipsoid( (-0.819225188685585,-0.5694404451238827,0.06787981791506092), (-0.5487952478182656,0.8128108007254523,0.19535193420116828), (0.1664147415199633,-0.12278510366149117,0.9783812917894948), 0.6376284698913065, 0.7843247193434563, 0.9003920590093772,  (gDx*0, gDy*2, gDz*1)), rgb(0.2551593970387528,0.2619953854249335,0.5287865278059907)  );
  draw(  ellipsoid( (0.8137203029372657,0.5655416877266595,-0.13424555125204735), (0.5231710887582962,-0.8132421424853317,-0.25481214565504295), (0.2532810306263435,-0.13711242514502478,0.9576267030506758), 0.6522731571611131, 0.8208833518088045, 0.934355328708551,  (gDx*0, gDy*2, gDz*2)), rgb(0.25183449541798986,0.270698933946365,0.5318887145183626)  );
  draw(  ellipsoid( (0.7966231911301287,0.577707707110406,-0.17789124907900267), (0.5136388262249125,-0.802091933632125,-0.30466979862889687), (0.31869522674170037,-0.15133517485210293,0.9356981443310335), 0.6535736389640872, 0.8242693763067462, 0.9379714857362217,  (gDx*0, gDy*2, gDz*3)), rgb(0.25141791570633415,0.2717602820302724,0.5322475994706313)  );
  draw(  ellipsoid( (-0.6842123069292437,-0.6899790543558545,-0.23618302986616782), (-0.7239950590981579,0.6815724988609105,0.10625480317589812), (-0.08766226923835148,-0.24369619066923207,0.965881718020011), 0.5909099322060761, 0.6830411535798816, 0.8554215574408576,  (gDx*0, gDy*3, gDz*0)), rgb(0.25006818041998474,0.2751810555770425,0.5333916741925179)  );
  draw(  ellipsoid( (-0.7644720083741179,-0.6394664620593599,-0.08164062906254364), (-0.6423577598523702,0.7449260660225261,0.18017120890321958), (0.05439721288713496,-0.19017833751899096,0.9802413698516426), 0.6648395457109519, 0.7543571994971917, 0.9075500658220252,  (gDx*0, gDy*3, gDz*1)), rgb(0.261802006563274,0.24328004312231108,0.5212639067852721)  );
  draw(  ellipsoid( (-0.7863030689015961,-0.6120989308064851,0.08403798392090116), (-0.5861512950503153,0.7820423428868698,0.21174615284073983), (0.1953308555931937,-0.11723767669812606,0.9737048752140748), 0.7027513842521613, 0.8064890358873066, 0.9505199009789583,  (gDx*0, gDy*3, gDz*2)), rgb(0.2637806066891748,0.23726000723893917,0.5185903513706578)  );
  draw(  ellipsoid( (0.7602692321249446,0.614589807488355,-0.21040452280208682), (-0.5688813077329578,0.7862765926643556,0.2411289645400793), (-0.3136315551665485,0.06362773262938859,-0.9474105547460696), 0.7089704959295003, 0.8226126607091687, 0.9667661888359916,  (gDx*0, gDy*3, gDz*3)), rgb(0.2623286538692553,0.24170403687778128,0.5205775857188821)  );
  draw(  ellipsoid( (0.9131405215413158,0.29854903308236114,-0.2775659611062588), (0.26976856591525267,-0.9530429197707094,-0.1376012860366829), (0.3056130048988136,-0.05077073882177135,0.9508012533206975), 0.34615541981230946, 0.39023513682695943, 0.40868875323502635,  (gDx*1, gDy*0, gDz*0)), rgb(0.28161708275891073,0.15369552651603186,0.4675620649414207)  );
  draw(  ellipsoid( (0.934067702883915,0.30805473326539673,-0.18060954499126503), (-0.21125266012336041,0.884468571685171,0.41603805029347685), (0.2879059569025459,-0.3504534591268572,0.8912309088928916), 0.34895128199424386, 0.39683192846179427, 0.419581282442001,  (gDx*1, gDy*0, gDz*1)), rgb(0.2802072947665865,0.16603667382544285,0.4767431110304167)  );
  draw(  ellipsoid( (-0.941411076285529,-0.3103609674867445,0.1319896030284726), (-0.18977434837827103,0.8109951205681462,0.5534190194710158), (-0.2788025863304074,0.49594655384965414,-0.822378339683219), 0.3536945591090325, 0.40483601983329365, 0.43498710079140274,  (gDx*1, gDy*0, gDz*2)), rgb(0.27802798724698574,0.1802712140005535,0.4866321868365443)  );
  draw(  ellipsoid( (-0.9413113281848241,-0.3232193648798055,0.0972739718404535), (-0.2060187773869743,0.7784385402313756,0.5929499999548205), (-0.26737473103286863,0.5381102872545195,-0.7993422745957827), 0.3593771552263169, 0.4128240605507376, 0.4507623932784706,  (gDx*1, gDy*0, gDz*3)), rgb(0.2757285818856031,0.19231570978130744,0.49439493421300923)  );
  draw(  ellipsoid( (0.8235571575552451,0.5148835726623482,-0.23800948477315267), (0.49518405211635663,-0.8572584708422138,-0.14106972991713837), (0.27667013349682534,0.0016795153244499878,0.9609634834160579), 0.48564113202602815, 0.5664019529208081, 0.6230259343375685,  (gDx*1, gDy*1, gDz*0)), rgb(0.2724303360264082,0.20685735211009323,0.5030467863840022)  );
  draw(  ellipsoid( (0.8293540174226772,0.5296351034400372,-0.17792855585578932), (0.47989568619802536,-0.8383451058291067,-0.25860706467710864), (0.286132913439526,-0.1290896616172075,0.949454482905928), 0.4898613267285146, 0.5786110501822029, 0.6416106900230437,  (gDx*1, gDy*1, gDz*1)), rgb(0.2690760321629634,0.21963698495300005,0.5099978312028626)  );
  draw(  ellipsoid( (0.8335836076110834,0.535939792506054,-0.1338166952613126), (0.4715050363035425,-0.8165340821927479,-0.33309922449330576), (0.2877870217061319,-0.21457080748837884,0.933347737293716), 0.493838369481983, 0.5882772341919409, 0.6554208315674155,  (gDx*1, gDy*1, gDz*2)), rgb(0.26677942957303313,0.22758483027542853,0.5140126421970673)  );
  draw(  ellipsoid( (0.8474526537305651,0.5178927094373538,-0.1166667956046607), (0.43739220111946436,-0.8057026094036742,-0.39941377993251614), (0.30085222632530667,-0.2874551212132911,0.9093170465813113), 0.496482055226012, 0.5943449119507658, 0.6622240210232242,  (gDx*1, gDy*1, gDz*3)), rgb(0.26583494373176214,0.23069913876174808,0.515517206692359)  );
  draw(  ellipsoid( (-0.7766593480554235,-0.5972857880592011,0.20012482220010502), (-0.5857335197518784,0.8016554336236933,0.11943537826240641), (0.23176820514730023,0.024459213480952462,0.9724634933809557), 0.6004779029365152, 0.7218142838309427, 0.8183854507540119,  (gDx*1, gDy*2, gDz*0)), rgb(0.26210372316784997,0.2423874086750781,0.5208805514823297)  );
  draw(  ellipsoid( (0.7797370946001593,0.5987300546449714,-0.18311849980089914), (0.5641044200320783,-0.7986996322832259,-0.20943996918189306), (0.2716546826483501,-0.06001015793570559,0.9605220009660143), 0.6123993037190013, 0.7515549152709479, 0.8549865682476495,  (gDx*1, gDy*2, gDz*1)), rgb(0.2572885703274752,0.25622115914875127,0.5265978649357458)  );
  draw(  ellipsoid( (0.7783354622422616,0.6067694202965479,-0.16132197249326077), (0.5547745913732159,-0.7849626526093508,-0.2757875754546835), (0.29397119073611117,-0.1251579186527227,0.9475845262643915), 0.6169278751575807, 0.7643696932259836, 0.8735336160846375,  (gDx*1, gDy*2, gDz*2)), rgb(0.2544575153943379,0.26386337569612167,0.5294724016234277)  );
  draw(  ellipsoid( (0.7781932836779388,0.610729994216323,-0.1463696942781437), (0.546312242512413,-0.7732580211214481,-0.32189278720157816), (0.3097711202155646,-0.1705312491476911,0.935393471296717), 0.6136931630897215, 0.7602378593187015, 0.8686631298506572,  (gDx*1, gDy*2, gDz*3)), rgb(0.25452295995449853,0.26368920131408025,0.5294084496584988)  );
  draw(  ellipsoid( (-0.7472651898290064,-0.6535418639691728,0.12032359747579932), (-0.6392326515294467,0.7564209264848618,0.1385965338470491), (0.18159392415070297,-0.026653592918840112,0.9830123258108545), 0.6560080209422234, 0.7854245651159499, 0.914520770345918,  (gDx*1, gDy*3, gDz*0)), rgb(0.2580532042035294,0.2540859215418074,0.5257499080463492)  );
  draw(  ellipsoid( (-0.749479631087527,-0.6423748629946904,0.16010876920848896), (-0.6201988469271016,0.7658850099089662,0.16962765655115358), (0.231589448928914,-0.02783319940817822,0.9724153640063007), 0.6801116323023609, 0.8375640255210643, 0.9731114203979643,  (gDx*1, gDy*3, gDz*1)), rgb(0.25268117374708365,0.2685156766797576,0.5311324007464988)  );
  draw(  ellipsoid( (0.7427952815677403,0.6449138817709043,-0.17983674479895753), (0.6051570348345332,-0.7616282957951077,-0.2317483597234628), (0.2864264877258685,-0.06331211687682031,0.9560080768411943), 0.6893952009775752, 0.8587799711740639, 1.0,  (gDx*1, gDy*3, gDz*2)), rgb(0.24983299678559728,0.2757683599201538,0.533581942466886)  );
  draw(  ellipsoid( (0.7281075976382125,0.657715860234202,-0.19305225577002338), (0.6003731669814274,-0.7478155397126037,-0.2834148530565016), (0.33077392072260314,-0.09045311360439943,0.9393651300793885), 0.6850206939876542, 0.850549076449237, 0.9972854624428156,  (gDx*1, gDy*3, gDz*3)), rgb(0.2492128268951259,0.2773170581154568,0.5340836723392997)  );
  draw(  ellipsoid( (-0.9210447124200865,-0.0998814000704703,0.37643106094338585), (0.2763477512134776,-0.8486765918388788,0.4509766766297339), (-0.2744240480028205,-0.5193955606132081,-0.8092710877654269), 0.2852644877195476, 0.3070324863905704, 0.32400676279839014,  (gDx*2, gDy*0, gDz*0)), rgb(0.28322301392734545,0.12149974701027147,0.441207691760392)  );
  draw(  ellipsoid( (-0.9652977580772155,-0.05081011872498349,0.2561612189349806), (-0.021504206023637062,0.9930241441935773,0.11593368005849923), (-0.2602648792564896,0.10640197781886587,-0.9596566113677529), 0.28905283253431635, 0.3205592150408453, 0.3232199361107305,  (gDx*2, gDy*0, gDz*1)), rgb(0.283217286286584,0.11891122508495572,0.43894810671074497)  );
  draw(  ellipsoid( (-0.9863374255248822,-0.07811324761791734,0.1450406962046492), (0.02894437528487417,0.7845654103231576,0.6193701155721217), (-0.16217492453618043,0.6151060375829824,-0.7715852878202426), 0.2933304580941227, 0.32205824300088787, 0.33645309437381093,  (gDx*2, gDy*0, gDz*2)), rgb(0.28307325621459184,0.13083986856482566,0.4491942360463679)  );
  draw(  ellipsoid( (-0.9909232721122032,-0.12837497521014637,0.03988652060833299), (-0.07879500554880864,0.7950676479764602,0.6013807298556735), (-0.10891471841311352,0.5927793020011508,-0.7979663421674003), 0.2972371483026442, 0.32339538169233134, 0.3498879373908899,  (gDx*2, gDy*0, gDz*3)), rgb(0.2821408601487248,0.1477508980669637,0.462951438512945)  );
  draw(  ellipsoid( (0.7699536037929218,0.5471260541156542,-0.32836645522057645), (0.5785518667139262,-0.8156419490736329,-0.0024389409990472856), (0.26916386371154,0.18809915422244589,0.9445472580303623), 0.4112751401821231, 0.45260885318488, 0.5059603249532264,  (gDx*2, gDy*1, gDz*0)), rgb(0.27832712714638386,0.1784789470603022,0.4854194575146601)  );
  draw(  ellipsoid( (0.8457059019707777,0.48135423791774534,-0.23039015823255138), (0.46599400323419293,-0.8765104496055817,-0.12074361549163613), (0.26005983219552453,0.005246843893979593,0.9655782486715347), 0.42030206594639524, 0.46397178798656513, 0.5112401008716728,  (gDx*2, gDy*1, gDz*1)), rgb(0.27955823475306707,0.17070208532453057,0.4800686602133314)  );
  draw(  ellipsoid( (0.8748835481084063,0.46096597074784784,-0.14862419406590632), (-0.41257699784410556,0.8700420412314182,0.26982784759882045), (-0.25369075288466875,0.17474902089099822,-0.9513694243554643), 0.42623040791980016, 0.4708021403170845, 0.519315017676464,  (gDx*2, gDy*1, gDz*2)), rgb(0.2793853007613615,0.17183286093072317,0.48085472381199323)  );
  draw(  ellipsoid( (0.871713188483823,0.4849077776338611,-0.07057311253981052), (-0.4335321579866135,0.8303194081324318,0.3501707418818401), (-0.22839874127244178,0.2746527401443468,-0.9340234939852243), 0.4262146094182516, 0.4705792415842979, 0.5255650371179126,  (gDx*2, gDy*1, gDz*3)), rgb(0.27807710474157377,0.17997693141934262,0.4864330618584849)  );
  draw(  ellipsoid( (0.7095565944517662,0.6465986731636004,-0.28007069666975737), (0.6579639543267,-0.7502295721347028,-0.0651077867950782), (0.2522159274843354,0.1380787636012609,0.9577689601180254), 0.5340827665082861, 0.6220372546504833, 0.7246601342044373,  (gDx*2, gDy*2, gDz*0)), rgb(0.26327069503526407,0.2388284948267841,0.519295792001198)  );
  draw(  ellipsoid( (0.7327701468431799,0.6473942814088981,-0.20959140319793912), (0.6326592253504904,-0.7615785005901309,-0.1405008612706887), (0.25057976070373683,0.02964509804241514,0.9676419542825299), 0.5459877370098098, 0.637082754876817, 0.7394224055474172,  (gDx*2, gDy*2, gDz*1)), rgb(0.26361774545715844,0.23776913763732957,0.5188235758533745)  );
  draw(  ellipsoid( (0.7564317329158189,0.6359755618153508,-0.15279436577184463), (0.6045470973894899,-0.7689809166235942,-0.20782482264320423), (0.24966745978584107,-0.06483390041008429,0.9661587472469008), 0.5520667278806647, 0.644463101615957, 0.7436019289103762,  (gDx*2, gDy*2, gDz*2)), rgb(0.26459600236371084,0.2346878245274303,0.5174002698294827)  );
  draw(  ellipsoid( (0.7731626749809183,0.6243848288544831,-0.11118931384224287), (0.5824372341817922,-0.7684298546824645,-0.26510833006782486), (0.2509708075753346,-0.14021106921011686,0.9577862547645694), 0.552052264034914, 0.6425084710421658, 0.7395435488320314,  (gDx*2, gDy*2, gDz*3)), rgb(0.26557906133061326,0.2315361506021612,0.5159184160321395)  );
  draw(  ellipsoid( (-0.6987555223015838,-0.6694554953740214,0.2521310368966198), (-0.6753891359889246,0.7335429490710261,0.07592270316786699), (0.2357758152168621,0.11723515505898775,0.9647101551124665), 0.6106612248780976, 0.7434584094603202, 0.8836560567032101,  (gDx*2, gDy*3, gDz*0)), rgb(0.25067946998535806,0.2736416697433529,0.5328837731725915)  );
  draw(  ellipsoid( (0.6993460928374702,0.6811658737663256,-0.21662893354564286), (0.6705702360596564,-0.7301667898610636,-0.131118333938797), (0.2474885875022539,0.05356782056559633,0.9674088523762802), 0.6283622228379215, 0.7709542816115996, 0.9201178242474707,  (gDx*2, gDy*3, gDz*1)), rgb(0.24826668654407708,0.27966424237641807,0.534832019877037)  );
  draw(  ellipsoid( (0.7032658852540578,0.6889898048310126,-0.17524309822857423), (0.6653932869081112,-0.7247115315710975,-0.1790110883311258), (0.25033750892634393,-0.009286810367209797,0.9681140876868572), 0.6340490251959813, 0.7808949496060638, 0.9272582555710136,  (gDx*2, gDy*3, gDz*2)), rgb(0.24847583996891123,0.2791509076230572,0.5346726813218141)  );
  draw(  ellipsoid( (0.7112269731232886,0.688360155792712,-0.14253592045136615), (0.6513041898240077,-0.7215656481141186,-0.23483157321651812), (0.2644977221444031,-0.07418430682216871,0.9615288053936483), 0.631159765965696, 0.7720854607612178, 0.9113831072993369,  (gDx*2, gDy*3, gDz*3)), rgb(0.25104156120687193,0.2727191456419605,0.532571830254792)  );
  draw(  ellipsoid( (-0.9292098269156294,-0.08432565007977506,0.3598031160260425), (0.27557705304855956,-0.806810869389095,0.5226026299863828), (-0.2462242583428754,-0.5847609817474462,-0.7729348024440769), 0.23553650547747532, 0.24682167969632587, 0.2713991861971582,  (gDx*3, gDy*0, gDz*0)), rgb(0.28295389623492423,0.1340517628697122,0.45187069340748565)  );
  draw(  ellipsoid( (-0.9839056796091636,0.03332784067466745,0.17555303662652605), (0.05348176792708151,-0.8824900436241823,0.46728045476307123), (0.17049725549763042,0.46914878017548844,0.8665045342799004), 0.2381541742523559, 0.2560995560632205, 0.26874349379199297,  (gDx*3, gDy*0, gDz*1)), rgb(0.2832033783108058,0.11669594531803933,0.43700577096847515)  );
  draw(  ellipsoid( (-0.9989131891847561,0.025762209040188232,0.0388426190943544), (-0.03202773955863874,-0.9848436370530057,-0.17046182697299583), (0.033862433041697886,-0.17152060850398085,0.9845984036585277), 0.2409989795640971, 0.263997851716146, 0.27298466264101184,  (gDx*3, gDy*0, gDz*2)), rgb(0.2832157658532661,0.12237486566875888,0.44196287205018514)  );
  draw(  ellipsoid( (-0.9982313388969029,-0.011064155402624697,-0.05841043151118746), (-0.03751762556859434,0.8794032767103349,0.4745969918602738), (0.04611530999344258,0.4759490113198616,-0.8782630111805091), 0.24485658404126084, 0.26684035921699567, 0.28568308272052845,  (gDx*3, gDy*0, gDz*3)), rgb(0.2825824036129284,0.1415338486064231,0.4580037909116421)  );
  draw(  ellipsoid( (0.7497340485712867,0.5373775958845409,-0.38616599520705913), (-0.6124404462577672,0.7844989871497113,-0.09735522044895155), (-0.25063031779993133,-0.3094941980109294,-0.917277376368281), 0.32605218781596457, 0.3436213160117123, 0.39866863560972843,  (gDx*3, gDy*1, gDz*0)), rgb(0.2781937456593386,0.1792780889673288,0.48596019327295165)  );
  draw(  ellipsoid( (0.894087218747503,0.3703552166732229,-0.25188302593720957), (-0.3978138107106164,0.91504151549229,-0.06665730967771707), (-0.20579654341182252,-0.15979999502034228,-0.9654593436863329), 0.33454555162037636, 0.35278240603757305, 0.39927536507769673,  (gDx*3, gDy*1, gDz*1)), rgb(0.2808627912776956,0.1608128227262358,0.47292958106292615)  );
  draw(  ellipsoid( (0.9359906329738646,0.3276197322447984,-0.12878992984325585), (-0.3189122859076142,0.9440693752958162,0.08383297994075768), (-0.1490519670529891,0.03739419303064033,-0.9881220498730013), 0.3375076956688717, 0.35683837789935385, 0.40227361173809284,  (gDx*3, gDy*1, gDz*2)), rgb(0.28102696682117084,0.15932831765419025,0.4718183762781437)  );
  draw(  ellipsoid( (-0.9330898100579382,-0.359578706979043,0.0068234780955633645), (-0.3497839377785428,0.9117581861858083,0.215286336759446), (0.08363374461410561,-0.19849474403732842,0.9765271288353324), 0.33778889504535076, 0.3576901368086282, 0.4081091330007918,  (gDx*3, gDy*1, gDz*3)), rgb(0.279740774132503,0.16939754053735712,0.4791401091194889)  );
  draw(  ellipsoid( (0.6674229819206302,0.6775544190523919,-0.308976653530246), (-0.7085426660005404,0.7054749047129873,0.016506037593798803), (-0.22915901392051213,-0.2079066329936986,-0.9509263790095436), 0.4341551216154337, 0.48468819012832, 0.5872501537564742,  (gDx*3, gDy*2, gDz*0)), rgb(0.26316459228895434,0.23915236911142135,0.5194401613117506)  );
  draw(  ellipsoid( (0.7337424509187095,0.6402628845373014,-0.2273443520384425), (-0.6462495369487357,0.7609679398554589,0.057352685252599366), (-0.209722558904258,-0.10483908238874186,-0.9721240739177981), 0.44789641791296547, 0.4948708756139749, 0.5918044194370331,  (gDx*3, gDy*2, gDz*1)), rgb(0.26736202848295193,0.22560659636876626,0.5130300312113901)  );
  draw(  ellipsoid( (-0.7607496845892451,-0.6325962854616449,0.14519592631163072), (0.620703942116093,-0.7744767473300732,-0.12211627281640974), (0.18970116931349046,-0.0027762321874709728,0.9818379494070982), 0.4530053940739841, 0.49769807974942, 0.5912641627869332,  (gDx*3, gDy*2, gDz*2)), rgb(0.2694373745418274,0.21834061095638033,0.5093231765982017)  );
  draw(  ellipsoid( (-0.7622565059321179,-0.6449039214047657,0.055352970298937085), (-0.628247710501496,0.7577212889950311,0.17653119399510359), (0.15578778326232162,-0.0997866742629676,0.9827373943357138), 0.4502429627993094, 0.49519463072693837, 0.5886898953725044,  (gDx*3, gDy*2, gDz*3)), rgb(0.2691549455453427,0.21935837360073415,0.5098546681934865)  );
  draw(  ellipsoid( (-0.6679335412681792,-0.6952488849292738,0.265506633539637), (-0.7122149629512298,0.7006446929137784,0.04297511884958052), (0.2159042171828237,0.16039327385011723,0.9631507497304425), 0.5191788994949994, 0.6155727835540666, 0.767635120764659,  (gDx*3, gDy*3, gDz*0)), rgb(0.24615113384198045,0.2848294339365366,0.5364142808387318)  );
  draw(  ellipsoid( (-0.6895166974873531,-0.6925355350289016,0.21204069564205524), (-0.6940200935499512,0.7154949925501201,0.08001890641980111), (0.20712999211859948,0.09198613133476413,0.9739793211393208), 0.5353420042141328, 0.631314908977063, 0.7846623179469442,  (gDx*3, gDy*3, gDz*1)), rgb(0.24789491181041737,0.2805767059966544,0.5351152476031749)  );
  draw(  ellipsoid( (-0.708883237911875,-0.6878985684067693,0.15582077714956266), (-0.6774612136895878,0.725537140789311,0.12100479858874208), (0.1962927888482076,0.019784259379335027,0.9803457166362306), 0.5436616050742344, 0.6364661627937214, 0.7846841866832748,  (gDx*3, gDy*3, gDz*2)), rgb(0.25100390960108554,0.2728150731644474,0.5326042672515239)  );
  draw(  ellipsoid( (-0.7159074279975103,-0.691005576381419,0.09993922126859167), (-0.6731728730893439,0.721119706786491,0.1637823293911875), (0.18524264485972583,-0.04997661347019623,0.9814211637372733), 0.5419480954945886, 0.63040492591764, 0.7730801932664078,  (gDx*3, gDy*3, gDz*3)), rgb(0.2533400510168351,0.2668016875041665,0.5305283983785934)  );
