import settings;
import three;
surface ellipsoid(triple v1,triple v2,triple v3,real l1,real l2, real l3, triple pos=O) {
  transform3 T = identity(4);
  T[0][0] = l1*v1.x;
  T[1][0] = l1*v1.y;
  T[2][0] = l1*v1.z;
  T[0][1] = l2*v2.x;
  T[1][1] = l2*v2.y;
  T[2][1] = l2*v2.z;
  T[0][2] = l3*v3.x;
  T[1][2] = l3*v3.y;
  T[2][2] = l3*v3.z;
  T[0][3] = pos.x;
  T[1][3] = pos.y;
  T[2][3] = pos.z;
  return T*unitsphere;
}

size(200);

real gDx=1.5;
real gDy=1.5;
real gDz=1.5;

currentprojection=perspective(up=Y, camera = (gDx*-2.0,gDy*6.0,gDz*14.0), target = (gDx*1.5,gDy*1.5,gDz*0.0) );
currentlight=Viewport;

  draw(  ellipsoid( (-0.019458465795229217,-0.531085018109301,0.8470950782814991), (0.5864510322509046,-0.6922585748279907,-0.42053923996336817), (-0.8097509215065731,-0.4885967346564669,-0.3249256468829346), 0.1294999410104063, 0.2752845237295385, 0.9535063536744153,  (gDx*0, gDy*0, gDz*0)), rgb(0.12786926677147326,0.6472986965256704,0.5237160280953542)  );
  draw(  ellipsoid( (-0.048669436577032744,-0.5395566429627875,0.840541441558952), (0.609446368607932,-0.6827686754454249,-0.40299138901607434), (0.7913320477106174,0.49265156537377147,0.36206080345833314), 0.1375365904147994, 0.278982733700275, 0.9586864534228108,  (gDx*0, gDy*0, gDz*1)), rgb(0.12523394285967088,0.6415315534711254,0.526552102455083)  );
  draw(  ellipsoid( (-0.08290745031830496,-0.5291356757503135,0.8444772296101164), (0.6269441498377293,-0.6863875610220057,-0.3685283558405097), (0.774640166571528,0.4988863124225014,0.38864515899662705), 0.1481754618026069, 0.28252030895354385, 0.9495328272669814,  (gDx*0, gDy*0, gDz*2)), rgb(0.12206317733229918,0.6321755967956515,0.5308184889502455)  );
  draw(  ellipsoid( (-0.12405196681967387,-0.5015774747191256,0.85617238123088), (0.635996398738935,-0.7024920674764585,-0.3193954851336451), (0.7616558870771469,0.5049009130384259,0.40614699025560697), 0.1585765770520115, 0.2825947754213279, 0.9151390870788246,  (gDx*0, gDy*0, gDz*3)), rgb(0.11982421382939279,0.6196932983447667,0.5358877733639286)  );
  draw(  ellipsoid( (-0.03492875898721541,-0.5011521633322967,0.864653971819347), (0.6027000965089047,-0.7007096309587649,-0.3817834553117625), (0.7972029700545339,0.507791809966437,0.32651937502580103), 0.13179990924791707, 0.2944765609883247, 0.9722512161921332,  (gDx*0, gDy*1, gDz*0)), rgb(0.12758507072811093,0.6467109384393981,0.5240097457551608)  );
  draw(  ellipsoid( (-0.07806458918693744,-0.49363962365253555,0.8661557838375598), (0.6247329176619579,-0.7012876038803147,-0.34337221529032325), (0.7769264453631708,0.5143108190617713,0.3631386510568079), 0.15077389443082953, 0.3047840336322793, 0.9757571218324358,  (gDx*0, gDy*1, gDz*1)), rgb(0.1220638497680132,0.632178238198172,0.5308173525916087)  );
  draw(  ellipsoid( (-0.12273949584466243,-0.4734745774319463,0.8722137585967318), (0.6358657805280641,-0.7122906383078069,-0.2971813515893833), (0.7619775097161559,0.5181349931289108,0.38849247557973254), 0.17058321533438067, 0.3107634810377336, 0.9502743670124862,  (gDx*0, gDy*1, gDz*2)), rgb(0.1194704425947784,0.6140476496400902,0.5379619842122643)  );
  draw(  ellipsoid( (-0.17633471036491963,-0.431975650751414,0.8844790031868549), (0.6351244233763061,-0.7364163736668263,-0.23304053601533767), (-0.7520126573079968,-0.5206610814659511,-0.4042140540546205), 0.1915899404001295, 0.31383698992115205, 0.8969043455159633,  (gDx*0, gDy*1, gDz*3)), rgb(0.12154007064685673,0.5906242294831329,0.5452047091877208)  );
  draw(  ellipsoid( (-0.05526196938028077,-0.4694946504839072,0.8812042259925941), (0.6208872106674717,-0.7073264333520164,-0.33791772417421717), (-0.7819496060295572,-0.5284544349785603,-0.33059147566401487), 0.15775529369324653, 0.3271053499533221, 0.9999999999999989,  (gDx*0, gDy*2, gDz*0)), rgb(0.12128211710830601,0.6290086537531445,0.5321728552303455)  );
  draw(  ellipsoid( (-0.10551691667035494,-0.44905524539016195,0.8872516930859939), (0.6359884010646466,-0.7163711513057558,-0.28693401207960706), (-0.7644507400791863,-0.5340053933851673,-0.3611832025827574), 0.1786795525393354, 0.3355646676402811, 0.9869511217868787,  (gDx*0, gDy*2, gDz*1)), rgb(0.11943812265216598,0.6120675144893686,0.5386568629784315)  );
  draw(  ellipsoid( (-0.16761239080848178,-0.40726537474921626,0.8977978619811062), (0.6355988038400551,-0.7407840373348764,-0.21737794411331546), (0.7536048347805075,0.5342040102434845,0.38302196860653187), 0.20561578709902614, 0.3426649978412819, 0.9411225914026433,  (gDx*0, gDy*2, gDz*2)), rgb(0.1224003070011981,0.5863487716226918,0.5463091067601535)  );
  draw(  ellipsoid( (-0.24396498033749692,-0.33364354222983866,0.9105839198543156), (0.6145103485527881,-0.7795742211999054,-0.12100026926454269), (0.7502387086057716,0.5300434136642834,0.39521621897469944), 0.23533219441971198, 0.35057560196497284, 0.8699125909485546,  (gDx*0, gDy*2, gDz*3)), rgb(0.13235159944348612,0.552483540290598,0.5529773931516578)  );
  draw(  ellipsoid( (-0.08266928874694236,-0.4227101281968627,0.9024865296600646), (0.6273860352682796,-0.7256859364059096,-0.2824299638016956), (0.7743077885753338,0.5428591614981455,0.32519437161351133), 0.19927236160122688, 0.3502457281561352, 0.9985347205513175,  (gDx*0, gDy*3, gDz*0)), rgb(0.12020717597462657,0.5992074293053383,0.5427932245847173)  );
  draw(  ellipsoid( (-0.14075499950283907,-0.3867019239122635,0.911399831115581), (0.6326802571974864,-0.7432051093939791,-0.21762779584236502), (-0.7615140985349372,-0.5459924792643556,-0.3492685074828306), 0.22636263283200397, 0.35743468667081507, 0.967511963524209,  (gDx*0, gDy*3, gDz*1)), rgb(0.12475827239099786,0.5766623648764403,0.5485775451855929)  );
  draw(  ellipsoid( (-0.22708621778470983,-0.3098416288913768,0.9232713656873442), (0.6145730024354685,-0.7810195144944633,-0.11094387164817517), (0.7554679836827561,0.54222383107419,0.3677790677098674), 0.2579041065015114, 0.37117502081472453, 0.9108290249082829,  (gDx*0, gDy*3, gDz*2)), rgb(0.1349632911004865,0.5451388459319794,0.5539911149335127)  );
  draw(  ellipsoid( (-0.3647197099217184,-0.14573924843150332,0.9196410194533725), (-0.54543613012279,0.8339163791226827,-0.08415997022093684), (-0.7546382982272322,-0.5323002386788251,-0.3836371915640775), 0.29606360152318395, 0.39543218546899667, 0.8440272326152671,  (gDx*0, gDy*3, gDz*3)), rgb(0.15115087545962821,0.5026448382848333,0.5575034781186974)  );
  draw(  ellipsoid( (-0.0032518141241352333,-0.5707886244403286,0.8210905990902707), (0.5896996165884778,-0.6642275633541725,-0.4594084307846135), (0.8076161141905878,0.4827029006439638,0.33875377755768127), 0.17507107085227494, 0.3286960594624839, 0.9301172805848007,  (gDx*1, gDy*0, gDz*0)), rgb(0.11957784219815967,0.6063921705883653,0.5405623605231182)  );
  draw(  ellipsoid( (-0.01579469582001351,-0.6007544116479727,0.7992775891199824), (0.6146591177448998,-0.6363291279515758,-0.4661323952413609), (0.7886347041292405,0.483920838367067,0.3793098016623088), 0.1668328933364479, 0.3168365739093946, 0.9235222708075307,  (gDx*1, gDy*0, gDz*1)), rgb(0.11943910153943187,0.6121274876491924,0.5386358169022147)  );
  draw(  ellipsoid( (-0.03512145535191904,-0.6057692067094232,0.7948648637199907), (0.63565828376729,-0.6272745949258324,-0.44996125259699427), (0.7711712064463939,0.48945914105599125,0.40709301097506556), 0.16432150472577786, 0.30757858060048754, 0.9188625043335534,  (gDx*1, gDy*0, gDz*2)), rgb(0.11946823466905496,0.6139123773907669,0.5380094546153185)  );
  draw(  ellipsoid( (-0.05847226889206489,-0.5985423731725936,0.7989543299135026), (0.652548849110156,-0.6285869465363978,-0.423152986718821), (0.7554872555481161,0.4966140132547289,0.427333041717356), 0.1612542320158711, 0.2937952659400149, 0.9032786449817491,  (gDx*1, gDy*0, gDz*3)), rgb(0.11948434188931162,0.6148398183307479,0.537683644254055)  );
  draw(  ellipsoid( (-0.009233651790282292,-0.5446244681921775,0.8386291959626755), (0.6097225058096946,-0.6677880880596675,-0.4269631545634362), (0.7925611683546974,0.5073886657110125,0.338235918146248), 0.14297433928033107, 0.30940215749358285, 0.9160509456387411,  (gDx*1, gDy*1, gDz*0)), rgb(0.12144287007542315,0.629738960671807,0.531866754969108)  );
  draw(  ellipsoid( (-0.03377830971549854,-0.5619186807680787,0.8265025238900521), (0.6332726407193389,-0.6518081929875159,-0.4172671111778453), (0.773191301237358,0.5093068581495952,0.37786470585736015), 0.15367467770978382, 0.3110075739843314, 0.9244062152522645,  (gDx*1, gDy*1, gDz*1)), rgb(0.12012622478216924,0.6224587365820728,0.534827619870013)  );
  draw(  ellipsoid( (-0.06210672771246027,-0.562150880194706,0.824699425408535), (0.6519623683276378,-0.648491850426463,-0.39294196799919406), (-0.7557035296050084,-0.5132686507344665,-0.4067769259873924), 0.1628315834303252, 0.30879743643741175, 0.9218903864308978,  (gDx*1, gDy*1, gDz*2)), rgb(0.11951591307712088,0.6153766746864119,0.5374870551447797)  );
  draw(  ellipsoid( (-0.10051677536427703,-0.5433085677720151,0.8334939580200261), (0.666617495433717,-0.6586716369685259,-0.3489595813771002), (0.7385915601007408,0.5205453629019511,0.4283865456678466), 0.1703910238108087, 0.30316015789964007, 0.9047095317981407,  (gDx*1, gDy*1, gDz*3)), rgb(0.11950737802383482,0.6076549551276331,0.5401538116568522)  );
  draw(  ellipsoid( (-0.023289313467116532,-0.5281675496090846,0.8488207392719416), (0.6359292528758388,-0.6629587482626743,-0.39506921347880997), (0.7713958732162156,0.5305890477968079,0.35131704932022445), 0.15099237715267536, 0.3294193408336879, 0.9457823668916046,  (gDx*1, gDy*2, gDz*0)), rgb(0.12081415411706276,0.6266978499796738,0.533128332227291)  );
  draw(  ellipsoid( (-0.05798981164225304,-0.5335557082175283,0.8437745480720474), (0.654985819181929,-0.6581896492532098,-0.371187233463806), (0.7534127410764125,0.5311352858212567,0.38763971641112643), 0.16757164750702408, 0.3323481030384314, 0.9527761597632886,  (gDx*1, gDy*2, gDz*1)), rgb(0.11949683668807781,0.6150522877560637,0.5376058409932192)  );
  draw(  ellipsoid( (-0.09424946542580057,-0.5253276622157566,0.8456641683185345), (0.6681287672032978,-0.6631149820199213,-0.33746477009625897), (0.7380521585242825,0.5332066840650513,0.4134847559052207), 0.18370321849523866, 0.3303539325825256, 0.9389672397831086,  (gDx*1, gDy*2, gDz*2)), rgb(0.11994487106010379,0.601633891603836,0.5420603511240601)  );
  draw(  ellipsoid( (-0.1356877553838668,-0.5030042360250394,0.8535663838154326), (0.6785915941716171,-0.6749082570711918,-0.2898487413406334), (0.7218741450962982,0.5398940480112671,0.43291123289133543), 0.20026356427536363, 0.3273162881062686, 0.9065727718422331,  (gDx*1, gDy*2, gDz*3)), rgb(0.12265155657055814,0.5851751652206112,0.5466042044745106)  );
  draw(  ellipsoid( (-0.040059857818417144,-0.5171484587670413,0.8549577061974716), (0.6570464829380445,-0.6582676083975222,-0.36738763587436135), (0.7527849142021341,0.5470294574604553,0.3661606827885888), 0.17882273958867925, 0.3560282307271394, 0.9838054569148555,  (gDx*1, gDy*3, gDz*0)), rgb(0.11944310104370322,0.6103105332843062,0.5392611560676088)  );
  draw(  ellipsoid( (-0.0789818300306737,-0.5130610969100805,0.8547105833920805), (0.6724866622829723,-0.6603369657916357,-0.3342406029503356), (0.7358828436487108,0.5483825329516991,0.3971813666034263), 0.1968571727151891, 0.3550516802114611, 0.978717724785152,  (gDx*1, gDy*3, gDz*1)), rgb(0.12045168950456207,0.5973040491420771,0.5433520388042951)  );
  draw(  ellipsoid( (-0.127237639830222,-0.487502984284598,0.8638005691848355), (0.6801260494309641,-0.6767812229914715,-0.2817724846247375), (0.7219689327774873,0.5516412027031515,0.41767552428213495), 0.21773796072889923, 0.3534707849266501, 0.9518342628105543,  (gDx*1, gDy*3, gDz*2)), rgb(0.12401042948190102,0.5795225390120116,0.5479395661199148)  );
  draw(  ellipsoid( (-0.18859943260696804,-0.44323476932480704,0.876340797453773), (0.6803031547919831,-0.7025260690675532,-0.2089132352450811), (0.7082498652314767,0.5567764915494154,0.43403002990290745), 0.2439471780748898, 0.35377061778797686, 0.9088178797577209,  (gDx*1, gDy*3, gDz*3)), rgb(0.13140047934490007,0.5552374517081236,0.55255940876871)  );
  draw(  ellipsoid( (-0.008486492821834741,-0.5850436500668371,0.8109574014435389), (0.5959501882588765,-0.6541857717024369,-0.46570843799130013), (0.8029765579105002,0.4793379847441252,0.35420861625269096), 0.25189814593182963, 0.42454841851241387, 0.9388631085158688,  (gDx*2, gDy*0, gDz*0)), rgb(0.1332941888018298,0.5498068044807272,0.5533603008032001)  );
  draw(  ellipsoid( (-0.01737428342011058,-0.6213179364411012,0.7833659145841165), (0.6200258803567412,-0.62134428908861,-0.4790607290363278), (0.7843889608883376,0.47738380394975843,0.39602861230342007), 0.21982417098824425, 0.3931694940653989, 0.9258158008670514,  (gDx*2, gDy*0, gDz*1)), rgb(0.12651670412851773,0.5704225192740274,0.549881850629498)  );
  draw(  ellipsoid( (-0.025570835442214,-0.6451626853896578,0.763617208917919), (0.6412127432367338,-0.596614702898076,-0.4825941506034473), (0.766936992383083,0.47730074970258146,0.4289424717228927), 0.20728126772780384, 0.3702108225649984, 0.9120236996146383,  (gDx*2, gDy*0, gDz*2)), rgb(0.12443205768627855,0.5778653428265764,0.5483166387300665)  );
  draw(  ellipsoid( (-0.030534111150800937,-0.65705335644595,0.7532254342753847), (0.6591417928936991,-0.5797370572122077,-0.47899586778573466), (0.7513985393365563,0.48185665013366846,0.45079308313776206), 0.1958776809943127, 0.3425390853489983, 0.8869870183780793,  (gDx*2, gDy*0, gDz*3)), rgb(0.12312050834288307,0.5831592745213754,0.5470901194964762)  );
  draw(  ellipsoid( (0.002502780467372349,-0.5730024698340359,0.8195498188969521), (0.6224017772758951,-0.6405680823001705,-0.44976500484373955), (0.7826939144606524,0.5112149269166314,0.35503455432377834), 0.1800639796480476, 0.3614091052420078, 0.8981163144489429,  (gDx*2, gDy*1, gDz*0)), rgb(0.12066891075125272,0.5957655620980039,0.5437945816016986)  );
  draw(  ellipsoid( (-0.015225198772843167,-0.5952983822580379,0.8033604604430631), (0.6444321336248988,-0.6201616332887147,-0.44733295625108427), (0.7645099204549197,0.5109005624166382,0.3930714907601097), 0.1777637262936706, 0.35040882818378505, 0.9026887256948277,  (gDx*2, gDy*1, gDz*1)), rgb(0.12026922279665525,0.5987244348048951,0.5429350271526096)  );
  draw(  ellipsoid( (-0.03273727416356197,-0.604166611778706,0.7961852649303289), (0.6617148430714578,-0.6101168287263754,-0.43576475507294815), (0.7490405445229621,0.5125818573815392,0.41975957659597946), 0.17856603353155603, 0.33764806788914714, 0.8991174031044717,  (gDx*2, gDy*1, gDz*2)), rgb(0.12033835741811441,0.5981862663562427,0.5430930282642318)  );
  draw(  ellipsoid( (-0.046877904774194776,-0.6125318273804176,0.7890546384693445), (0.6779353934046326,-0.5996545791035467,-0.4252269842442437), (0.7336252888316261,0.5149943166736459,0.443367555624628), 0.17781880143493567, 0.3220813835643603, 0.8816254509541019,  (gDx*2, gDy*1, gDz*3)), rgb(0.1205202581677482,0.5967702863136387,0.5435087464679403)  );
  draw(  ellipsoid( (-0.0010570661321556308,-0.5550825708119559,0.8317945793235143), (0.6484511319331184,-0.6335894323005516,-0.42199000079589793), (0.7612555498029879,0.5389320651602154,0.3606136672899346), 0.1600947499566516, 0.3491737601739319, 0.9020060955630413,  (gDx*2, gDy*2, gDz*0)), rgb(0.11944485352615697,0.6124798927025501,0.5385121491876252)  );
  draw(  ellipsoid( (-0.02300235475009958,-0.5751319779683816,0.8177371824700941), (0.6662928986829599,-0.6186303346867275,-0.4163535542901563), (0.7453352700903191,0.5352753655115885,0.3974363071434543), 0.16943734377141498, 0.3454513285548605, 0.9092651585455409,  (gDx*2, gDy*2, gDz*1)), rgb(0.11957968226597193,0.6063622165641116,0.5405719842406143)  );
  draw(  ellipsoid( (-0.04396016315901943,-0.5819402002960867,0.8120425526623484), (0.6841286302556228,-0.6098758006733352,-0.4000244055274925), (-0.7280353846617608,-0.5379564211275933,-0.42493219182358205), 0.1774286530497765, 0.33850699352066055, 0.9052538144582145,  (gDx*2, gDy*2, gDz*2)), rgb(0.12010401515666007,0.6000104697530183,0.5425574595863626)  );
  draw(  ellipsoid( (-0.06399717015355634,-0.5851538190996932,0.8083930790187286), (0.7036149201768536,-0.6009049011638444,-0.379261577096587), (0.7076937235251253,0.5445257640831274,0.4501791709229004), 0.18657300444400055, 0.3298872421856548, 0.8945696004406887,  (gDx*2, gDy*2, gDz*3)), rgb(0.12126114322704773,0.5921287223302433,0.5448036744494302)  );
  draw(  ellipsoid( (-0.011358957380731134,-0.5505290154849691,0.8347387478704779), (0.6746250178076436,-0.6203970763736437,-0.39998569096290426), (0.7380732073685237,0.5585922222303009,0.3784477108248299), 0.17110745526811327, 0.3652997497153656, 0.9316264651556988,  (gDx*2, gDy*3, gDz*0)), rgb(0.11950162270380892,0.6078927339111753,0.540073883841661)  );
  draw(  ellipsoid( (-0.03605682302650161,-0.5670939517073946,0.8228635096114828), (0.6917310291608667,-0.608429288463644,-0.38900126508235433), (-0.7212545242903393,-0.5551740725903143,-0.41421451002373266), 0.1838444720058458, 0.36232859990144145, 0.9399488369590367,  (gDx*2, gDy*3, gDz*1)), rgb(0.1201376012181813,0.5997490239210497,0.5426342175832007)  );
  draw(  ellipsoid( (-0.0600254077781777,-0.5731319469580324,0.8172617217251512), (0.7087756124368247,-0.6009823141358437,-0.3694013932170938), (0.7028755804805483,0.5570817080752348,0.4422961551857661), 0.1984124167604949, 0.35660148139229575, 0.9310671239024327,  (gDx*2, gDy*3, gDz*2)), rgb(0.12199515806436856,0.5882746666978919,0.5458208369446712)  );
  draw(  ellipsoid( (-0.08619592716791384,-0.5695131866021451,0.8174502996671626), (0.7263467585976306,-0.5975167301472956,-0.33969713491402775), (0.6819022278995569,0.5644718659777068,0.465167565620462), 0.21536957979398655, 0.34959137745011304, 0.9122908205203786,  (gDx*2, gDy*3, gDz*3)), rgb(0.1254575377713115,0.5740969077551626,0.5491312984110861)  );
  draw(  ellipsoid( (-0.031277847864580356,-0.5847620613152714,0.8106016456184103), (0.6101411905832306,-0.6535320137712772,-0.44791029741426697), (0.7916750746276138,0.48057178300684056,0.37722849520017465), 0.344365299043892, 0.5380419127051527, 0.9386718295050963,  (gDx*3, gDy*0, gDz*0)), rgb(0.15784648811985788,0.48563567330861784,0.5580178118001308)  );
  draw(  ellipsoid( (-0.032829981205562825,-0.6329331827851052,0.7735100377264401), (0.6334783146339783,-0.6117950583924379,-0.4737214702914447), (0.7730636566431879,0.47444956808507055,0.4210346661753084), 0.28735516535636896, 0.4910071922589247, 0.9254095608593986,  (gDx*3, gDy*0, gDz*1)), rgb(0.14405265392208888,0.5209287016714075,0.5564338235426685)  );
  draw(  ellipsoid( (-0.03248385005869676,-0.6678064714579063,0.7436257904109463), (0.652795958457028,-0.577574018536474,-0.490169041998573), (0.756836994409982,0.4695133329209817,0.4547031934151072), 0.25888130310548446, 0.4552566389047907, 0.9078084253404592,  (gDx*3, gDy*0, gDz*2)), rgb(0.1377921685882775,0.5374327549710521,0.5549123108835184)  );
  draw(  ellipsoid( (-0.02991822221570848,-0.6873472218882742,0.7257125440158267), (0.6670392856854624,-0.5544495015482492,-0.49763876615987845), (0.7444215817207881,0.4691903097841745,0.4750757433009505), 0.24001910105208007, 0.41746761281991546, 0.8810039707595685,  (gDx*3, gDy*0, gDz*3)), rgb(0.13455619658364837,0.5462718179735501,0.5538409545977478)  );
  draw(  ellipsoid( (-0.008819330895312193,-0.5834283287299389,0.8121167432321227), (0.6484013847041956,-0.6216065620178294,-0.439523521975851), (0.7612475705815029,0.5227013174765921,0.38377789018127983), 0.23974931048632456, 0.4497449161720118, 0.9031078249113194,  (gDx*3, gDy*1, gDz*0)), rgb(0.13317746855057175,0.5501375567862552,0.5533133071993449)  );
  draw(  ellipsoid( (-0.02104832934035264,-0.609740047036526,0.7923219313333913), (0.6621025332624769,-0.6023065879409635,-0.4459226497615088), (-0.7491176164524439,-0.5152124311027538,-0.416387977201311), 0.2231380022405099, 0.42438108309664274, 0.9003267707692343,  (gDx*3, gDy*1, gDz*1)), rgb(0.12910029503236425,0.5621292195978427,0.5514248242072686)  );
  draw(  ellipsoid( (-0.02472888016831158,-0.6369337163450128,0.7705218513894023), (0.673271323404423,-0.5803610473728407,-0.45813401944579074), (0.7389818722856999,0.507441125329067,0.44318088491934277), 0.21306088781594357, 0.3980183415423494, 0.8812647369145681,  (gDx*3, gDy*1, gDz*2)), rgb(0.12768143643789748,0.5665890518197982,0.5506217560057752)  );
  draw(  ellipsoid( (-0.021474269063168096,-0.6572981177412859,0.7533246578879288), (0.6838434950346762,-0.5593195723015101,-0.4685292843987604), (-0.7293126421960346,-0.5050948430287303,-0.4615000211038141), 0.20230472051799958, 0.36856982510925035, 0.849636990786502,  (gDx*3, gDy*1, gDz*3)), rgb(0.12676953108232586,0.5695871699486201,0.5500439773308188)  );
  draw(  ellipsoid( (0.0035804494143049097,-0.5756219445114311,0.8177081125798316), (0.675729884560825,-0.6013809106892753,-0.4262981625223735), (0.7371406266740459,0.5540761475243424,0.38681173618593584), 0.1904470874843849, 0.4017024021555422, 0.8845251465664464,  (gDx*3, gDy*2, gDz*0)), rgb(0.12281323729528501,0.5844801456291365,0.546771733626853)  );
  draw(  ellipsoid( (-0.011005969275221803,-0.5932025249825023,0.8049780326162304), (0.6857890059132062,-0.590345218727878,-0.42565944379716336), (0.7277171895790903,0.5473602900097132,0.4133090912520473), 0.18991038199457438, 0.3869550065963831, 0.8850292393375474,  (gDx*3, gDy*2, gDz*1)), rgb(0.1226488472362752,0.5851868118804693,0.5466013971363037)  );
  draw(  ellipsoid( (-0.02129062740389709,-0.610479319140922,0.7917459883611567), (0.6928837155426327,-0.5799076184912466,-0.42850823883753597), (0.7207349484523312,0.5394646929290619,0.435337775942277), 0.18789823794838037, 0.36975275333147606, 0.871442351314905,  (gDx*3, gDy*2, gDz*2)), rgb(0.12274572228854252,0.5847703734994274,0.5467017764203335)  );
  draw(  ellipsoid( (-0.023181251742747398,-0.6294833580505181,0.7766680961035302), (0.7054541960377522,-0.560768763526596,-0.43344292720677924), (0.7083763172639017,0.5378560177131939,0.45707099814945196), 0.18562064762698707, 0.35327768938800075, 0.8456272694004323,  (gDx*3, gDy*2, gDz*3)), rgb(0.12330333159962245,0.582373369179686,0.5472795559632027)  );
  draw(  ellipsoid( (0.005780216443796171,-0.5604365999933182,0.8281771588771285), (0.692409809294165,-0.595291186897256,-0.4076727349181867), (0.7214812853366892,0.575794425285957,0.38461088741549315), 0.17499835989560986, 0.387403542678795, 0.8832435192645265,  (gDx*3, gDy*3, gDz*0)), rgb(0.12051546044477171,0.5968076334933416,0.5434977816930194)  );
  draw(  ellipsoid( (-0.011131713006224751,-0.5826511464831554,0.8126461262243313), (0.7070232867265441,-0.5792816968208961,-0.4056486013222507), (0.7071026495438566,0.5700441712974249,0.4183963262002786), 0.18136627731650662, 0.38320396259946987, 0.8887525360194315,  (gDx*3, gDy*3, gDz*1)), rgb(0.12116926025373172,0.5926243253664017,0.5446715674511926)  );
  draw(  ellipsoid( (-0.024739367808460908,-0.6012087740778072,0.7987089417630793), (0.7209184235098645,-0.5642363482264763,-0.40238535011118665), (0.6925782196434485,0.5658492319619346,0.44738133215814896), 0.18859033555449878, 0.3762727400925472, 0.8853248012315884,  (gDx*3, gDy*3, gDz*2)), rgb(0.12236413411013138,0.5865207212106788,0.5462655125920808)  );
  draw(  ellipsoid( (-0.03378944281854136,-0.618575839234549,0.784998219532558), (0.7371186350986354,-0.5458394388790521,-0.39839104502301026), (0.6749180626893434,0.5651754047014744,0.4744073888296723), 0.19614338461333586, 0.3669916052024741, 0.8736170238158607,  (gDx*3, gDy*3, gDz*3)), rgb(0.12414899002781682,0.578974689643235,0.5480647463556028)  );
