import settings;
import three;
surface ellipsoid(triple v1,triple v2,triple v3,real l1,real l2, real l3, triple pos=O) {
  transform3 T = identity(4);
  T[0][0] = l1*v1.x;
  T[1][0] = l1*v1.y;
  T[2][0] = l1*v1.z;
  T[0][1] = l2*v2.x;
  T[1][1] = l2*v2.y;
  T[2][1] = l2*v2.z;
  T[0][2] = l3*v3.x;
  T[1][2] = l3*v3.y;
  T[2][2] = l3*v3.z;
  T[0][3] = pos.x;
  T[1][3] = pos.y;
  T[2][3] = pos.z;
  return T*unitsphere;
}

size(200);

real gDx=1.5;
real gDy=1.5;
real gDz=1.5;

currentprojection=perspective(up=Y, camera = (gDx*-2.0,gDy*6.0,gDz*14.0), target = (gDx*1.5,gDy*1.5,gDz*0.0) );
currentlight=Viewport;

  draw(  ellipsoid( (-0.9793808295281187,-0.18364011411389217,0.08419916413510935), (-0.18174496384296726,0.6189132228009757,-0.764143435985567), (-0.0882154117517624,0.763690206255355,0.6395274114524884), 0.3965543197671608, 0.6023553389690738, 0.8152148073779517,  (gDx*0, gDy*0, gDz*0)), rgb(0.18838069016457598,0.4121394920382308,0.5563968336132556)  );
  draw(  ellipsoid( (0.9721788347602182,0.23422706865368925,0.0024481736385273457), (0.15329535702485972,-0.6440981624688176,0.7494251734622434), (0.1771125256973239,-0.7281999982245214,-0.6620845231742863), 0.36564008517246727, 0.603036899919721, 0.8280420415278786,  (gDx*0, gDy*0, gDz*1)), rgb(0.17600683922836416,0.4408955290667924,0.5576724205389357)  );
  draw(  ellipsoid( (-0.959117191891553,-0.2774726558897975,-0.055705811649449634), (0.15450095233994465,-0.678274387454809,0.7183824267400016), (-0.23711530516630994,0.6804063348884002,0.6934144154108868), 0.33561651099299633, 0.5891505637535482, 0.8455666742231372,  (gDx*0, gDy*0, gDz*2)), rgb(0.16474273784653856,0.4683536384647064,0.5581427559216315)  );
  draw(  ellipsoid( (-0.9472246873733661,-0.3072282584131216,-0.09152152130984832), (0.15947864851319024,-0.6992765144942391,0.6968349280462299), (-0.27808623176783714,0.6454635183410667,0.7113683252661285), 0.3075078477296218, 0.5680608056728301, 0.8617888633895243,  (gDx*0, gDy*0, gDz*3)), rgb(0.15501135554646206,0.492815161092166,0.5578529554174985)  );
  draw(  ellipsoid( (-0.970284254637095,-0.2355130022444987,0.055516582902046356), (0.1997805125848538,-0.6502977685538746,0.7329396694170567), (-0.13651451202956438,0.7222509522234183,0.6780245939622659), 0.3930277463441635, 0.628591218247635, 0.8713145344108293,  (gDx*0, gDy*1, gDz*0)), rgb(0.17876167140920984,0.4343640113507955,0.5574517665161383)  );
  draw(  ellipsoid( (0.956978687306724,0.2901564896094863,-0.0010017875021167686), (0.2025788702373513,-0.6656550753486274,0.7182375108527621), (-0.20773442991968785,0.6875409312907216,0.6957972940633137), 0.3613911420027617, 0.6188409923166667, 0.8894709224783547,  (gDx*0, gDy*1, gDz*1)), rgb(0.1672291686880556,0.4621988763952506,0.5581039898996302)  );
  draw(  ellipsoid( (-0.9442581564930783,-0.3265160500142619,-0.041997654450896725), (0.20451164886488707,-0.6817756210413792,0.7023937556899311), (-0.25797581160810035,0.6546520233198135,0.710548526835723), 0.3304521429524737, 0.5983130404056616, 0.9028307201095684,  (gDx*0, gDy*1, gDz*2)), rgb(0.15732733462575132,0.48694841436718717,0.5579918017588641)  );
  draw(  ellipsoid( (-0.9342102208962731,-0.3484382078768714,-0.07643349046387228), (0.2041300745900703,-0.6978908278159992,0.6864978551300447), (-0.29254431428552674,0.6257309387762874,0.7231034617794033), 0.3032120339574859, 0.5715341278396756, 0.9064992579501459,  (gDx*0, gDy*1, gDz*3)), rgb(0.14968902987801763,0.5063854397975915,0.5573314233667663)  );
  draw(  ellipsoid( (-0.9621600715119978,-0.2707596123493586,0.03061419782474524), (0.2106352371401175,-0.6677817537628133,0.7139329984083855), (-0.1728606191790195,0.693366253622057,0.6995444551100088), 0.3892480750615755, 0.6382297550773922, 0.9145085707115741,  (gDx*0, gDy*2, gDz*0)), rgb(0.17230400324603537,0.44979662077969784,0.5579065163579502)  );
  draw(  ellipsoid( (-0.9471980477765441,-0.3206102039086583,-0.004995541807653408), (0.22521978967246348,-0.6763082859218521,0.7013438163506812), (-0.2282365102874538,0.6631863987922965,0.7128056508114327), 0.35982898820386416, 0.623412962002726, 0.9422303687445188,  (gDx*0, gDy*2, gDz*1)), rgb(0.16143194470359068,0.4766177052859224,0.558127981460792)  );
  draw(  ellipsoid( (0.9347813571619971,0.3536975733672045,0.0328913498738794), (0.23354702553402107,-0.6817133289675968,0.6933417079421433), (-0.2676557512301694,0.6404412257983305,0.7198579270462648), 0.3310896373726464, 0.6006225140348991, 0.9553195321699934,  (gDx*0, gDy*2, gDz*2)), rgb(0.15280513653541128,0.49842421290941175,0.557671050971889)  );
  draw(  ellipsoid( (0.9248895209594034,0.37503615554986347,0.06266782308221659), (0.2341199356287236,-0.691554393335044,0.6833303570017958), (-0.2996117984337191,0.6173332998384085,0.7274148521647975), 0.3058730127678001, 0.5734318411042605, 0.9513559224937841,  (gDx*0, gDy*2, gDz*3)), rgb(0.14669238324335382,0.5140916472771253,0.55690414829222)  );
  draw(  ellipsoid( (-0.9559093094683855,-0.2936036716123977,0.005854578327602093), (0.21434643056580993,-0.6839602439662027,0.6973191467164723), (-0.20073116294031434,0.6678287719838162,0.7167368635246949), 0.38363795251212024, 0.6377623838008596, 0.945082702137672,  (gDx*0, gDy*3, gDz*0)), rgb(0.16746278291654798,0.46162296855562723,0.558098261784021)  );
  draw(  ellipsoid( (-0.942841314114295,-0.33273415475855583,-0.018391265762289322), (0.2295808416548493,-0.6885652446210418,0.6878739281619966), (0.2415427364759305,-0.6443336761004144,-0.7255971473887184), 0.3578190823418849, 0.6174166847609107, 0.9729725596154957,  (gDx*0, gDy*3, gDz*1)), rgb(0.15812534240907325,0.484932351398276,0.5580292324536139)  );
  draw(  ellipsoid( (0.930508787343923,0.36443180862232516,0.03664496609362358), (0.24384546346104707,-0.6910355477669584,0.6804478390529921), (-0.2732998108766442,0.6242269848273782,0.7318796928376349), 0.3331633481522214, 0.5968115251735464, 0.9953609378208338,  (gDx*0, gDy*3, gDz*2)), rgb(0.1500532317566321,0.5054522516855119,0.557377043643837)  );
  draw(  ellipsoid( (0.9212541286561584,0.38467815373739556,0.057563429980941265), (0.2484414553794646,-0.695823793154979,0.6738739437968726), (-0.29927858874786784,0.606508010595578,0.7366005426284173), 0.3117329799722047, 0.5796764280548905, 0.9999999999999992,  (gDx*0, gDy*3, gDz*3)), rgb(0.14439505673273792,0.5200388412595511,0.5565008048834522)  );
  draw(  ellipsoid( (-0.9939758981246326,-0.10872099920014631,0.013844070219851855), (0.08227970462346375,-0.6567906445458026,0.7495706100456345), (-0.07240140989239066,0.7461942063364141,0.6617796024928261), 0.37792843912375507, 0.5245256109253597, 0.789023657012329,  (gDx*1, gDy*0, gDz*0)), rgb(0.18655134250487793,0.416297647917222,0.5566305877277583)  );
  draw(  ellipsoid( (-0.9836230367196761,-0.15067487915320052,-0.09890805036260196), (0.024425080522324633,-0.6551342652837443,0.7551175470697303), (-0.17857529805614375,0.7403351776346287,0.6480854015335188), 0.34336284528542427, 0.5441344503265353, 0.7995050307077572,  (gDx*1, gDy*0, gDz*1)), rgb(0.17354292410394673,0.4468056343295894,0.5578357235101818)  );
  draw(  ellipsoid( (-0.9679708603237724,-0.19927693590099904,-0.1527125285690897), (0.020868618915911033,-0.6700228548713864,0.7420470838798167), (-0.2501937535363313,0.715093054621499,0.6527212337004944), 0.30961998824043324, 0.5531173410024373, 0.8143779584470388,  (gDx*1, gDy*0, gDz*2)), rgb(0.16071414913525306,0.4784168110367591,0.5581158319081796)  );
  draw(  ellipsoid( (-0.9527152321338808,-0.24576717616690702,-0.1786957794102316), (0.04619945823632385,-0.6983960424075013,0.714218858619828), (-0.30033197718317617,0.6721915374865147,0.6767268580548281), 0.27921082419162957, 0.5508657160712584, 0.8314680403356627,  (gDx*1, gDy*0, gDz*3)), rgb(0.14948889182536096,0.5068982500341134,0.5573063538820912)  );
  draw(  ellipsoid( (-0.9853657188855582,-0.16877427721296792,-0.023867203363347456), (0.0969277345166187,-0.6699837738150966,0.7360208944764798), (-0.14021203345869848,0.7229363638493511,0.6765379512619049), 0.36914430726870373, 0.5578758778532998, 0.8442317585369108,  (gDx*1, gDy*1, gDz*0)), rgb(0.17566655481194415,0.4417079114460508,0.5576969117007798)  );
  draw(  ellipsoid( (-0.9715614927033723,-0.21521130256652424,-0.09875404368234804), (0.07798711488244109,-0.6846198829821847,0.7247162380806524), (-0.2235761074182753,0.6964048471062503,0.6819340240218345), 0.3341865496310011, 0.5655058938442266, 0.8509576032181636,  (gDx*1, gDy*1, gDz*1)), rgb(0.16417764598693985,0.4697587931557997,0.5581454071568978)  );
  draw(  ellipsoid( (-0.9563042829693753,-0.2550764350890699,-0.14289202439842666), (0.08183822988523284,-0.7027276056215691,0.7067364547174768), (-0.2806859855847471,0.6641610682354302,0.6928964229498458), 0.30045230913810894, 0.5616726210322609, 0.8646356789594071,  (gDx*1, gDy*1, gDz*2)), rgb(0.15275595210662596,0.4985495549703205,0.5576663910363816)  );
  draw(  ellipsoid( (-0.9439102482716804,-0.2850056865854415,-0.16674891850220805), (0.09302957059257973,-0.7140675918993658,0.6938681237774229), (-0.3168263597036316,0.6394366526975144,0.7005296745919783), 0.2710972234440127, 0.551393141726869, 0.8776734534525926,  (gDx*1, gDy*1, gDz*3)), rgb(0.14311055401211137,0.5233805292865271,0.5562448127980695)  );
  draw(  ellipsoid( (-0.9741389915777124,-0.22267731703470403,-0.03831497835290118), (0.1280320314522956,-0.6837142293699199,0.7184306866213992), (0.18617471367013266,-0.6949458000702805,-0.6945425191840466), 0.3623167756595712, 0.5788619934471821, 0.9034103707235861,  (gDx*1, gDy*2, gDz*0)), rgb(0.16648094275540146,0.46404496844245574,0.5581209955062542)  );
  draw(  ellipsoid( (-0.9595629580525025,-0.2668919031992127,-0.08948542641253518), (0.12693092819256616,-0.6939812672994866,0.7087161209578713), (-0.25125180397701613,0.6686992692115795,0.6997955546830764), 0.3295994803158689, 0.5805446243500982, 0.9144520698580536,  (gDx*1, gDy*2, gDz*1)), rgb(0.15626597640918147,0.4896342013928038,0.5579357345259667)  );
  draw(  ellipsoid( (-0.9460980513891671,-0.29897924638758294,-0.12453869835169337), (0.13223979238375885,-0.7076000003068027,0.694128861866522), (-0.29565370700858995,0.6402449920111256,0.7089959349225865), 0.2979174677421372, 0.5702244808701535, 0.9229837754711918,  (gDx*1, gDy*2, gDz*2)), rgb(0.1468491317874493,0.5136874183757439,0.5569289732193157)  );
  draw(  ellipsoid( (-0.9357792023439103,-0.3186001616833655,-0.1510338420220072), (0.1354984274486262,-0.7204196052302222,0.6801733371419967), (0.3255110760320525,-0.6160272148008268,-0.7173235044282261), 0.269938191727887, 0.5524066495159781, 0.9257425450165991,  (gDx*1, gDy*2, gDz*3)), rgb(0.13912213671302123,0.5338784465476265,0.5552909219981875)  );
  draw(  ellipsoid( (-0.9646002799503189,-0.2584580507288662,-0.05239977035446734), (0.1489641513154773,-0.6979666678799971,0.7004657109033627), (0.2176142953544779,-0.6678637335130034,-0.7117598274105149), 0.3550507367272146, 0.5926020047772346, 0.9547543910187739,  (gDx*1, gDy*3, gDz*0)), rgb(0.15924410107614595,0.4821110831553287,0.5580744304861986)  );
  draw(  ellipsoid( (-0.9506835401618834,-0.2982019919698313,-0.08530169078332166), (0.1576643626332887,-0.7014630341345227,0.6950478836009993), (0.26710064623790747,-0.6473215458549283,-0.7138851875836045), 0.3248038313682159, 0.5864152186368615, 0.9741492188883656,  (gDx*1, gDy*3, gDz*1)), rgb(0.14971271560693203,0.5063247502681115,0.5573343902639163)  );
  draw(  ellipsoid( (0.9390786841433392,0.3251411771257281,0.11142010556856674), (0.16369078180849592,-0.7081407725834967,0.6868347502534886), (-0.30221937882693445,0.6267534293022613,0.7182225183878025), 0.29792791392416446, 0.575608858068239, 0.9803211906746316,  (gDx*1, gDy*3, gDz*2)), rgb(0.14236381606798432,0.5253322307314046,0.5560835852874058)  );
  draw(  ellipsoid( (0.9299769558331068,0.34322098610127083,0.13168984895981542), (0.1705573123766909,-0.7201684086228969,0.6725084879883704), (0.32565789536602296,-0.6029567297254717,-0.7282788732790049), 0.2757472742813914, 0.5628236095476777, 0.9805127029509162,  (gDx*1, gDy*3, gDz*3)), rgb(0.13675669314367164,0.5402306068562003,0.5545912945666469)  );
  draw(  ellipsoid( (-0.9958558060814491,0.0063951955161449065,-0.09072108337193337), (-0.0717960038895215,-0.6675980471280877,0.7410520773172823), (0.055826045170357996,-0.7444944250597677,-0.6652905408432943), 0.3686113390719077, 0.4699737893985455, 0.7790166848584208,  (gDx*2, gDy*0, gDz*0)), rgb(0.18324075742598056,0.4239044244968623,0.5570144474378973)  );
  draw(  ellipsoid( (-0.9807855206608876,-0.05548785489833952,-0.18703170966638843), (-0.10704911263102533,-0.6484091697585008,0.7537280915940455), (0.16309583056246862,-0.7592671773044533,-0.6300103995342191), 0.3289352121726705, 0.5083036085062953, 0.7870195342869507,  (gDx*2, gDy*0, gDz*1)), rgb(0.17073480158601625,0.45360617809214854,0.5579837437234699)  );
  draw(  ellipsoid( (-0.9656847852886946,-0.12237745930801908,-0.2290778315665699), (-0.09219091285644694,-0.6630708277381284,0.7428579359402229), (-0.2428038942204648,0.7384855007757346,0.6290353202288322), 0.29051112634667453, 0.5364653836425064, 0.7961455504991318,  (gDx*2, gDy*0, gDz*2)), rgb(0.15684133716610396,0.4881782311053764,0.5579661528182248)  );
  draw(  ellipsoid( (-0.9525112249674624,-0.18111498153301617,-0.2447850685300872), (-0.04766711768476143,-0.7052852698119783,0.707319258947381), (-0.3007494176263876,0.6853977324521436,0.663158907160907), 0.2569319882657748, 0.548316825024515, 0.8037742967757066,  (gDx*2, gDy*0, gDz*3)), rgb(0.14481601378809073,0.5189453499365421,0.556582070697263)  );
  draw(  ellipsoid( (-0.9899214856739337,-0.06628002695535042,-0.12514955144909698), (-0.046554751402764015,-0.682295970010986,0.7295922590245834), (0.13374642919696544,-0.7280653592456973,-0.6723337901247376), 0.3527264320093968, 0.5055740882871818, 0.8207258668558612,  (gDx*2, gDy*1, gDz*0)), rgb(0.1734093493540615,0.4471275022317245,0.5578437122251269)  );
  draw(  ellipsoid( (-0.9737491193331237,-0.11853121269718636,-0.19432705476721512), (-0.06349015998419481,-0.6784050746849695,0.7319395837272789), (-0.21859014658293097,0.7250633808559189,0.6530707783683461), 0.3127917091013195, 0.5369438376814213, 0.8274883682012958,  (gDx*2, gDy*1, gDz*1)), rgb(0.16058871642468955,0.4787317201753384,0.5581128219509429)  );
  draw(  ellipsoid( (-0.9594284616446436,-0.17158413570077427,-0.22373178442503594), (-0.04401892084471598,-0.6926249961323936,0.7199534355361245), (-0.2784948143033529,0.700592248821253,0.6569711860483081), 0.27796194979858646, 0.5530961460259409, 0.8375886288134914,  (gDx*2, gDy*1, gDz*2)), rgb(0.14850321805636918,0.5094286180980787,0.5571747959702027)  );
  draw(  ellipsoid( (-0.9481405369383509,-0.21863425936043224,-0.2307132047546714), (-0.002279590568231479,-0.7211563616963147,0.6927685800119511), (-0.3178432407352672,0.6573679050720753,0.6832591833997211), 0.24839023025024543, 0.5522836273646322, 0.8461101397437915,  (gDx*2, gDy*1, gDz*3)), rgb(0.13865854308153253,0.5351173895860277,0.5551589476310536)  );
  draw(  ellipsoid( (-0.9826779159672533,-0.13014756998194907,-0.13193075266233156), (-0.0036225879531532265,-0.6982753774868578,0.7158200710039556), (0.18528623890288576,-0.7038985063369432,-0.6857083217008841), 0.34000356351129934, 0.5401775419427873, 0.8744346677255587,  (gDx*2, gDy*2, gDz*0)), rgb(0.1634447049980057,0.4715834335687046,0.5581470274039002)  );
  draw(  ellipsoid( (-0.9671413429948853,-0.17722673077572487,-0.1822863367578564), (-0.0031533348366197663,-0.7085702151103063,0.7056332664620784), (-0.2542197457898542,0.6830219148439407,0.6847286942238207), 0.3036739622991799, 0.5605619413893718, 0.8803321542145677,  (gDx*2, gDy*2, gDz*1)), rgb(0.15229164757254574,0.49973279301187346,0.5576224009110919)  );
  draw(  ellipsoid( (-0.9541848435752266,-0.21725818966359114,-0.20574295447334182), (0.014323168679494711,-0.7199789062828499,0.6938481255625973), (-0.29887477499832465,0.6591124741133718,0.6901047857665172), 0.2720702518190017, 0.5662883920617207, 0.8904276838589303,  (gDx*2, gDy*2, gDz*2)), rgb(0.14211069776788715,0.5259937899248404,0.5560289347453393)  );
  draw(  ellipsoid( (0.9450595380976498,0.24954328593050207,0.21116490688006018), (0.04291277378285673,-0.7350788389898244,0.6766221946667382), (0.32406938037543453,-0.6303865868785438,-0.7054018626192463), 0.24797064925731854, 0.5607446585713234, 0.8989695160651868,  (gDx*2, gDy*2, gDz*3)), rgb(0.13468323587586623,0.5459182588851554,0.5538878141401532)  );
  draw(  ellipsoid( (0.9750745861355635,0.17761114447179657,0.13298057313750036), (0.03310491822692755,-0.7090934402323709,0.7043369629719924), (-0.21939374617738758,0.6823787616704087,0.6972987951799515), 0.3277735733853295, 0.5653881824021805, 0.9335816793319205,  (gDx*2, gDy*3, gDz*0)), rgb(0.15412212614194265,0.4950735967709562,0.5577846082925331)  );
  draw(  ellipsoid( (-0.9617397083182422,-0.21800188694423123,-0.16592742610158653), (0.0436706642491679,-0.7198964386342405,0.6927062802701978), (-0.270461839319301,0.6589569750222639,0.7018732781218615), 0.29725238387590464, 0.5770106549214118, 0.9438145927936165,  (gDx*2, gDy*3, gDz*1)), rgb(0.14492181117868197,0.5186713637314921,0.5566007583433139)  );
  draw(  ellipsoid( (0.950315612400458,0.24996584358202087,0.18551903910453807), (0.06082793056351914,-0.7336001044073023,0.6768536397752137), (-0.3052870775046041,0.6319398419595995,0.7123565374535242), 0.27073876210736963, 0.5777366999825062, 0.9505746679874321,  (gDx*2, gDy*3, gDz*2)), rgb(0.13723647051380225,0.5389339398228296,0.554740300313758)  );
  draw(  ellipsoid( (-0.9417027310516818,-0.27530199497155566,-0.19340314861574945), (0.08224950743773293,-0.7457755578467711,0.6611004733356252), (-0.3262376202341697,0.6066528075291654,0.7249423330589317), 0.25088896435528707, 0.5709232842796031, 0.9538007004913504,  (gDx*2, gDy*3, gDz*3)), rgb(0.1319210681611501,0.5537301178950348,0.5527881895456627)  );
  draw(  ellipsoid( (0.9215849350998733,-0.20367276006719834,0.3304521360251311), (-0.3768004476401859,-0.6739611797242123,0.6354508249132291), (-0.09328788804082802,0.7101364200147441,0.697856457241405), 0.3788381507607915, 0.431305214731915, 0.7634051726180393,  (gDx*3, gDy*0, gDz*0)), rgb(0.1855118775759227,0.41867147093064344,0.5567580828606749)  );
  draw(  ellipsoid( (-0.9539758141042249,0.015711264251666884,-0.2994717053075223), (-0.22190267862726093,-0.7087072962116222,0.6696963263408712), (0.20171600660886582,-0.7053276717044544,-0.6795759914871515), 0.3336508227979654, 0.47064244811976397, 0.7684354633758277,  (gDx*3, gDy*0, gDz*1)), rgb(0.17440369443983259,0.4447332961537131,0.5577831440299539)  );
  draw(  ellipsoid( (-0.9483223537752515,-0.07914446742268864,-0.3072797855481968), (-0.15477104219975601,-0.7300130120530606,0.6656777949801387), (-0.27700295634987065,0.678835146047696,0.6800383861693652), 0.29081110827544004, 0.5063129093706434, 0.7781833626257969,  (gDx*3, gDy*0, gDz*2)), rgb(0.1594726993870039,0.481536557013084,0.5580809574264134)  );
  draw(  ellipsoid( (-0.9407734788132481,-0.14320654637332872,-0.3073062749724497), (-0.09509398290563303,-0.7585703823862695,0.6446146983908232), (-0.3254264832135858,0.6356593899583113,0.7000248166894266), 0.25713244640360156, 0.5275484921791361, 0.7905483318488815,  (gDx*3, gDy*0, gDz*3)), rgb(0.1466309350324177,0.5142501121798899,0.5568944164802567)  );
  draw(  ellipsoid( (-0.9640821947784721,0.03220697938173031,-0.2636441393056734), (-0.2095033689112245,-0.7023505332313233,0.6803029228840071), (0.1632600996139969,-0.7111022703864617,-0.6838711142644113), 0.35666280605462514, 0.4647103386732126, 0.8037561349549791,  (gDx*3, gDy*1, gDz*0)), rgb(0.17549117650655696,0.44212805832443214,0.5577088871179313)  );
  draw(  ellipsoid( (-0.956926973115301,-0.06200945920059864,-0.2836293269287173), (-0.15828097851392056,-0.7075498539197161,0.6887091810473157), (0.2433883726989923,-0.7039375193778478,-0.6672586221601775), 0.31204805773240574, 0.5040813142280168, 0.8102378969077528,  (gDx*3, gDy*1, gDz*1)), rgb(0.1625361013296817,0.47385341104081546,0.558142125968063)  );
  draw(  ellipsoid( (-0.9479961691305547,-0.1309881340712735,-0.2900782171179332), (-0.10611090818862123,-0.7291784245394707,0.6760468181638913), (-0.3000728886073826,0.6716702568363895,0.677359083207836), 0.27403644347113676, 0.5276438550612178, 0.8172174453175978,  (gDx*3, gDy*1, gDz*2)), rgb(0.14967555175024572,0.5064199745689598,0.5573297350835381)  );
  draw(  ellipsoid( (-0.9401613632905985,-0.1819353795416672,-0.28809048690748695), (-0.05217927956535581,-0.7586602753191903,0.6493934935281157), (-0.33671045983100073,0.6255670262439027,0.7037698216865768), 0.24488804650291363, 0.5346342352904686, 0.8239359506986588,  (gDx*3, gDy*1, gDz*3)), rgb(0.13968972046233963,0.5323741228931533,0.5554390526183618)  );
  draw(  ellipsoid( (0.9702605098902158,0.05851434051922266,0.23488425852146577), (-0.12343318252402839,-0.7151110342374171,0.6880264952484618), (0.20822774166659008,-0.696557449651852,-0.6866213854337335), 0.33539250427299505, 0.5010024873971319, 0.852225733941659,  (gDx*3, gDy*2, gDz*0)), rgb(0.16432901125475063,0.46938240901131045,0.5581446969981345)  );
  draw(  ellipsoid( (-0.9581346328251318,-0.11815360836573822,-0.26080212846371803), (-0.09812200999479945,-0.7202220572240413,0.6867694368873372), (0.2689797325740924,-0.683608011303353,-0.6784762268099337), 0.29626724826253714, 0.5340403858829347, 0.858433564429989,  (gDx*3, gDy*2, gDz*1)), rgb(0.15250553846856552,0.499187711440758,0.557642665816178)  );
  draw(  ellipsoid( (-0.948452572032995,-0.16762113834888195,-0.26896258584163985), (-0.060519007676625144,-0.7372671441288943,0.6728852858384263), (-0.3110870751314381,0.6544771288338875,0.6891186541659702), 0.2659680156114014, 0.5474556432748555, 0.8647160583215859,  (gDx*3, gDy*2, gDz*2)), rgb(0.1426898198988083,0.5244801752644783,0.5561539724781518)  );
  draw(  ellipsoid( (-0.9409518269153426,-0.2095274953188428,-0.2659095487756909), (-0.013044017820344013,-0.7624366440762044,0.6469313853639485), (-0.3382890968148125,0.6121997978399109,0.7146830727679162), 0.2426455861453155, 0.5456619094398255, 0.8693329546961155,  (gDx*3, gDy*2, gDz*3)), rgb(0.13544212842086642,0.5438215897251949,0.5541562446371634)  );
  draw(  ellipsoid( (-0.9694562131766372,-0.11652942991854817,-0.21581367587822772), (-0.06602730675521143,-0.7234382869484919,0.6872244464072016), (0.236209748943323,-0.6804836051955182,-0.6936476177168364), 0.31764705576364366, 0.5334071012616927, 0.9068190415064303,  (gDx*3, gDy*3, gDz*0)), rgb(0.153948033044942,0.495515968410268,0.5577706904432896)  );
  draw(  ellipsoid( (-0.9579008571949839,-0.1613380910015546,-0.23747835307052584), (-0.04494848797265845,-0.7326875717347539,0.6790791968941484), (-0.28355877911658306,0.661164837704943,0.694590149777917), 0.2851256572919368, 0.5560048264513545, 0.9150137748999058,  (gDx*3, gDy*3, gDz*1)), rgb(0.14411142219092107,0.5207759705772673,0.5564453198777437)  );
  draw(  ellipsoid( (-0.9489998262495369,-0.19640198747527463,-0.2466284434004128), (-0.01748254711920644,-0.7482751250478193,0.6631581242666751), (-0.314791502942143,0.6336486380877276,0.7066793566568894), 0.2612671631015439, 0.5648466398257277, 0.9232388798964511,  (gDx*3, gDy*3, gDz*2)), rgb(0.13670578221560664,0.5403682009283054,0.5545754830229086)  );
  draw(  ellipsoid( (-0.9425521250594837,-0.22686510027558074,-0.24520953860484773), (0.018096917226262586,-0.7676286746390589,0.6406393052715292), (-0.33356857335899837,0.5993984018570893,0.7276355974788546), 0.24471249779228343, 0.5605773089357677, 0.9293551826446549,  (gDx*3, gDy*3, gDz*3)), rgb(0.1319155306400228,0.5537461514566007,0.5527857559966767)  );
