import settings;
import three;
surface ellipsoid(triple v1,triple v2,triple v3,real l1,real l2, real l3, triple pos=O) {
  transform3 T = identity(4);
  T[0][0] = l1*v1.x;
  T[1][0] = l1*v1.y;
  T[2][0] = l1*v1.z;
  T[0][1] = l2*v2.x;
  T[1][1] = l2*v2.y;
  T[2][1] = l2*v2.z;
  T[0][2] = l3*v3.x;
  T[1][2] = l3*v3.y;
  T[2][2] = l3*v3.z;
  T[0][3] = pos.x;
  T[1][3] = pos.y;
  T[2][3] = pos.z;
  return T*unitsphere;
}

size(200);

real gDx=1.5;
real gDy=1.5;
real gDz=1.5;

currentprojection=perspective(up=Y, camera = (gDx*-2.0,gDy*6.0,gDz*14.0), target = (gDx*1.5,gDy*1.5,gDz*0.0) );
currentlight=Viewport;

  draw(  ellipsoid( (-0.12268925693278099,-0.6168972663596697,0.777422091910983), (0.5007119011000941,-0.7148106455362095,-0.4881939503156885), (0.8568751007760769,0.3293683405946495,0.3965873899708803), 0.04407548295618429, 0.11282905046141714, 0.9854251738451494,  (gDx*0, gDy*0, gDz*0)), rgb(0.2503237160589159,0.7409661600103208,0.4496943912636776)  );
  draw(  ellipsoid( (-0.12918917200297575,-0.6268228357925351,0.7683770496092335), (0.5055285442211049,-0.7082471883470953,-0.49277460484091967), (0.8530832601891073,0.3247753881183712,0.4083747034987416), 0.04160064816029204, 0.10653184894984911, 0.9183023327856834,  (gDx*0, gDy*0, gDz*1)), rgb(0.24867081651674203,0.7401671819185481,0.4505996254542956)  );
  draw(  ellipsoid( (-0.20003357214942646,-0.5217177550264973,0.8293353688968366), (0.48352237963645256,-0.7887559624163657,-0.3795657257226143), (-0.8521693953691617,-0.3250763231038898,-0.4100398831253042), 0.06250895650517213, 0.11514809713232374, 0.8185812764678293,  (gDx*0, gDy*0, gDz*2)), rgb(0.19156496989544455,0.7086659216946057,0.4820185680004111)  );
  draw(  ellipsoid( (-0.4209414590093518,-0.025224222533711583,0.9067370217900269), (0.3053150298225373,-0.9452277364967046,0.11544374700164489), (-0.854161003939855,-0.32543550014539985,-0.4055868767521608), 0.10288361078913875, 0.15334069742052597, 0.6856991209947001,  (gDx*0, gDy*0, gDz*3)), rgb(0.12699269652309308,0.6454858238143697,0.52462196668255)  );
  draw(  ellipsoid( (-0.13507612602465546,-0.5891434791801888,0.7966582712290344), (0.49730001310283034,-0.7357338959820481,-0.45976986772841183), (0.8569989131533926,0.33407423612505477,0.3923611443700369), 0.05056856328896608, 0.12822627134564824, 0.9649331858817147,  (gDx*0, gDy*1, gDz*0)), rgb(0.2301070342765867,0.7308297271946174,0.46075882854793193)  );
  draw(  ellipsoid( (-0.196093401863799,-0.5119369372924796,0.8363420053907843), (0.4806407162627564,-0.7935973935681894,-0.37307864960648823), (0.8547115768584786,0.3288217589475682,0.40167694883664967), 0.07207304609966077, 0.14038923038417844, 0.8763256775692376,  (gDx*0, gDy*1, gDz*1)), rgb(0.18001191527484633,0.7009480819434921,0.4885576301978036)  );
  draw(  ellipsoid( (-0.37807733829868356,-0.1439569174788203,0.9145129480630545), (-0.35331984542318245,0.9355018262529362,0.0011915987409339983), (-0.8557000719265606,-0.3226650569668451,-0.40455487627448233), 0.11558365858280871, 0.16832327008349873, 0.7406908226711891,  (gDx*0, gDy*1, gDz*2)), rgb(0.12517813453106386,0.6413999382278517,0.5266155275736875)  );
  draw(  ellipsoid( (-0.49488843236101837,0.32563015028994746,0.8056366704274328), (0.12531923189853378,-0.8906931938206635,0.4369905314739755), (-0.8598723914812099,-0.31722332780502205,-0.39998603808719635), 0.14555579188913942, 0.2533852134580742, 0.5763375600904316,  (gDx*0, gDy*1, gDz*3)), rgb(0.12974189293363558,0.560166590801844,0.5517632084824406)  );
  draw(  ellipsoid( (-0.16025846810781413,-0.5363568224702642,0.8286365804074415), (0.48316215419451414,-0.774665911610982,-0.4079792373908784), (0.8607389593563508,0.3349837076299788,0.3832940900517766), 0.07616756821605838, 0.14870800661190162, 0.920636101572897,  (gDx*0, gDy*2, gDz*0)), rgb(0.17919665169247823,0.7003708370859398,0.48902641499931093)  );
  draw(  ellipsoid( (-0.3380377951659891,-0.20775799907528578,0.9179145182747414), (-0.38116943026913763,0.9219784205906517,0.0683056175835362), (-0.8604884162309319,-0.32679107360116344,-0.3908545506284679), 0.12518202894814717, 0.17759595225043628, 0.7941145728268699,  (gDx*0, gDy*2, gDz*1)), rgb(0.12510531882494344,0.6412282137359273,0.52669828125781)  );
  draw(  ellipsoid( (0.48790681177679346,-0.32113491218074014,-0.8116768514627438), (0.12484601817183902,-0.8946341388287509,0.42900259834734794), (0.863921532761189,0.3106479129509936,0.39640567530088444), 0.16291917104024736, 0.26050855335433903, 0.6267018284694628,  (gDx*0, gDy*2, gDz*2)), rgb(0.13071577803811024,0.5572551464775142,0.5522399103572846)  );
  draw(  ellipsoid( (-0.484803241963848,0.4675982952395766,0.739133040034326), (-0.0660202417692694,-0.8622410300879932,0.5021769944048846), (0.8721279403035256,0.19465929292442818,0.4488881992435221), 0.18161379189799615, 0.39660728505353676, 0.44798294966200286,  (gDx*0, gDy*2, gDz*3)), rgb(0.16012738227480233,0.479891171128522,0.5580996499357863)  );
  draw(  ellipsoid( (-0.29635645789516424,-0.23770981587774026,0.9250226447494151), (0.39510253870020895,-0.9122836470945982,-0.1078542125112797), (-0.8695210369947824,-0.33351550290676024,-0.3642809019758915), 0.12492955145477867, 0.16930557732391352, 0.8227043767704529,  (gDx*0, gDy*3, gDz*0)), rgb(0.128304366991568,0.6481480550577523,0.5232842817953927)  );
  draw(  ellipsoid( (0.47915336132666136,-0.38341529523210754,-0.7895598569528708), (0.10653065704382336,-0.8674925951701284,0.4859092676980006), (0.8712423746806471,0.31693738925389,0.3748165095800277), 0.1674065431968571, 0.2573842422921238, 0.6680127812934069,  (gDx*0, gDy*3, gDz*1)), rgb(0.12802819097370885,0.5654887557733477,0.5508227601423825)  );
  draw(  ellipsoid( (-0.48047670504721746,0.5090389457939795,0.7141578870053339), (-0.03756678045538354,-0.8255107236793175,0.5631347814659171), (0.8762025296203991,0.24374453174461844,0.4157616268144649), 0.19131273013281186, 0.4026602142075478, 0.4866340887632751,  (gDx*0, gDy*3, gDz*2)), rgb(0.15946347242385428,0.4815597467362412,0.5580806939781114)  );
  draw(  ellipsoid( (-0.4058926184829092,0.5606873303818208,0.7217207907566432), (0.9072513124455736,0.34242637983563684,0.24421144620685623), (0.11020997380850436,-0.7539057579976212,0.6476726563096216), 0.20620316615419368, 0.32927557036713373, 0.5596788607956809,  (gDx*0, gDy*3, gDz*3)), rgb(0.15835609069628548,0.4843503616909387,0.558038682895411)  );
  draw(  ellipsoid( (-0.0928322140556831,-0.6370310840822715,0.7652277948078505), (0.5365979101562812,-0.6793966595130483,-0.5004826289277408), (0.838716199229174,0.3641587249476211,0.40489944454776844), 0.05424423510040622, 0.1346940095772094, 0.9635379925452969,  (gDx*1, gDy*0, gDz*0)), rgb(0.2213906286337819,0.7261912793166825,0.46553200946687257)  );
  draw(  ellipsoid( (-0.0905472080300694,-0.6653208922399416,0.741046094023177), (0.5413155972485616,-0.6574633683945955,-0.5241367602016339), (0.8359297980652396,0.353680688712686,0.41968004853498553), 0.0380431623988555, 0.10604961418693182, 0.8833372480959333,  (gDx*1, gDy*0, gDz*1)), rgb(0.2527465637881205,0.7421373154289919,0.44836748388232966)  );
  draw(  ellipsoid( (-0.10999937559373008,-0.6486368322594538,0.7531071618338328), (0.547733275312413,-0.671829452103054,-0.49863157381221535), (0.8293903764118111,0.35765269064181815,0.42918079685855276), 0.04171876364871299, 0.10815823807652195, 0.8168380506249493,  (gDx*1, gDy*0, gDz*2)), rgb(0.23280678806538255,0.7322427021052695,0.4592814936607006)  );
  draw(  ellipsoid( (-0.18537147908227988,-0.5375095630648319,0.822630466465169), (0.5339798612177451,-0.7578563613336649,-0.3748589646786847), (0.8249260103528835,0.36977994158681976,0.42750423652090574), 0.06858021040710988, 0.12220919785600856, 0.7375650283936017,  (gDx*1, gDy*0, gDz*3)), rgb(0.16792081141271958,0.6920444772539046,0.49559278795116535)  );
  draw(  ellipsoid( (-0.09681065677499859,-0.6248022178806478,0.7747579526963352), (0.5319890308407532,-0.6903745284455222,-0.4902761278491327), (0.8411987683062249,0.36469877845291165,0.39922353787701986), 0.04375621239289555, 0.13061113113388598, 0.9218121063758002,  (gDx*1, gDy*1, gDz*0)), rgb(0.2387149553212122,0.7352522981747477,0.45604862072757574)  );
  draw(  ellipsoid( (-0.11494290344728728,-0.6182783979110991,0.7775088112835716), (0.5397488753631673,-0.695950246932259,-0.4736289743450286), (0.8339420126671302,0.3652192170072823,0.4137096119711067), 0.04927527502204413, 0.12982148320576442, 0.8625307337600354,  (gDx*1, gDy*1, gDz*1)), rgb(0.21791259418625747,0.7242830491937204,0.4674400343477796)  );
  draw(  ellipsoid( (-0.17285508000301714,-0.5422029024099724,0.8222755827186847), (0.5337315746774458,-0.7532068215083478,-0.38446077852705063), (0.8277993280436295,0.3724184429529424,0.41958643428859976), 0.07453487274371576, 0.14275318130620124, 0.7815146516803815,  (gDx*1, gDy*1, gDz*2)), rgb(0.16252059975684138,0.6877250412501074,0.49882545441694015)  );
  draw(  ellipsoid( (-0.369807677235084,-0.18670377824003498,0.9101560201684588), (0.4282651162964562,-0.9035819074575269,-0.01134577802533345), (-0.8245188124121698,-0.38559231800739147,-0.41411024168947097), 0.1204023505347289, 0.16699197615910644, 0.6708878109419294,  (gDx*1, gDy*1, gDz*3)), rgb(0.12043864706109002,0.6245155633267813,0.5340098251075955)  );
  draw(  ellipsoid( (-0.09356128366992644,-0.6150926502989061,0.782883974638837), (0.5335402208557182,-0.6948668797860548,-0.48217719990230157), (0.8405837964934056,0.37258697095397747,0.39318930573970706), 0.05537793631137289, 0.14985804696973748, 0.9031288153467142,  (gDx*1, gDy*2, gDz*0)), rgb(0.20818193900379536,0.7187878622813992,0.4727893953722834)  );
  draw(  ellipsoid( (-0.14837152858991018,-0.55505012980295,0.8184773930351538), (0.5316407443888573,-0.7426371598370862,-0.4072446043040567), (0.8338728970350068,0.37471242604807453,0.4052734747742701), 0.0832267621513523, 0.16421624348286426, 0.8272247552431955,  (gDx*1, gDy*2, gDz*1)), rgb(0.15561642502408934,0.6817534872215836,0.5030898800581536)  );
  draw(  ellipsoid( (-0.3200880319614474,-0.26953848491825716,0.9082360138989302), (-0.4526583314720134,0.8856785812664543,0.10331449866699983), (-0.8322524176858969,-0.3780508640828784,-0.4055039548785789), 0.13462901791272508, 0.18444532895503613, 0.7150814515640735,  (gDx*1, gDy*2, gDz*2)), rgb(0.11967935571641118,0.6181559562332327,0.5364693220436434)  );
  draw(  ellipsoid( (-0.5218574824931703,0.3068888404311134,0.795917085873106), (0.20220447937567285,-0.8619484533605695,0.46492817968986916), (-0.8287207711203477,-0.40356424936826135,-0.3877599517040513), 0.17125517331083834, 0.2564714307346345, 0.5679758440310037,  (gDx*1, gDy*2, gDz*3)), rgb(0.14039649676760774,0.5305015981966907,0.555622743220379)  );
  draw(  ellipsoid( (-0.1126290102215343,-0.5626507249664077,0.8189864881371935), (0.5255921617689503,-0.7332171786514001,-0.43144576532575035), (0.8432482348297914,0.3818595692466767,0.37830633596489444), 0.08480727690730677, 0.168497662793681, 0.8613333840320387,  (gDx*1, gDy*3, gDz*0)), rgb(0.1578124483503729,0.6837302966954835,0.5017102202175822)  );
  draw(  ellipsoid( (-0.2868182305149771,-0.29190993301168977,0.9124274730921732), (-0.45918751783580103,0.8777919004065788,0.13648517518178616), (-0.8407628239331552,-0.37982887013722044,-0.3858081172062467), 0.1390778670102031, 0.19215901976740915, 0.7547213432378127,  (gDx*1, gDy*3, gDz*1)), rgb(0.11994778178993724,0.6208807799760723,0.5354345830164867)  );
  draw(  ellipsoid( (-0.512406856328783,0.33055113519334234,0.7925750189159678), (0.18457408373855186,-0.8589838259506388,0.4775763754283462), (-0.8386725351406995,-0.3910022171006139,-0.37913802898558796), 0.18356604185731096, 0.2659332848951067, 0.6070461624398306,  (gDx*1, gDy*3, gDz*2)), rgb(0.14007307950711254,0.5313584560214729,0.5555386873305023)  );
  draw(  ellipsoid( (0.5220205314921231,-0.47227846800439305,-0.7102447559539631), (0.27229282045005043,-0.6968588547887479,0.6635091230976945), (-0.8083014194173103,-0.5397599328978927,-0.23517659366106972), 0.2052015817297686, 0.3913414493517178, 0.4463022832356099,  (gDx*1, gDy*3, gDz*3)), rgb(0.17515685588892155,0.4429289770216902,0.5577317156476613)  );
  draw(  ellipsoid( (-0.05116468297471226,-0.6628734618294729,0.7469812238726671), (0.5545322647009331,-0.6409186820400291,-0.5307703933130846), (0.8305878295651528,0.38706849085695744,0.40037712317759366), 0.09838158514854232, 0.19932298293092765, 0.9863740736454569,  (gDx*2, gDy*0, gDz*0)), rgb(0.15589056456084013,0.6820002613004075,0.5029176508723152)  );
  draw(  ellipsoid( (-0.03834656018363923,-0.701688307378295,0.7114513761394141), (0.5600332528206614,-0.6047427451490375,-0.5662587464443399), (0.8275821995772937,0.37672235330305187,0.4161585893197675), 0.050211825058941464, 0.13469987253604526, 0.8661053565762484,  (gDx*2, gDy*0, gDz*1)), rgb(0.21557657729785812,0.7229880169703182,0.46872247862909877)  );
  draw(  ellipsoid( (-0.04295692394841782,-0.7130402865056831,0.6998058677267455), (0.5726013156674904,-0.5915669164487443,-0.5676057757450884), (0.8187077842434068,0.3763271624307997,0.4336997012173674), 0.036868593400269344, 0.11400825743205292, 0.7942707035729385,  (gDx*2, gDy*0, gDz*2)), rgb(0.24080582428150712,0.7362983524885256,0.45490451670139753)  );
  draw(  ellipsoid( (-0.05137006889760378,-0.7036390225017005,0.7086982729161311), (0.588861942170734,-0.5944894455430273,-0.5475617884776612), (-0.8065994849269162,-0.38919715460264526,-0.4448852051539115), 0.044163812264942336, 0.1211634233506374, 0.7459095729838735,  (gDx*2, gDy*0, gDz*3)), rgb(0.21236176363410933,0.7211774337157815,0.4704894416184172)  );
  draw(  ellipsoid( (-0.039234828611227006,-0.6625486872898033,0.7479905515408641), (0.5537936223341722,-0.6375026987110622,-0.5356332075199494), (0.8317290737288461,0.3932169199140231,0.39192754663009405), 0.057086218012581805, 0.15554144994080096, 0.9016837952338654,  (gDx*2, gDy*1, gDz*0)), rgb(0.20397906878115168,0.7163105950525847,0.47511143402920697)  );
  draw(  ellipsoid( (-0.04505311385122146,-0.6803564143912971,0.7314952948098344), (0.5667452840141132,-0.6204034123289354,-0.5421248832311379), (0.8226603187100197,0.39014709452619434,0.4135398948743611), 0.0443495676631508, 0.13756072917800222, 0.8309466775024024,  (gDx*2, gDy*1, gDz*1)), rgb(0.22309826724069695,0.727111112068598,0.46459638793140834)  );
  draw(  ellipsoid( (-0.06213149000917724,-0.6693761458872141,0.7403210474290318), (0.5818547387654099,-0.6269573846397831,-0.5180439178504845), (-0.8109159888209605,-0.39857246914811173,-0.42843347898092843), 0.04901353172961598, 0.1394323051992909, 0.7795750546139003,  (gDx*2, gDy*1, gDz*2)), rgb(0.20399157692288694,0.7163179759539803,0.4751045223714696)  );
  draw(  ellipsoid( (-0.09653253327013787,-0.6265295475239978,0.7733965322522621), (0.5922671620995884,-0.6606462649729217,-0.46126578160083376), (0.7999381718101403,0.4135302149259513,0.4348467346368683), 0.07764206881032748, 0.15182890724708217, 0.7178014458555079,  (gDx*2, gDy*1, gDz*3)), rgb(0.14812464735301029,0.6745795770586438,0.5079335098138406)  );
  draw(  ellipsoid( (-0.03302953420936828,-0.6554121382329723,0.7545488578791935), (0.5559596927800323,-0.6394256019447332,-0.5310778846662209), (-0.8305527496034459,-0.4019574960546187,-0.3855026608100869), 0.04987316229009641, 0.15596467339151263, 0.8667043387993527,  (gDx*2, gDy*2, gDz*0)), rgb(0.2134749305838445,0.7218138221243989,0.4698769201058745)  );
  draw(  ellipsoid( (-0.046244101227410246,-0.6626612050675013,0.7474902075613807), (0.5723536373840501,-0.6308600593681939,-0.5238577089890023), (0.8187018974418689,0.4036034102834682,0.40845010751943506), 0.059292987028926415, 0.1630454905470221, 0.8185162373232222,  (gDx*2, gDy*2, gDz*1)), rgb(0.18696432088304754,0.7056645236609366,0.48460765835322606)  );
  draw(  ellipsoid( (-0.0755576663154739,-0.6322408010675007,0.771078860121638), (0.5871710165119344,-0.6532133677416655,-0.478061181829202), (0.8059288035734304,0.41663397085345394,0.42058875151575575), 0.08842501830831309, 0.1739690808939007, 0.7569459173031535,  (gDx*2, gDy*2, gDz*2)), rgb(0.14050643341694397,0.6662040243456185,0.5132150017076366)  );
  draw(  ellipsoid( (-0.192631338263337,-0.4738853574379292,0.8592588873702744), (0.5753805681007691,-0.7638742949787054,-0.29228969075699895), (0.7948775813739575,0.43809671246964543,0.419810553883983), 0.13989959611225863, 0.18673476305382009, 0.6672019437968306,  (gDx*2, gDy*2, gDz*3)), rgb(0.11981415625610282,0.6029931040149308,0.5416430976536615)  );
  draw(  ellipsoid( (-0.031795349448662046,-0.6415989880551978,0.7663809720236952), (0.5579021694890476,-0.6475935788070958,-0.519006479696768), (0.8292974285700222,0.41106361455906626,0.3785399315168536), 0.062278101310535315, 0.1759757667429641, 0.8486793571926663,  (gDx*2, gDy*3, gDz*0)), rgb(0.1849360367842008,0.7043149659532314,0.48575443172266475)  );
  draw(  ellipsoid( (-0.06272994508511434,-0.6208368115216318,0.78142600894088), (0.5724291856646019,-0.6637609019043211,-0.48140034534940174), (0.8175510879382278,0.41711283672744454,0.39702279537603946), 0.09498789307275367, 0.18948883338747308, 0.7927036420420848,  (gDx*2, gDy*3, gDz*1)), rgb(0.13798919818400868,0.6630688808253986,0.5150854462185599)  );
  draw(  ellipsoid( (-0.15890308632810052,-0.49992699580873273,0.8513652612228548), (0.5681713881127006,-0.7515230652963176,-0.335252674944904), (-0.8074224934230475,-0.43044869751142467,-0.4034635496859994), 0.15043421244763772, 0.20199478389079698, 0.7006978431440508,  (gDx*2, gDy*3, gDz*2)), rgb(0.12025141115633406,0.5988630869394885,0.5428943202114103)  );
  draw(  ellipsoid( (-0.5312325980261702,0.22607382464172598,0.8165063089812765), (0.2926308658729514,-0.8554666549359851,0.4272516572596099), (-0.7950843371195363,-0.4659049560849278,-0.38829559457028257), 0.2023499726315119, 0.24571971040956664, 0.5772703468672755,  (gDx*2, gDy*3, gDz*3)), rgb(0.14841017090645137,0.509667863632993,0.557161735581143)  );
  draw(  ellipsoid( (-0.005729627173317809,-0.6984171068428764,0.7156680209717918), (0.5434880380314111,-0.6029244984602522,-0.5840400685511402), (0.8393973575662613,0.385610676752705,0.3830358757154465), 0.1947750986805961, 0.3060381121120379, 0.999999999999999,  (gDx*3, gDy*0, gDz*0)), rgb(0.1195540105338904,0.6067801205567132,0.5404377188099931)  );
  draw(  ellipsoid( (0.005191403423223717,-0.7296462825004174,0.6838050539180144), (0.5553439277705241,-0.5665671007393493,-0.608765013981762), (0.831604576237351,0.38290732924968895,0.402263354020679), 0.09151075901952453, 0.19632382200994558, 0.856371462177105,  (gDx*3, gDy*0, gDz*1)), rgb(0.14735200414225944,0.6737962148452523,0.5084469281648123)  );
  draw(  ellipsoid( (0.007991799959207744,-0.7518045295174193,0.6593376073988985), (0.5735064326323924,-0.5366928573574755,-0.6189112606753375), (0.8191620736232111,0.3830805741075375,0.4268755918048727), 0.05139482870307206, 0.14527537565788962, 0.7635289625031909,  (gDx*3, gDy*0, gDz*2)), rgb(0.1955535437352797,0.7111845230556109,0.47978959488028433)  );
  draw(  ellipsoid( (0.005368415546796592,-0.7597969651971117,0.6501382559054466), (0.5965596945995455,-0.5193506035334414,-0.6118753806035566), (-0.8025507528460827,-0.3911310806963686,-0.45047615566140337), 0.04440099456600403, 0.1366831343748741, 0.7226097898062009,  (gDx*3, gDy*0, gDz*3)), rgb(0.20552588679313044,0.717223353435492,0.4742567046131919)  );
  draw(  ellipsoid( (0.013833516738620145,-0.689251747030988,0.7243898556919287), (0.5538329352618037,-0.5978976375963941,-0.579471737685235), (-0.8325128909716276,-0.4092070920345614,-0.3734592912148269), 0.09493078826273604, 0.20788680195838824, 0.8859731299650956,  (gDx*3, gDy*1, gDz*0)), rgb(0.14668674133722653,0.673121722743094,0.5088889926618146)  );
  draw(  ellipsoid( (0.014046653945929924,-0.717363496457669,0.6965574674518618), (0.566348551525553,-0.5684007861338608,-0.5967996854115434), (-0.8240461210987109,-0.4028773514016851,-0.3982936479906901), 0.053276034847211134, 0.15655962348004634, 0.7873663979587715,  (gDx*3, gDy*1, gDz*1)), rgb(0.19427288669537307,0.7103758468988663,0.4805052767838117)  );
  draw(  ellipsoid( (0.010923757779694475,-0.7359456568047164,0.6769524811582015), (0.58851742647142,-0.5425891330989233,-0.5993698952920606), (-0.8084107311604833,-0.40494570361127846,-0.4271897317016634), 0.044577086886797804, 0.14692995240714266, 0.735495985344797,  (gDx*3, gDy*1, gDz*2)), rgb(0.20630789633592905,0.7176848076984859,0.47382458748327855)  );
  draw(  ellipsoid( (0.005810612039322026,-0.7418094399862585,0.6705855586985169), (0.6126909959672904,-0.5273414507709807,-0.5886601207482692), (0.7903011959046616,0.41428220942496496,0.45143578802043527), 0.05592157051369401, 0.1561069574135311, 0.7031928104004972,  (gDx*3, gDy*1, gDz*3)), rgb(0.1754901665105237,0.6977398011033833,0.49115920902833565)  );
  draw(  ellipsoid( (0.021341566026362863,-0.6825187845647671,0.7305563950002597), (0.5602270649769423,-0.5970591919039,-0.5741654439535548), (0.8280641117853512,0.4215310547033223,0.3696233173026858), 0.0604350310837849, 0.1748015790523368, 0.8223274007561875,  (gDx*3, gDy*2, gDz*0)), rgb(0.1844137099952769,0.7039597226459104,0.4860513332658426)  );
  draw(  ellipsoid( (0.017885367829533025,-0.708547831512032,0.7054360949633915), (0.5801900859083614,-0.5672547389923096,-0.5844668727177057), (0.814284703178962,0.41974043354240237,0.40094686757522624), 0.05183601121834719, 0.1657948490304187, 0.7748275508839966,  (gDx*3, gDy*2, gDz*1)), rgb(0.1945502173575469,0.7105509684864934,0.4803502934197836)  );
  draw(  ellipsoid( (0.010362371126267558,-0.7173583678968661,0.696627298684875), (0.6047782176041899,-0.5503062454780565,-0.5756790283650641), (0.7963265214572103,0.4272704157745882,0.4281402375713708), 0.061838745402201994, 0.17311023711951395, 0.7409371484412973,  (gDx*3, gDy*2, gDz*2)), rgb(0.16985634898930385,0.6935403319242637,0.49444842520873356)  );
  draw(  ellipsoid( (0.007489447130414636,-0.7179045062662769,0.6961013058917888), (0.627174591794802,-0.5388115036708568,-0.5624359473922108), (0.7788426924538127,0.44078938666274986,0.4462160653951989), 0.09341829333434389, 0.18284355868958205, 0.6921742669795183,  (gDx*3, gDy*2, gDz*3)), rgb(0.129191090826882,0.649775954624099,0.5224409984712026)  );
  draw(  ellipsoid( (0.020686039886885388,-0.6754467444393768,0.7371185679251645), (0.568603389781267,-0.5984820772567815,-0.5643663600283598), (0.8223516722686534,0.43080262142732456,0.3716810843832311), 0.05750388420324294, 0.184379721847551, 0.804814304236012,  (gDx*3, gDy*3, gDz*0)), rgb(0.1865993690404199,0.7054255548173092,0.484813205942752)  );
  draw(  ellipsoid( (0.014872205955512115,-0.6960133998171398,0.7178747556259399), (0.5923275604553332,-0.5722864188976082,-0.5671298932963987), (0.8055599782853233,0.43365147528901316,0.40375675767052116), 0.07105046264575644, 0.19294627265975955, 0.7757990162963863,  (gDx*3, gDy*3, gDz*1)), rgb(0.1598612394715691,0.6854788920440678,0.5004518625861218)  );
  draw(  ellipsoid( (0.010764426248149854,-0.7012556848264604,0.7128285850231597), (0.6173921142357839,-0.5561020530966729,-0.5563968761784471), (0.7865819120771959,0.4460840403334745,0.42696361033786684), 0.10106830629822339, 0.20161115828524187, 0.7314966699946187,  (gDx*3, gDy*3, gDz*2)), rgb(0.1274873604640112,0.646508859630851,0.5241107296737647)  );
  draw(  ellipsoid( (-0.005986434423816734,-0.6764985292941769,0.7364196510588954), (0.6385822030550906,-0.5693038004599444,-0.5177894868797271), (0.769530332439337,0.46716477033770315,0.4354080210688872), 0.1483855140652387, 0.20724059320887397, 0.6586675193214869,  (gDx*3, gDy*3, gDz*3)), rgb(0.12189289074263943,0.5887607993601501,0.5456975883272583)  );
