import settings;
import three;
surface ellipsoid(triple v1,triple v2,triple v3,real l1,real l2, real l3, triple pos=O) {
  transform3 T = identity(4);
  T[0][0] = l1*v1.x;
  T[1][0] = l1*v1.y;
  T[2][0] = l1*v1.z;
  T[0][1] = l2*v2.x;
  T[1][1] = l2*v2.y;
  T[2][1] = l2*v2.z;
  T[0][2] = l3*v3.x;
  T[1][2] = l3*v3.y;
  T[2][2] = l3*v3.z;
  T[0][3] = pos.x;
  T[1][3] = pos.y;
  T[2][3] = pos.z;
  return T*unitsphere;
}

size(200);

real gDx=1.5;
real gDy=1.5;
real gDz=1.5;

currentprojection=perspective(up=Y, camera = (gDx*-2.0,gDy*6.0,gDz*14.0), target = (gDx*1.5,gDy*1.5,gDz*0.0) );
currentlight=Viewport;

  draw(  ellipsoid( (-0.32303148792225705,-0.5769127605797133,0.7502148522197006), (-0.7567067202094289,0.6335293508615338,0.16135520192064767), (-0.5683710033073662,-0.5155698093151481,-0.6412036917564651), 0.34288949613162684, 0.5198069270348549, 0.9654557380915659,  (gDx*0, gDy*0, gDz*0)), rgb(0.15457203691712745,0.49393037070058654,0.5578205763489915)  );
  draw(  ellipsoid( (-0.3535507409115783,-0.5688824443276854,0.7425460511891718), (0.7777869826418544,-0.6197801909573025,-0.10449844271475779), (-0.5196626629206237,-0.5405971507811413,-0.6615931055668267), 0.3494338420694266, 0.5049380024619534, 0.9193762189710968,  (gDx*0, gDy*0, gDz*1)), rgb(0.1604314008148449,0.47912709462101866,0.558108330274795)  );
  draw(  ellipsoid( (-0.38695990174151296,-0.5676947757669717,0.7266255404340577), (0.8023092922965059,-0.5956892649330051,-0.03813265186498121), (0.45449074131260203,0.5682226158913987,0.6859746532129722), 0.35935637075517884, 0.49338044968429734, 0.8806440178907892,  (gDx*0, gDy*0, gDz*2)), rgb(0.16695362244667786,0.46287815539983984,0.5581107461692996)  );
  draw(  ellipsoid( (-0.4419553754167436,-0.555879977167532,0.7040404087298321), (-0.8153885061117676,0.5761024253506037,-0.05698753904119617), (-0.37392115511303237,-0.5992524063275644,-0.7078697078344003), 0.3691110692455801, 0.482518002304619, 0.8499860915965056,  (gDx*0, gDy*0, gDz*3)), rgb(0.1729536418006213,0.44822559625277936,0.5578709667604773)  );
  draw(  ellipsoid( (-0.33141063520859987,-0.5623678800876486,0.7575680552375189), (-0.7867766360130879,0.6078817161001473,0.10706233817299637), (-0.5207201896360094,-0.5605552485499216,-0.643916374561615), 0.35092767508942674, 0.5206734725575125, 0.9776068763686733,  (gDx*0, gDy*1, gDz*0)), rgb(0.1552963229954349,0.4920926559930176,0.5578717573935132)  );
  draw(  ellipsoid( (-0.3785377433292786,-0.5569934252111585,0.7392344020313981), (-0.8026627154137695,0.595253748629721,0.03749053249634123), (-0.46091402903336715,-0.5791643108944182,-0.6724038658621929), 0.3620062536509213, 0.5131158834740066, 0.9412595973932207,  (gDx*0, gDy*1, gDz*1)), rgb(0.16131508124174132,0.4769106156012685,0.5581260034062583)  );
  draw(  ellipsoid( (-0.4365809452067547,-0.5497274866510385,0.7121774839902684), (-0.8117466571034788,0.5820029422514272,-0.0483729251959114), (-0.3878974644976478,-0.5992263892979132,-0.7003308442481181), 0.37410963177350576, 0.5038493982031187, 0.9086166994344349,  (gDx*0, gDy*1, gDz*2)), rgb(0.16754129269827606,0.4614294255549457,0.5580963367595518)  );
  draw(  ellipsoid( (-0.5063003316682221,-0.5396000910475889,0.6726750447980675), (-0.8057807089157559,0.5739060234364045,-0.14611408351912844), (-0.3072090872547077,-0.6160061834144576,-0.7253681539075747), 0.38177759945218814, 0.4915585540490854, 0.8813761058933771,  (gDx*0, gDy*1, gDz*3)), rgb(0.17224936253038758,0.44992902624684433,0.5579093493179319)  );
  draw(  ellipsoid( (-0.33540867980351274,-0.5516995374242961,0.7636285994633009), (-0.818173505818971,0.5724125244804913,0.054185018167063656), (-0.46700442384238616,-0.6066065629579755,-0.6433780738321385), 0.3671680610711188, 0.5253858125470035, 0.9810299963947353,  (gDx*0, gDy*2, gDz*0)), rgb(0.15875843446930107,0.4833355765432986,0.5580551611386745)  );
  draw(  ellipsoid( (-0.40497122186635326,-0.5446989366829167,0.734371416816159), (-0.8235288159387475,0.5662461632502707,-0.034140473383836537), (-0.3972387176227879,-0.6186019325712203,-0.6778886709781734), 0.3838042216398801, 0.5237730430835441, 0.9652297877883047,  (gDx*0, gDy*2, gDz*1)), rgb(0.16405298419003003,0.47006877657841056,0.55814599203128)  );
  draw(  ellipsoid( (-0.4884246081887544,-0.5320647597009829,0.6916274239791226), (-0.8108073861246042,0.5696901495889543,-0.13432987779009592), (-0.3225411364794399,-0.6263866417362767,-0.7096527251641473), 0.3937893910208312, 0.5171691030366342, 0.9470526394204815,  (gDx*0, gDy*2, gDz*2)), rgb(0.16804453105609266,0.4601888379531712,0.5580839975817923)  );
  draw(  ellipsoid( (-0.5699028432831966,-0.5216890430535592,0.6348632069789444), (-0.7850239421404461,0.5739497891719915,-0.2330644755763954), (-0.24279242056539013,-0.6312069247618316,-0.7366340059002913), 0.3966502544099624, 0.5047467068742273, 0.9245855348870715,  (gDx*0, gDy*2, gDz*3)), rgb(0.17077271689438278,0.453513694477231,0.5579821329423955)  );
  draw(  ellipsoid( (-0.3530243171755446,-0.5418337875660542,0.76275158350184), (-0.840157111497936,0.5423311716763285,-0.0035955844622770237), (-0.41171575083081835,-0.6421004959350257,-0.6466816014375311), 0.39430429422257324, 0.5306896473333911, 0.9798379788861397,  (gDx*0, gDy*3, gDz*0)), rgb(0.16503053536922827,0.4676380025336214,0.5581414056651578)  );
  draw(  ellipsoid( (-0.4435794793643482,-0.5301506284379646,0.7226185415927862), (-0.8285710181037593,0.5499175252383928,-0.10517025907632614), (-0.3416245211417837,-0.6453921494738789,-0.6831995754917691), 0.41046262588119414, 0.5292489709048623, 0.9820333119351032,  (gDx*0, gDy*3, gDz*1)), rgb(0.16814499004598787,0.4599414494004271,0.558081350340532)  );
  draw(  ellipsoid( (-0.5471081335953188,-0.5139588828552228,0.6606958126763465), (-0.7940363789677507,0.5684578451931259,-0.21531815323880815), (-0.26491304050504977,-0.6424188236443564,-0.7191099609918995), 0.4177319113621166, 0.5260100269227135, 0.9842584499238095,  (gDx*0, gDy*3, gDz*2)), rgb(0.16920262844034467,0.4573488437047867,0.5580451679744093)  );
  draw(  ellipsoid( (-0.650796802008268,-0.4891061978095348,0.5807225238959753), (0.736201795054155,-0.5935460966410637,0.3251306631512895), (-0.18566216484478318,-0.6391229603342832,-0.7463587623379865), 0.41619897273762946, 0.5183672014252365, 0.9810712485238176,  (gDx*0, gDy*3, gDz*3)), rgb(0.16880673273753283,0.4583193090920741,0.5580587117747686)  );
  draw(  ellipsoid( (-0.2755305558858906,-0.634391393547803,0.7222398995940951), (-0.7629819232693219,0.6013530999967116,0.2371350541117682), (-0.5847576399992213,-0.4857180343746981,-0.6497203194804059), 0.32642001808335813, 0.5383875592811248, 0.9329911328748868,  (gDx*1, gDy*0, gDz*0)), rgb(0.15381253359994887,0.4958602733404469,0.5577598579583695)  );
  draw(  ellipsoid( (-0.28702323163442517,-0.6309931941247567,0.7207393797138937), (-0.7928340708395487,0.5787503328663539,0.19095074842239812), (-0.5376167785868673,-0.5166194355377287,-0.6663876936187807), 0.32991311799153633, 0.5240924296407311, 0.9016421579608851,  (gDx*1, gDy*0, gDz*1)), rgb(0.15769700105760165,0.48601297333470506,0.5580113112278515)  );
  draw(  ellipsoid( (-0.29699679984064153,-0.6285508418967958,0.7188301190373474), (-0.8297284929529509,0.5424535863949702,0.1315094467681295), (-0.47259234956402224,-0.5573759465191006,-0.6826335220127222), 0.3366300865618872, 0.5121687017408492, 0.8687367700592712,  (gDx*1, gDy*0, gDz*2)), rgb(0.16292232876313129,0.47288849354861673,0.5581442094606237)  );
  draw(  ellipsoid( (-0.30271327900104106,-0.6363021351860876,0.7095662502360607), (-0.8717293807253133,0.4858209792178368,0.06376411947234895), (-0.3852954158781277,-0.5992475022137747,-0.7017477278864912), 0.34631537101868237, 0.4991755439689336, 0.834142866466462,  (gDx*1, gDy*0, gDz*3)), rgb(0.16960117537625305,0.4563718793079481,0.5580315334739703)  );
  draw(  ellipsoid( (-0.28308121142501047,-0.6228884333948147,0.7292976259944235), (-0.7953911096747802,0.5773675308816534,0.18439012157364873), (-0.5359272435587419,-0.5278794690330136,-0.6588818223209322), 0.32972580637633686, 0.544172898914585, 0.9609333377830043,  (gDx*1, gDy*1, gDz*0)), rgb(0.15212859787905006,0.5001483103843019,0.5576069529110856)  );
  draw(  ellipsoid( (-0.29224166613764224,-0.6302216665545604,0.7193159664419297), (-0.8270419180230416,0.5442202029839803,0.14080495906339308), (-0.4802046172267232,-0.5537553807136026,-0.6802635547527658), 0.33611006909760605, 0.5294160822653552, 0.9238490530209535,  (gDx*1, gDy*1, gDz*1)), rgb(0.15712409639509614,0.4874627087795099,0.5579810756836343)  );
  draw(  ellipsoid( (-0.29936617899287293,-0.6385753863900359,0.7089438389407328), (-0.8665582810323411,0.49293016744662194,0.07808069924968308), (-0.3993202179322772,-0.5909664338334811,-0.7009294098785244), 0.34672307296077887, 0.5165912031006447, 0.8850163009268577,  (gDx*1, gDy*1, gDz*2)), rgb(0.16384488772514383,0.4705862282437778,0.558146968355177)  );
  draw(  ellipsoid( (-0.3213421438011613,-0.6411942450268874,0.6968566328604999), (-0.8988997700955934,0.4380035532753252,-0.011493069227952216), (-0.29785639146971876,-0.6300974745724587,-0.7171183602433056), 0.3591303361323406, 0.5008487309516462, 0.8500190066148612,  (gDx*1, gDy*1, gDz*3)), rgb(0.1710935770370606,0.45273104738411096,0.5579685016291445)  );
  draw(  ellipsoid( (-0.2777431531947496,-0.6201340301689809,0.7336842137321854), (-0.8335225100024863,0.535260324113723,0.1368817400124185), (-0.4775970751298551,-0.573524341293419,-0.6655605635637959), 0.3381617060161584, 0.5530197044460495, 0.9873268801033416,  (gDx*1, gDy*2, gDz*0)), rgb(0.15193300373907337,0.5006467643302315,0.557588421516081)  );
  draw(  ellipsoid( (-0.297684636626783,-0.6267122928449255,0.7201496782707304), (-0.8621502762555302,0.5004362110780362,0.07912332016777458), (-0.40997653380271987,-0.5973234472535927,-0.6892923480586389), 0.35181618305700935, 0.5425230862273094, 0.9509473631573325,  (gDx*1, gDy*2, gDz*1)), rgb(0.1585426416193425,0.48387984588159005,0.5580463232062529)  );
  draw(  ellipsoid( (-0.3189425028053263,-0.6359644373596471,0.7027267707424428), (-0.8921322222859638,0.451757282457235,0.003931374563910811), (-0.31996215067314254,-0.6256713131994154,-0.7114489651239477), 0.36604948154946676, 0.5272437556853519, 0.908991826293152,  (gDx*1, gDy*2, gDz*2)), rgb(0.16631013068834144,0.46446801299520774,0.5581235007499044)  );
  draw(  ellipsoid( (-0.3533207494320166,-0.6451238803297127,0.677480351780871), (-0.9109756157917338,0.4020022351026361,-0.09229100934195307), (-0.2128094815878039,-0.6497764092369152,-0.729727855125122), 0.376503465709624, 0.505955287115738, 0.8724204526686676,  (gDx*1, gDy*2, gDz*3)), rgb(0.17285894707318789,0.448453777052582,0.5578766301750441)  );
  draw(  ellipsoid( (-0.26622815952623313,-0.6241753870371234,0.7345254612961569), (0.869645374021492,-0.48420202130148293,-0.09625656346752426), (-0.41573969081420864,-0.6131504617829263,-0.6717194508848843), 0.35890579123894795, 0.5621311800552852, 1.0,  (gDx*1, gDy*3, gDz*0)), rgb(0.15583858516162383,0.49071780710568363,0.5579075355158185)  );
  draw(  ellipsoid( (-0.2974695369240185,-0.6313620619084543,0.7161660571298499), (0.8953181412890167,-0.44496039456530784,-0.02038806383808821), (0.3315377813779153,0.6351316352150875,0.697632070269149), 0.37495214528762, 0.5520958917633569, 0.9720172311300433,  (gDx*1, gDy*3, gDz*1)), rgb(0.16215795423098048,0.474798141317746,0.558140086064631)  );
  draw(  ellipsoid( (-0.3425391332746508,-0.636860598937824,0.6907065365956855), (-0.9087340045384834,0.41120267192392473,-0.07151833050398124), (-0.23847316656366688,-0.6521663439055879,-0.7195898892465874), 0.38855949400134965, 0.5359910221321385, 0.9394246344304135,  (gDx*1, gDy*3, gDz*2)), rgb(0.16852660172802325,0.45900599865880615,0.5580682952040412)  );
  draw(  ellipsoid( (-0.40856198938749755,-0.6417088998663133,0.6490660895934222), (-0.90229136863773,0.3912056298642985,-0.18118620599904867), (-0.1376495074803515,-0.6596725270881322,-0.7388401519243348), 0.3962505977147497, 0.5152430224193599, 0.9159819616167522,  (gDx*1, gDy*3, gDz*3)), rgb(0.17236029393614516,0.44966021709186854,0.557903597851658)  );
  draw(  ellipsoid( (-0.25765677895379807,-0.642976731598196,0.7212446927932676), (-0.7452633544824935,0.6073330007387954,0.27518931425313686), (-0.6149760293902963,-0.46661284684083815,-0.6356704605677644), 0.33576474433921377, 0.5600421484559688, 0.893872502286312,  (gDx*2, gDy*0, gDz*0)), rgb(0.16015883109061724,0.47981213219441754,0.5581005478625465)  );
  draw(  ellipsoid( (-0.2656950339990168,-0.6427900179726556,0.7184894861464391), (-0.7761646588845902,0.5846771952948435,0.23605295931363174), (-0.5718169035686411,-0.49494804787661173,-0.6542567223164792), 0.3379873937998416, 0.5533099124524615, 0.8736783721196731,  (gDx*2, gDy*0, gDz*1)), rgb(0.1629413172846263,0.4728410542551986,0.558144311893646)  );
  draw(  ellipsoid( (-0.2580777028090134,-0.654409025095587,0.7107353425757482), (0.8218589171017661,-0.5354339918589412,-0.19457225069960915), (0.5078816985215503,0.5339094195043225,0.676015467331497), 0.3403637877886232, 0.5439182219859237, 0.8426564582635491,  (gDx*2, gDy*0, gDz*2)), rgb(0.16718886220538953,0.46229824028890054,0.5581049781964218)  );
  draw(  ellipsoid( (-0.2324662252300225,-0.6758008955535444,0.6994659417700992), (0.8790103628426861,-0.4537999934502228,-0.14630908365425147), (0.41629344955508596,0.5808258908774692,0.6995291618967155), 0.3443413577394768, 0.5303397258414975, 0.8018902308023391,  (gDx*2, gDy*0, gDz*3)), rgb(0.1736446378539122,0.44656054016809715,0.5578296403084155)  );
  draw(  ellipsoid( (-0.25741195064945915,-0.6467741905901951,0.7179291288485503), (-0.7808637178474939,0.5768749469034665,0.23972306894521467), (-0.5692020219677983,-0.4988972259108292,-0.6535370044352875), 0.33497484806297423, 0.5684047195305924, 0.9202820891992689,  (gDx*2, gDy*1, gDz*0)), rgb(0.15728948986002625,0.4870441805598239,0.5579898044682811)  );
  draw(  ellipsoid( (-0.25846778492355615,-0.6499712027518177,0.7146550494819621), (-0.818361219437509,0.5404190613710139,0.19553043913320883), (-0.5133023657431003,-0.5343076582833411,-0.6715921438062752), 0.33840808341649115, 0.5580738688137661, 0.8906309324728288,  (gDx*2, gDy*1, gDz*1)), rgb(0.16124221090060953,0.4770932601529746,0.558124769988162)  );
  draw(  ellipsoid( (-0.24896322897363923,-0.6579132912303475,0.7107513009776848), (0.8663421741116553,-0.4793537318258645,-0.14025418760275088), (0.4329763826983056,0.5808356919190397,0.6893194839973847), 0.34410132779621866, 0.547419635945447, 0.8536960468953857,  (gDx*2, gDy*1, gDz*2)), rgb(0.16698794381586224,0.46279354606029977,0.5581099046247934)  );
  draw(  ellipsoid( (-0.22905953364901757,-0.673852812579917,0.7024628936980443), (0.9200836961938877,-0.38546330720532385,-0.06974260388405226), (0.31776991997778553,0.6303494473516014,0.7082950318764367), 0.351078294889378, 0.5308820999244599, 0.8095192141565999,  (gDx*2, gDy*1, gDz*3)), rgb(0.17474699421153042,0.4439108664517644,0.5577597023735585)  );
  draw(  ellipsoid( (-0.2506983950397804,-0.6487333457411935,0.7185369585817526), (0.8202385559602368,-0.5365655581691172,-0.19825769367903323), (0.5141585611858901,0.5396688317015348,0.666632226980631), 0.33909546490050513, 0.5796574073180285, 0.9469895008116851,  (gDx*2, gDy*2, gDz*0)), rgb(0.1558377253826716,0.4907199869851028,0.5579074787881351)  );
  draw(  ellipsoid( (-0.24459028838737915,-0.6599281246063973,0.7104016196350218), (0.8625828815450837,-0.4827191989184355,-0.15143628185122684), (0.44286156222002293,0.5757404322687675,0.6873111314092138), 0.3453281969238153, 0.5682472389692014, 0.9075590131521267,  (gDx*2, gDy*2, gDz*1)), rgb(0.1613780082263819,0.4767528933960286,0.5581270685210965)  );
  draw(  ellipsoid( (-0.2342997008963423,-0.6687162912359177,0.7056360053140456), (0.9116534961213031,-0.4032141916315772,-0.07941170365065478), (0.3376263514148299,0.6246893928206024,0.7041105093149348), 0.35539714693287083, 0.5543006885603394, 0.864528961855708,  (gDx*2, gDy*2, gDz*2)), rgb(0.1690044831575026,0.4578345603652272,0.5580519466288223)  );
  draw(  ellipsoid( (-0.22727640730011564,-0.6773508316928614,0.6996722700591621), (0.9523916309476562,-0.30452976512518676,0.014553468784525844), (0.20321322788050808,0.6696696745095958,0.7143156942533158), 0.3676471586399444, 0.531468782858007, 0.8269951807567582,  (gDx*2, gDy*2, gDz*3)), rgb(0.17743162062485243,0.43750663134315887,0.5575642708118076)  );
  draw(  ellipsoid( (-0.23216564263977982,-0.6547871547680694,0.7192724771103051), (0.8644812973203351,-0.47785310081376653,-0.15597596169288), (0.445837639686252,0.5855853447563423,0.6769923212604317), 0.34893815251347815, 0.5927251887820598, 0.9637840904130679,  (gDx*2, gDy*3, gDz*0)), rgb(0.15681659140912116,0.4882408502519018,0.557964846839275)  );
  draw(  ellipsoid( (-0.2275295223147811,-0.66750622111239,0.7089892532693741), (0.9063142175441602,-0.41143723516905484,-0.09650875915563549), (0.35612477525794783,0.6206084484541773,0.6985844960738642), 0.35983717375758095, 0.5808806650365441, 0.9258044466821198,  (gDx*2, gDy*3, gDz*1)), rgb(0.16341042192800198,0.47166908345027153,0.5581468424648847)  );
  draw(  ellipsoid( (-0.22480244879267808,-0.6789941274425678,0.6988782683095258), (0.9469667111954793,-0.32124411245682316,-0.0075012065326781514), (0.22960380420287704,0.6601281656696174,0.715201298925857), 0.37425454556083376, 0.5608120709619338, 0.8824918187919104,  (gDx*2, gDy*3, gDz*2)), rgb(0.17224254348293172,0.4499455501732458,0.5579097028654345)  );
  draw(  ellipsoid( (-0.24679615720751585,-0.6869132980181858,0.6835508596976396), (-0.9649280599092782,0.2393180102909074,-0.10789221079446606), (0.08947343732817827,0.6862047879140601,0.7218846812729165), 0.3884686370064869, 0.5305119691192625, 0.8521422012199753,  (gDx*2, gDy*3, gDz*3)), rgb(0.17986361834050485,0.4317724584189759,0.5573523580655934)  );
  draw(  ellipsoid( (-0.24154666560305674,-0.638963733363105,0.7303290736255321), (0.7151196368926199,-0.625944948295708,-0.3111218838874095), (0.6559413946890484,0.44712220829406824,0.6081304281020823), 0.3651164844035026, 0.5761319813306399, 0.839926131518022,  (gDx*3, gDy*0, gDz*0)), rgb(0.1748693833397496,0.4436176636519336,0.5577513452346182)  );
  draw(  ellipsoid( (-0.23487841261905004,-0.6640351710293373,0.7098516907929387), (0.750482252548245,-0.5879964974263053,-0.30172256731061625), (0.6177447044659045,0.46186297822020306,0.6364542948664081), 0.3622323420291682, 0.5757882479138046, 0.8251952976975765,  (gDx*3, gDy*0, gDz*1)), rgb(0.17586225919428733,0.44123943214405614,0.5576833874188909)  );
  draw(  ellipsoid( (-0.21518656101952077,-0.6872701991533556,0.6937971009685029), (0.8041034138062515,-0.5278486566039231,-0.2734839951927096), (0.5541772675432689,0.4990345369582553,0.6662222504998881), 0.36072913193799677, 0.574296270813712, 0.7945253865249421,  (gDx*3, gDy*0, gDz*2)), rgb(0.17954647348324904,0.43251725637256855,0.5573815117543349)  );
  draw(  ellipsoid( (-0.1766111725340624,-0.7088292819546106,0.6829125440199902), (0.8723118558926632,-0.4341093509805876,-0.22499132752244105), (0.45593916239476645,0.5559767265227239,0.6949887479375727), 0.3615815196737028, 0.5688885282540886, 0.7566346384427107,  (gDx*3, gDy*0, gDz*3)), rgb(0.18561792441399633,0.41842862748709136,0.5567453842213235)  );
  draw(  ellipsoid( (-0.2366615838907002,-0.6489046885992646,0.7231279277031392), (0.7570606834123972,-0.5896549857967108,-0.2813647443377279), (-0.6089748897462843,-0.4808634970955603,-0.6308089099081661), 0.36175347621069043, 0.5905764014464083, 0.8657673772671152,  (gDx*3, gDy*1, gDz*0)), rgb(0.17047448563055748,0.4542411448540912,0.5579948028980483)  );
  draw(  ellipsoid( (-0.22875605956943573,-0.6631128013949342,0.7127075682469125), (0.7986016426514875,-0.546497240707298,-0.2521431780827225), (0.5566920886492016,0.5114901548666134,0.6545775278069949), 0.3609571538307478, 0.5884952511732771, 0.8397240963631181,  (gDx*3, gDy*1, gDz*1)), rgb(0.1733802907847759,0.4471975231057522,0.5578454501331291)  );
  draw(  ellipsoid( (-0.20347143896713132,-0.6829050616927456,0.7015982113995675), (0.85757853604143,-0.47005506966999266,-0.20882357625176362), (0.4723964733628765,0.5591859334711179,0.6812875044812958), 0.35954870600426664, 0.5812475987613795, 0.7984465696848053,  (gDx*3, gDy*1, gDz*2)), rgb(0.17841694256529295,0.4351785304425315,0.5574809259108304)  );
  draw(  ellipsoid( (-0.16363076121235703,-0.7021775100505557,0.6929442390007053), (0.9308923287242941,-0.34243860616122795,-0.12718204799662763), (0.3265952331362569,0.6242455809932155,0.7096851473034482), 0.361866450789208, 0.5666251078592602, 0.7518263146543264,  (gDx*3, gDy*1, gDz*3)), rgb(0.1865647070754758,0.4162671368020183,0.556628944085046)  );
  draw(  ellipsoid( (-0.2254984866432373,-0.6614864290888092,0.7152524985296771), (0.8041183624092189,-0.540866008657515,-0.24669337225634022), (0.550040081955784,0.519518685718065,0.6538778505438526), 0.360351423798586, 0.6062232902079934, 0.8857638464259227,  (gDx*3, gDy*2, gDz*0)), rgb(0.1675607733677468,0.461381401638159,0.558095859102315)  );
  draw(  ellipsoid( (-0.2087273763047278,-0.6730764619490152,0.7095075466484768), (0.8540030066357007,-0.4789704418357891,-0.2031407898596738), (0.47656242722032566,0.563520533980639,0.6747835658520792), 0.3618063018035194, 0.6014057241931092, 0.8511585954061724,  (gDx*3, gDy*2, gDz*1)), rgb(0.17200184590992695,0.4505288089065348,0.5579221823248256)  );
  draw(  ellipsoid( (-0.17928240197082865,-0.6859450289967494,0.7052214102948229), (0.9158904819949973,-0.37808033088637405,-0.13490696196943036), (0.3591691040924063,0.6217191332036505,0.69603367308914), 0.3642834116087614, 0.5900215206853276, 0.8070425123576417,  (gDx*3, gDy*2, gDz*2)), rgb(0.17864322793202864,0.43464386746135336,0.5574617852313133)  );
  draw(  ellipsoid( (-0.1473409947366747,-0.6998808730106741,0.6988972706083662), (0.9741584382278096,-0.2249847357901248,-0.019930024862069823), (0.17118986097185246,0.6779001639292207,0.7149443329694792), 0.371101246666603, 0.5656050428318744, 0.7633157299776617,  (gDx*3, gDy*2, gDz*3)), rgb(0.18826128570371456,0.41241019860552663,0.5564124295859806)  );
  draw(  ellipsoid( (-0.20223335966986572,-0.6749113736604512,0.7096451972221058), (0.8551081525106234,-0.4749067200617235,-0.20797513012397487), (0.47738005377948817,0.5647638842418831,0.6731641993670741), 0.36301150812506877, 0.6235894223290718, 0.8987595821912532,  (gDx*3, gDy*3, gDz*0)), rgb(0.16663387468801166,0.4636664003715021,0.5581185862402542)  );
  draw(  ellipsoid( (-0.181717919963009,-0.6865811401908881,0.7039779367980912), (0.9121507996402594,-0.38514078365204696,-0.1401695240896628), (0.3673683659216629,0.6166627236197005,0.696252518141213), 0.36762511877195236, 0.6147627003436048, 0.8605169016309833,  (gDx*3, gDy*3, gDz*1)), rgb(0.1724183594106035,0.44951951274384544,0.5579005873280309)  );
  draw(  ellipsoid( (-0.1579360212910113,-0.6948650630707749,0.7015830366410045), (0.9658157958278265,-0.2566129719892962,-0.03673732619942364), (0.2055627926163378,0.6717978317399276,0.7116400856903047), 0.3781649176502253, 0.594914918407085, 0.8220998457231702,  (gDx*3, gDy*3, gDz*2)), rgb(0.1811865886277034,0.4286757876535811,0.5572264810339964)  );
  draw(  ellipsoid( (-0.14234558437927086,-0.7036918937988745,0.6961001746943306), (-0.9896241904119225,0.11505922065955618,-0.08605427062477901), (0.019537050935878916,0.701127017267891,0.7127686927031515), 0.3919474046959043, 0.5597786026317755, 0.794291009366785,  (gDx*3, gDy*3, gDz*3)), rgb(0.19073817457488074,0.40682119223164,0.556073290169499)  );
