import settings;
import three;
surface ellipsoid(triple v1,triple v2,triple v3,real l1,real l2, real l3, triple pos=O) {
  transform3 T = identity(4);
  T[0][0] = l1*v1.x;
  T[1][0] = l1*v1.y;
  T[2][0] = l1*v1.z;
  T[0][1] = l2*v2.x;
  T[1][1] = l2*v2.y;
  T[2][1] = l2*v2.z;
  T[0][2] = l3*v3.x;
  T[1][2] = l3*v3.y;
  T[2][2] = l3*v3.z;
  T[0][3] = pos.x;
  T[1][3] = pos.y;
  T[2][3] = pos.z;
  return T*unitsphere;
}

size(200);

real gDx=1.5;
real gDy=1.5;
real gDz=1.5;

currentprojection=perspective(up=Y, camera = (gDx*-2.0,gDy*6.0,gDz*14.0), target = (gDx*1.5,gDy*1.5,gDz*0.0) );
currentlight=Viewport;

  draw(  ellipsoid( (-0.4248697406562968,-0.8676822497008202,-0.2580953642140336), (0.8566113922625472,-0.4775542627950887,0.19534290038867488), (-0.29275010866039125,-0.13809214184870752,0.9461648557407771), 0.3290228087018865, 0.3935056566186471, 0.7169506572768796,  (gDx*0, gDy*0, gDz*0)), rgb(0.1769573120956311,0.43863470138061955,0.5576003239876892)  );
  draw(  ellipsoid( (-0.6060516862273555,-0.7274102230693688,-0.3218318209797628), (0.7282404892279478,-0.6701631976410414,0.14334252117419174), (-0.31994865755308177,-0.14749798609372464,0.9358831126953174), 0.41620095655975686, 0.45472302496748523, 0.7514137774449094,  (gDx*0, gDy*0, gDz*1)), rgb(0.20085638395810004,0.3845027027954451,0.5543676044127037)  );
  draw(  ellipsoid( (0.854269786933498,0.39181704101640075,0.34161753102226516), (0.4217504841398877,-0.906590409959196,-0.014844450066856724), (-0.3038908689980127,-0.15675852429507206,0.93972182309472), 0.4876775487847566, 0.531076370542933, 0.7832633107662041,  (gDx*0, gDy*0, gDz*2)), rgb(0.2237091794535377,0.3354585269716469,0.5481309228109387)  );
  draw(  ellipsoid( (0.9186576754614952,0.28274023425877953,0.27590946929558713), (0.31712002039394255,-0.9442733521183391,-0.08821977751355309), (-0.23559067889249588,-0.16854019227022965,0.9571265515115996), 0.5330416900482595, 0.6117200378163491, 0.8127601001178765,  (gDx*0, gDy*0, gDz*3)), rgb(0.23843023131206237,0.30294468319499473,0.5413617337936529)  );
  draw(  ellipsoid( (-0.4378851522094111,-0.8531951113347451,-0.2833984747119023), (0.8642429306495362,-0.4863207026615649,0.12874910090972566), (-0.24767064884002984,-0.18854780867794324,0.9503204583433446), 0.20757785634952955, 0.33674919761685407, 0.7951203482913725,  (gDx*0, gDy*1, gDz*0)), rgb(0.1311408954846444,0.5559914599919731,0.5524440628033603)  );
  draw(  ellipsoid( (-0.4849847159629406,-0.8225051003300973,-0.2971114020251033), (0.8307377494730912,-0.5394533856846844,0.13734932207227954), (-0.2732482696792963,-0.18020933550820203,0.9449126830098974), 0.2874068815155828, 0.39217825933814177, 0.8450808870736763,  (gDx*0, gDy*1, gDz*1)), rgb(0.1488209364446084,0.5086116913484301,0.5572193919171553)  );
  draw(  ellipsoid( (-0.6322170985629205,-0.701920475358378,-0.3280383918954476), (0.7212075500604301,-0.6878612822747081,0.08189338241412751), (-0.2831275507973659,-0.18480936832331535,0.9411080104639543), 0.39719821496398405, 0.48154119173465576, 0.9111753434137009,  (gDx*0, gDy*1, gDz*2)), rgb(0.17107506873169026,0.45277619313289663,0.5579692879296995)  );
  draw(  ellipsoid( (0.7850173075316557,0.5236302766490062,0.33099722091316014), (0.558217155103867,-0.8296155274134798,-0.011475383313818588), (-0.2685915758609987,-0.19377670151733795,0.9435619509738434), 0.5006495149570231, 0.5967512313112572, 0.9759541948290171,  (gDx*0, gDy*1, gDz*3)), rgb(0.1927333604162093,0.40236206771472904,0.5557774838366077)  );
  draw(  ellipsoid( (-0.46095617224760416,-0.8192907454633057,-0.34100158601539954), (0.8550360132391195,-0.5128983375182598,0.07647686862808663), (-0.2375559372673928,-0.2563161519865383,0.936946747099228), 0.13658896513769295, 0.2934026184620999, 0.8338560457142055,  (gDx*0, gDy*2, gDz*0)), rgb(0.12028651805456009,0.6235140246069513,0.5344080371210976)  );
  draw(  ellipsoid( (-0.45531091283568303,-0.8235100386655829,-0.3384127492718722), (0.8497058245657494,-0.5154295921377087,0.11105110196569563), (-0.26587964260502756,-0.236988505556209,0.9344219945412553), 0.16165694753104773, 0.32154613403962634, 0.8622986151806278,  (gDx*0, gDy*2, gDz*1)), rgb(0.11961042553621512,0.6058617542135598,0.5407327742646296)  );
  draw(  ellipsoid( (-0.4929842070722838,-0.7945180910453863,-0.35455264006760256), (0.8221275127020754,-0.558766778435267,0.10902311761902693), (-0.28473307576677914,-0.23774080490876778,0.9286583791931889), 0.23891469230969664, 0.3822275788189453, 0.9163950642531208,  (gDx*0, gDy*2, gDz*2)), rgb(0.13090206824205594,0.556701387945527,0.5523293717546597)  );
  draw(  ellipsoid( (-0.6033230058167164,-0.7028647570760774,-0.37680563147685187), (0.7416810338933286,-0.6681696701385235,0.05880931788330921), (-0.2931050914180879,-0.24398857589519085,0.9244235934989062), 0.36277882358096775, 0.48864780413081665, 1.0000000000000002,  (gDx*0, gDy*2, gDz*3)), rgb(0.15452782767188233,0.49404270666696753,0.5578170420468217)  );
  draw(  ellipsoid( (-0.46545623117800566,-0.7887645722138984,-0.4014983766813922), (0.8512762646352359,-0.5231269774396723,0.04082752433729692), (-0.2422379370087318,-0.3227826127520799,0.9149492700574685), 0.11433431729512786, 0.2709986991317889, 0.8787497226787915,  (gDx*0, gDy*3, gDz*0)), rgb(0.12971336194106384,0.6507347705332156,0.5219443133661499)  );
  draw(  ellipsoid( (-0.46242450274670005,-0.7910804557205576,-0.4004438685214474), (0.8444311640440423,-0.5306444313356546,0.07316075917924401), (-0.27036935560579156,-0.30431595434583236,0.9133959773722974), 0.11028607267995995, 0.2821813619161954, 0.8728482533238175,  (gDx*0, gDy*3, gDz*1)), rgb(0.1312656451133155,0.6533608658615789,0.5205476810378804)  );
  draw(  ellipsoid( (-0.46059639723354295,-0.785350757164189,-0.4136123149485704), (0.8345234708571699,-0.541894048115371,0.09960631107333671), (-0.30235994351762735,-0.2992908766380471,0.9049880859532055), 0.12640573976643557, 0.30459959725502855, 0.8789472737004859,  (gDx*0, gDy*3, gDz*2)), rgb(0.12417982749547463,0.6388204086927196,0.5278294464035707)  );
  draw(  ellipsoid( (-0.4918333712739618,-0.7494018343982726,-0.4432796245055637), (0.803820023964731,-0.5864724259142048,0.09961657851806922), (-0.3346241234200362,-0.3073222807458201,0.890830910881835), 0.1886068164508388, 0.36024857755072653, 0.919043247172213,  (gDx*0, gDy*3, gDz*3)), rgb(0.12111382496247661,0.5929548947910783,0.5445806221463995)  );
  draw(  ellipsoid( (-0.9567882859395495,0.2833217336461892,-0.06545969089888155), (0.2680478018505462,0.9466007871523741,0.17915726523252157), (-0.11272334191262112,-0.15386924646017716,0.9816403125288955), 0.4683933550765181, 0.513848847600103, 0.5903333642863189,  (gDx*1, gDy*0, gDz*0)), rgb(0.27512969273393006,0.19518275709632457,0.49617260010837194)  );
  draw(  ellipsoid( (-0.9738978777548478,0.225286713990043,0.027727607256519567), (-0.1994721553291813,-0.9077311787885682,0.3691002117358474), (0.10832258745494512,0.3539350273068274,0.9289758950007158), 0.5165023301200788, 0.5781654149207744, 0.6382888604630147,  (gDx*1, gDy*0, gDz*1)), rgb(0.2778152775819573,0.18145614313679465,0.4874142078133881)  );
  draw(  ellipsoid( (-0.9899944251359931,0.011271537126249875,0.14065557454457916), (0.05259075180022949,-0.8955121141990007,0.4419188456582526), (0.13093987560991782,0.44489437597439657,0.8859592220873438), 0.5461423034993358, 0.6155379196200557, 0.7022385023807377,  (gDx*1, gDy*0, gDz*2)), rgb(0.27241650961300223,0.2069134911044231,0.5030786293887308)  );
  draw(  ellipsoid( (-0.9758795010261831,-0.1566627909420742,0.1520393679647745), (-0.19622220952661865,0.9347085633900127,-0.2963389039830413), (0.09568721944638157,0.31902456247069433,0.9429036454352067), 0.5590086521142703, 0.6570318653264998, 0.7398739609362386,  (gDx*1, gDy*0, gDz*3)), rgb(0.2675244406837722,0.22505512035834419,0.512756106887096)  );
  draw(  ellipsoid( (0.69927794731474,0.6442143378794772,0.3098358263174069), (0.7028521804774553,-0.6986802038299327,-0.13358437473840323), (-0.13041918876211656,-0.31118139347761736,0.9413591108370704), 0.39528489283226353, 0.43513508313698535, 0.6973317149561242,  (gDx*1, gDy*1, gDz*0)), rgb(0.2055736180018175,0.37430270556327677,0.553382445715728)  );
  draw(  ellipsoid( (-0.9694296209713539,-0.174024007362376,-0.17297934802998016), (0.21295882521084838,-0.9469080455270784,-0.24086031653409343), (0.12188005886178356,0.27033460410688936,-0.9550206558364167), 0.49049967766113445, 0.5331695671788772, 0.7290635014703466,  (gDx*1, gDy*1, gDz*1)), rgb(0.24092545098308304,0.2972049731379836,0.5398959953115815)  );
  draw(  ellipsoid( (-0.9975904892415907,-0.028036454789267924,-0.06346001085386689), (0.03725217259518879,-0.9881274548188377,-0.1490516979781982), (-0.058527697816177934,-0.15105657958558147,0.9867909699385393), 0.5709708908835576, 0.6484813880094521, 0.7864891118498586,  (gDx*1, gDy*1, gDz*2)), rgb(0.26000971545014484,0.24853490672327622,0.5234948312086698)  );
  draw(  ellipsoid( (-0.9909627823762975,-0.1340431412501522,0.0050199829500341105), (-0.13392212353299618,0.9907994400948733,0.019527783696527662), (0.007591361764515694,-0.018679020088785647,0.9997967120545471), 0.6332749354330387, 0.7439142567231364, 0.8731869472521445,  (gDx*1, gDy*1, gDz*3)), rgb(0.2602461893181981,0.24785537565162874,0.5232138896518542)  );
  draw(  ellipsoid( (-0.5143828394267738,-0.7612263458359937,-0.39489839820950134), (0.8482196057852742,-0.5194080857108183,-0.10362789614624723), (-0.1262291363541856,-0.38826497511802877,0.9128617169275272), 0.27590402635849315, 0.37426856942049974, 0.7543726947752223,  (gDx*1, gDy*2, gDz*0)), rgb(0.15547303255796127,0.49164462741833737,0.5578834165811439)  );
  draw(  ellipsoid( (-0.6105899129491131,-0.702168625646741,-0.36625015953875223), (0.7802993492133896,-0.6124336412322177,-0.12672000909172854), (-0.13532510418231655,-0.36315872045761793,0.9218475253173005), 0.3720594913087887, 0.4448575148957907, 0.7828902849312431,  (gDx*1, gDy*2, gDz*1)), rgb(0.1816063664611009,0.42769768208111036,0.5571846838557477)  );
  draw(  ellipsoid( (0.8580600298133112,0.4352578197373547,0.27255020747426334), (0.49749906680718026,-0.8361646957595505,-0.23091834074261625), (-0.12738784778292067,-0.3337352722185994,0.93401986291214), 0.494495239141616, 0.560222045068816, 0.8451002374709309,  (gDx*1, gDy*2, gDz*2)), rgb(0.2135181777580028,0.35728436920203716,0.5513995472933739)  );
  draw(  ellipsoid( (0.9476322992290279,0.27018796769724357,0.1702688684684887), (0.3054844628457279,-0.9223393418869265,-0.2365784888096302), (-0.09312501499469876,-0.27620391112224546,0.9565767774010678), 0.6100956418514295, 0.7076498575642161, 0.9368220247849949,  (gDx*1, gDy*2, gDz*3)), rgb(0.23734516381541151,0.30541844464665546,0.5419721960401221)  );
  draw(  ellipsoid( (-0.4635241961813126,-0.7580501871162879,-0.4588084931291367), (0.8756002756550666,-0.4712718657709465,-0.10595747168341883), (-0.13590245335254,-0.4508466949482186,0.8821948655637419), 0.1923829313456196, 0.32259607186963507, 0.7973353820800514,  (gDx*1, gDy*3, gDz*0)), rgb(0.12687454497776082,0.5692402002707885,0.5501113180799094)  );
  draw(  ellipsoid( (-0.48972055156634925,-0.7471920348269513,-0.44930818428414004), (0.8576977555792121,-0.5054281766733862,-0.09432347692382013), (-0.1566152656925009,-0.43156276636866675,0.8883834967154055), 0.24070772782543293, 0.3667770147902881, 0.7893168988855725,  (gDx*1, gDy*3, gDz*1)), rgb(0.14155242086905884,0.5274590819319032,0.5559002092412634)  );
  draw(  ellipsoid( (-0.5617960074622265,-0.7054546444492885,-0.43210992886582705), (0.8099755169409811,-0.5753118165534272,-0.1138243194145529), (-0.16830005334429557,-0.41394451120763015,0.8946088719017845), 0.33562551612668723, 0.44072281285014925, 0.8183360977045051,  (gDx*1, gDy*3, gDz*2)), rgb(0.16651224195615522,0.46396745075525553,0.5581205364513098)  );
  draw(  ellipsoid( (0.736190651077687,0.5641556551350241,0.3738338160800637), (0.6565479494364828,-0.729378563849178,-0.1922282515346282), (-0.1642197167107566,-0.3869564670301837,0.9073569183441305), 0.47515545785033797, 0.5633801922288821, 0.8994647913745422,  (gDx*1, gDy*3, gDz*3)), rgb(0.19725880078525712,0.3923573710211548,0.5550342027921882)  );
  draw(  ellipsoid( (-0.8810258875234139,-0.20974291400178244,0.42402982859655225), (0.43392548791677926,-0.7153039157785638,0.5477672671929552), (-0.18841989398618383,-0.6665944929999758,-0.721214063543093), 0.4403094835915427, 0.504751095361795, 0.632438583467319,  (gDx*2, gDy*0, gDz*0)), rgb(0.2514948010506905,0.2715643960794448,0.5321813624639614)  );
  draw(  ellipsoid( (0.8046351114156386,0.34687732727567017,-0.4819112545886745), (-0.5646177874176344,0.6981689466323615,-0.4401895910739756), (-0.18376368414014385,-0.6262876669553261,-0.7576243571922011), 0.4607132366307416, 0.5369256064370457, 0.7012829658972759,  (gDx*2, gDy*0, gDz*1)), rgb(0.23943669015779642,0.30064541988917476,0.540789566721788)  );
  draw(  ellipsoid( (-0.8009512830947508,-0.3953385805521583,0.44964925090105173), (-0.5725254010879257,0.7254653982270375,-0.3819877237351951), (0.17519048837759874,0.5633891751731575,0.8074038209469457), 0.47606003325908886, 0.5655224401834011, 0.7249210203962273,  (gDx*2, gDy*0, gDz*2)), rgb(0.23993089200445752,0.2995033458173033,0.5404929410761188)  );
  draw(  ellipsoid( (-0.841894416030362,-0.40046097513590967,0.36172475675586846), (-0.5180165156801565,0.787577229727375,-0.33373791618205967), (0.15123717049550184,0.4683514861812114,0.8705022709059209), 0.4868968582874024, 0.5840516774079608, 0.7125551385028508,  (gDx*2, gDy*0, gDz*3)), rgb(0.24842697769577282,0.2792708325200559,0.5347099058808331)  );
  draw(  ellipsoid( (-0.9861659161869324,-0.05937915950698575,0.15476078691785022), (-0.05534711896932246,0.998009227579058,0.030237031746649216), (-0.15624814294251302,0.02125316642987931,-0.9874891496840458), 0.4418584704901436, 0.5578140815149946, 0.6017543710143703,  (gDx*2, gDy*1, gDz*0)), rgb(0.26011637893695183,0.24822839863385263,0.5233681102044183)  );
  draw(  ellipsoid( (0.9529111670426672,0.16339368304867566,-0.25546587260370185), (-0.26332542292472055,0.8636512691958435,-0.4298443984256697), (0.15039956571379842,0.4768741862967604,0.8660086495393124), 0.48953883475860865, 0.6025630373792684, 0.7128452081104959,  (gDx*2, gDy*1, gDz*1)), rgb(0.2493226141660794,0.2770428955819231,0.5339948522364625)  );
  draw(  ellipsoid( (-0.9153677470732585,-0.2724209082228859,0.2964603453769917), (0.3746326297224951,-0.8460376153987902,0.3793029739898391), (0.14748654299709815,0.4582654275562872,0.8764933071857527), 0.5353763974924786, 0.6528256595994678, 0.8177843844135385,  (gDx*2, gDy*1, gDz*2)), rgb(0.23970750781347272,0.30001957475151986,0.5406270188427861)  );
  draw(  ellipsoid( (-0.895997416807396,-0.3452160785194077,0.2793107377208325), (-0.4214815331549487,0.8591527183576457,-0.2901894618142115), (0.13979251154417313,0.37773332613147853,0.9153008183356018), 0.5772763750843053, 0.7061061758754928, 0.8858969697120751,  (gDx*2, gDy*1, gDz*3)), rgb(0.23877396200862172,0.30216032763701905,0.5411674041557556)  );
  draw(  ellipsoid( (0.9701740173984906,0.23423557625597896,0.06241851312633864), (0.2330613448750642,-0.8304910384012735,-0.5059318577241408), (0.06666922445851561,-0.5053892855524372,0.8603120855590118), 0.40100753422652224, 0.4709528963839166, 0.6715552267145635,  (gDx*2, gDy*2, gDz*0)), rgb(0.2194993983635209,0.3445006205243779,0.5495938515946027)  );
  draw(  ellipsoid( (0.989558169623498,0.11889364325948532,-0.08147963257083705), (0.08225776100317804,-0.9300507178141363,-0.35810518433576766), (0.11835662079552807,-0.34766357860134894,0.9301192108692128), 0.46883514981084484, 0.5922654352754642, 0.6936271365298831,  (gDx*2, gDy*2, gDz*1)), rgb(0.2457519360520077,0.28579280522087536,0.5367006005151722)  );
  draw(  ellipsoid( (-0.9700299892410209,-0.17668778698614607,0.16680301526951874), (-0.20124721251074312,0.9688941678579788,-0.14402656333972197), (-0.13616673393204662,-0.17327872754822835,-0.9754143238386168), 0.5409377952996772, 0.6979438038607158, 0.802741191243182,  (gDx*2, gDy*2, gDz*2)), rgb(0.2445035199995345,0.2887881125132093,0.5375765201078992)  );
  draw(  ellipsoid( (-0.9453616985645791,-0.26375032172337953,0.19164296667999037), (-0.3020560500047889,0.929781133934847,-0.21040243732983446), (0.12269230433323243,0.2567933230628167,0.9586468524372035), 0.6169880931691267, 0.7835073886491042, 0.9513322426984644,  (gDx*2, gDy*2, gDz*3)), rgb(0.23771348066894135,0.3045802291507149,0.5417669518737797)  );
  draw(  ellipsoid( (-0.7512363754074923,-0.5578930113466324,-0.3527028439851308), (-0.6593346239864291,0.6097300326130892,0.4398944656873003), (0.030360531571222548,-0.5630139209826233,0.8258895585382378), 0.32640450618819516, 0.3906703187813391, 0.7274579605280035,  (gDx*2, gDy*3, gDz*0)), rgb(0.1741226984068805,0.44540858332438504,0.5578010489055691)  );
  draw(  ellipsoid( (-0.9142738431747257,-0.3606863554556411,-0.18441445896307634), (-0.4030500802557453,0.7642275327996598,0.5034946980026523), (0.04066906062787941,-0.534660295046371,0.8440879079862319), 0.4011284723494679, 0.4695546462649051, 0.7278151398438688,  (gDx*2, gDy*3, gDz*1)), rgb(0.20399106231670006,0.3777136046753809,0.5537272823760074)  );
  draw(  ellipsoid( (-0.9808230563836728,-0.19466269594513683,-0.009621167993659294), (-0.17742472939425458,0.8713592200652027,0.45744242807891927), (-0.08066348285046016,0.45037711355566523,-0.8891871895836674), 0.4883710337681624, 0.6040303600440806, 0.7673502378036896,  (gDx*2, gDy*3, gDz*2)), rgb(0.23403547920878484,0.31286071290848494,0.5436958487610394)  );
  draw(  ellipsoid( (0.9742725284034398,0.20760816703707108,-0.0877034171391069), (-0.19236440494907156,0.9687874707555678,0.15635463605413114), (0.11742647106576243,-0.13546101094609345,0.983799440133254), 0.5851696646100552, 0.7550761394682478, 0.8737468162140964,  (gDx*2, gDy*3, gDz*3)), rgb(0.24338174661914094,0.29145345571987863,0.5383344261680252)  );
  draw(  ellipsoid( (-0.7672566305038347,-0.38981211201582644,0.5092777044733676), (-0.6292355397119305,0.611095031270582,-0.4802348366370789), (0.1240157188074874,0.6889189938462776,0.714150349300828), 0.3622500681316856, 0.4679431313973532, 0.605500785225113,  (gDx*3, gDy*0, gDz*0)), rgb(0.22208992398078653,0.33894377364259426,0.5487155610214)  );
  draw(  ellipsoid( (-0.7167741070594824,-0.46695057406793483,0.5178726106164601), (-0.6767558414161475,0.6448130712999504,-0.35527121216029794), (0.16803693212566104,0.6051225202042564,0.778196842054403), 0.3715013835745708, 0.48665088900128806, 0.6406453165981231,  (gDx*3, gDy*0, gDz*1)), rgb(0.21634905437766122,0.3512378436919042,0.5505843421726861)  );
  draw(  ellipsoid( (-0.719286964896226,-0.5018283238107779,0.48041086119241766), (-0.6684264782211027,0.6883447854541302,-0.2817578739823279), (0.1892942295562885,0.5237841060583769,0.8305527706878824), 0.3823297901023472, 0.4958521762902036, 0.6391178321887221,  (gDx*3, gDy*0, gDz*2)), rgb(0.22207195771140203,0.33898244381022086,0.548722047809778)  );
  draw(  ellipsoid( (-0.754893332477483,-0.5098263820155396,0.4125689236745597), (0.6272819197596369,-0.7448928193038842,0.22727094159213498), (0.1914509068239284,0.4303623449495271,0.8821194943576748), 0.3934425078747692, 0.4942410534018192, 0.6106375231417533,  (gDx*3, gDy*0, gDz*3)), rgb(0.2365284263570922,0.3072630344676639,0.5424085001758197)  );
  draw(  ellipsoid( (-0.9009021632440981,-0.26586144383491056,0.3430641120025834), (-0.4264395776046553,0.6893138443256748,-0.5856583566152903), (0.08077486561095233,0.673916995410397,0.7343781753174285), 0.38747210130085663, 0.5215236219272007, 0.6069918931091869,  (gDx*3, gDy*1, gDz*0)), rgb(0.23313702775795933,0.31486140033771387,0.5441362366317665)  );
  draw(  ellipsoid( (-0.8544612805770013,-0.35039993955915577,0.3835567785239248), (-0.5008547508431707,0.7517097388027801,-0.42904194101146054), (0.13798709560149652,0.5587059610797042,0.8178063404629898), 0.4160388501074588, 0.5517896552783862, 0.6934683408876471,  (gDx*3, gDy*1, gDz*1)), rgb(0.22243775846350072,0.3381951030385292,0.5485899740878166)  );
  draw(  ellipsoid( (-0.8210449000715908,-0.41709053607087754,0.3897701332664413), (-0.544207225903574,0.7780727072517437,-0.3137536573560196), (0.17240582165567236,0.46972156321596575,0.865816311759707), 0.4429635683942231, 0.5799368247246663, 0.7559379102610843,  (gDx*3, gDy*1, gDz*2)), rgb(0.21824527189819387,0.34718524515825133,0.5500006129027654)  );
  draw(  ellipsoid( (-0.8167724498413772,-0.4576038345550767,0.3513993394709282), (-0.5482773403424813,0.8052463554173125,-0.22576595215866868), (0.17965167198523088,0.3770637050786327,0.908596851780417), 0.471820337275037, 0.6021073489354419, 0.7849427393437577,  (gDx*3, gDy*1, gDz*3)), rgb(0.22294856900916177,0.33709564666261516,0.548405544040597)  );
  draw(  ellipsoid( (-0.9559661834568927,-0.20996148657450395,0.20504836074030713), (-0.027544875532064465,0.7597936321529288,0.6495805695768485), (-0.29218134081215014,0.6153290263714895,-0.7321203817583068), 0.38536196680068446, 0.5509755367563188, 0.5874288773388906,  (gDx*3, gDy*2, gDz*0)), rgb(0.2335961823029094,0.31384311980723356,0.5439172515714481)  );
  draw(  ellipsoid( (-0.9285854170403501,-0.2646481395142547,0.2601739524080815), (-0.3458321067426491,0.8714120010365839,-0.34790987108065463), (0.134645004385384,0.4130405388107324,0.9007043000302596), 0.42758833491306353, 0.6049493503986266, 0.6741501178551138,  (gDx*3, gDy*2, gDz*1)), rgb(0.2293835447685276,0.3231377898785868,0.5458575777084131)  );
  draw(  ellipsoid( (-0.8986663239611634,-0.33057428979157255,0.2883044867963842), (-0.4109230303846166,0.8644035365135744,-0.2897391743661001), (0.1534310961886552,0.37884979212297754,0.9126509375060786), 0.4754437867495063, 0.648604690656278, 0.794002736237948,  (gDx*3, gDy*2, gDz*2)), rgb(0.22154418783229504,0.34011555033504387,0.5489041847012697)  );
  draw(  ellipsoid( (-0.8788458791072941,-0.384647133151789,0.28227026718065323), (-0.4480795884242277,0.8686379810621253,-0.21140657580569594), (0.16387374168457183,0.3122733431057237,0.9357514392037414), 0.5281804638709562, 0.6993631272548193, 0.898005503609296,  (gDx*3, gDy*2, gDz*3)), rgb(0.21887648472911375,0.3458340500739002,0.5497958863748333)  );
  draw(  ellipsoid( (-0.967846108952447,-0.24363645441668536,0.06257145886803363), (-0.14158957730207164,0.7332624447844219,0.6650402834928071), (0.20790935761775722,-0.6347971842628463,0.7441815866217959), 0.36034496667787275, 0.4680412913716154, 0.6612819475246479,  (gDx*3, gDy*3, gDz*0)), rgb(0.20534448807400196,0.37479583570473834,0.5534338855700028)  );
  draw(  ellipsoid( (-0.9642051772681951,-0.22781163568765925,0.13568432029723096), (-0.11164780804762874,0.8129491612486431,0.5715316510774249), (-0.24050601465944274,0.5359249199938743,-0.8092844599040511), 0.40846962744202964, 0.5694951104319473, 0.6668325013543019,  (gDx*3, gDy*3, gDz*1)), rgb(0.22461534101570407,0.3335018232637852,0.5477897585084596)  );
  draw(  ellipsoid( (-0.9426738452845883,-0.27048117409832173,0.19546343871619876), (-0.27080115242807096,0.9622946369594579,0.025607958190649843), (0.19501988939591952,0.02879177204443315,0.9803765993752325), 0.4676315656963948, 0.6686560372594053, 0.745744784683304,  (gDx*3, gDy*3, gDz*2)), rgb(0.22694151655117648,0.3284627446121691,0.5468790335518205)  );
  draw(  ellipsoid( (-0.917645222110853,-0.3334525608444215,0.2161865768345034), (-0.3630418576660758,0.9246804581889726,-0.11474606671165825), (0.1616411331298069,0.1837809563304341,0.9695858415688542), 0.5353016015205155, 0.7397318747779816, 0.8965051660390925,  (gDx*3, gDy*3, gDz*3)), rgb(0.2206913827737154,0.3419456382092008,0.5491959570323883)  );
