import settings;
import three;
surface ellipsoid(triple v1,triple v2,triple v3,real l1,real l2, real l3, triple pos=O) {
  transform3 T = identity(4);
  T[0][0] = l1*v1.x;
  T[1][0] = l1*v1.y;
  T[2][0] = l1*v1.z;
  T[0][1] = l2*v2.x;
  T[1][1] = l2*v2.y;
  T[2][1] = l2*v2.z;
  T[0][2] = l3*v3.x;
  T[1][2] = l3*v3.y;
  T[2][2] = l3*v3.z;
  T[0][3] = pos.x;
  T[1][3] = pos.y;
  T[2][3] = pos.z;
  return T*unitsphere;
}

size(200);

real gDx=1.5;
real gDy=1.5;
real gDz=1.5;

currentprojection=perspective(up=Y, camera = (gDx*-2.0,gDy*6.0,gDz*14.0), target = (gDx*1.5,gDy*1.5,gDz*0.0) );
currentlight=Viewport;

  draw(  ellipsoid( (-0.9015190964716024,-0.28523965325819217,0.3254253507429494), (0.028672652441236467,0.7109867506360062,0.702620608452412), (-0.4317883714263381,0.6427567040717655,-0.6327895555963226), 0.3906209870429006, 0.5793593813936428, 0.7185094812427709,  (gDx*0, gDy*0, gDz*0)), rgb(0.20387676044168057,0.37796022339485225,0.5537516336450333)  );
  draw(  ellipsoid( (-0.916468436423097,-0.28776525301644523,0.27798698566045243), (0.008454397944181848,0.680698579472413,0.7325148237814991), (-0.40001765985466803,0.6736769278078477,-0.6214058808409966), 0.38463742575041304, 0.5546703668953267, 0.7262842186945898,  (gDx*0, gDy*0, gDz*1)), rgb(0.20072882892119182,0.3847803059907506,0.5543921423634192)  );
  draw(  ellipsoid( (-0.9262741165043901,-0.29449264291687166,0.2351389894548489), (-0.02084059103134223,0.6630335341509687,0.7482995405295534), (-0.37627374457896406,0.6882300602699019,-0.6202882017912414), 0.377248778739639, 0.5371696505196255, 0.7259479708120073,  (gDx*0, gDy*0, gDz*2)), rgb(0.19809947827236263,0.3905150132073948,0.5548845198466764)  );
  draw(  ellipsoid( (-0.935457226864727,-0.29613794802709503,0.192930278714504), (-0.049047505715100095,0.6493514957297571,0.758905117374138), (-0.35002016926126095,0.7004605276043957,-0.6219653771541386), 0.3697825044909046, 0.5292639408014547, 0.7183645750447306,  (gDx*0, gDy*0, gDz*3)), rgb(0.19668049685046818,0.3936289233102037,0.5551341686187535)  );
  draw(  ellipsoid( (-0.899563471779145,-0.2937618594089833,0.3232484032400287), (-0.02345070667815204,0.7714686389985489,0.635835044172639), (-0.4361600905595869,0.5643935763262226,-0.7008739304644945), 0.41764222199151724, 0.6460678664940447, 0.801929122534731,  (gDx*0, gDy*1, gDz*0)), rgb(0.19669622883177115,0.3935943324391518,0.5551314491827963)  );
  draw(  ellipsoid( (-0.9090861221647292,-0.3009408299282513,0.28809206752284994), (-0.02757414525780938,0.7334658706720972,0.6791667564542037), (-0.41569470648637835,0.6094771804106512,-0.6750818302679212), 0.4108592812092359, 0.6221703955442817, 0.8152476416685591,  (gDx*0, gDy*1, gDz*1)), rgb(0.1929783682231059,0.4018172310770175,0.5557393902533209)  );
  draw(  ellipsoid( (-0.917500873236817,-0.3055927484681157,0.2545686934667758), (-0.04212722307727817,0.7111144004627755,0.7018130851802812), (-0.3954964534423483,0.6331898463637666,-0.6653218572813868), 0.40172550379273986, 0.5990972479008262, 0.8155640162234254,  (gDx*0, gDy*1, gDz*2)), rgb(0.19022654195028638,0.4079724514246767,0.5561451221064299)  );
  draw(  ellipsoid( (-0.9254020032462484,-0.3109751451285198,0.21662315550311406), (-0.07033058237541119,0.7025695208211872,0.7081311161047952), (-0.3724040031613057,0.6400707207218465,-0.67203030504885), 0.39267978371373924, 0.5824295980503643, 0.8002332641273173,  (gDx*0, gDy*1, gDz*3)), rgb(0.18978872103375777,0.4089590864994534,0.5562058736036297)  );
  draw(  ellipsoid( (-0.897188326515308,-0.30327339978878565,0.3210581750169469), (-0.0467412763544858,0.7880746264569273,0.6138026036271987), (-0.43916780374865216,0.535689861874691,-0.7212267410705594), 0.45576249620635756, 0.7250766832766905, 0.8947053295129938,  (gDx*0, gDy*2, gDz*0)), rgb(0.19298169005277985,0.40180984415113324,0.5557388737783687)  );
  draw(  ellipsoid( (0.9043716658991421,0.3093340574468298,-0.2939801537898294), (-0.04431505305557993,0.7532389653107794,0.6562524188223823), (-0.4244385302861786,0.5804683471482552,-0.69491613304591), 0.44986259739008594, 0.7117661879322731, 0.9139559149157074,  (gDx*0, gDy*2, gDz*1)), rgb(0.18901007230315725,0.4107137814432949,0.5563139179532505)  );
  draw(  ellipsoid( (-0.9104880176238915,-0.3098631635226207,0.273854687115393), (-0.04459754553658131,0.7319404645601272,0.6799075049384421), (-0.41112361729220637,0.606834389459974,-0.6802421591413693), 0.4389404869863225, 0.688664396522016, 0.9182779346365165,  (gDx*0, gDy*2, gDz*2)), rgb(0.1857023340625592,0.41823592151926786,0.5567350030943957)  );
  draw(  ellipsoid( (-0.9164184737259684,-0.3168912827810482,0.24445264553927076), (-0.06850586724708861,0.7259818957726567,0.6842932362394529), (-0.3943147564655557,0.6103525226520504,-0.687012133026621), 0.4291679306487507, 0.6642327313099677, 0.9039743218072718,  (gDx*0, gDy*2, gDz*3)), rgb(0.18511688284013061,0.41957986352869836,0.556803585873061)  );
  draw(  ellipsoid( (-0.8941402765293313,-0.3181208224661964,0.31513855397504426), (-0.06985955701836542,0.7942531435378867,0.6035574423974764), (-0.44230397712574193,0.5176495786665114,-0.7323975051330626), 0.4897987347014805, 0.7907671087227198, 0.9667127980622071,  (gDx*0, gDy*3, gDz*0)), rgb(0.19181106190515823,0.40442056020989503,0.5559160245295451)  );
  draw(  ellipsoid( (0.900852203440841,0.31327934829380677,-0.3005351185608583), (-0.053506128664202825,0.7671212524805011,0.6392668286311409), (0.43081597202419397,-0.5598044604371731,0.7078252357210035), 0.4860356034375273, 0.7838663735502893, 0.9866865847169911,  (gDx*0, gDy*3, gDz*1)), rgb(0.18855824170519492,0.4117369579307756,0.5563736427796406)  );
  draw(  ellipsoid( (0.9057614725159109,0.31291972817385866,-0.2857925797241897), (-0.052026196571789377,0.7513808099623671,0.657814680050978), (0.4205822509047217,-0.5809544923140669,0.6968518121408757), 0.47718786561148085, 0.771321960669408, 0.9999999999999999,  (gDx*0, gDy*3, gDz*2)), rgb(0.18485153576159052,0.42019009779315764,0.556834153600444)  );
  draw(  ellipsoid( (0.9109645744407013,0.3154394993216117,-0.26578462405075826), (-0.067594153477854,0.7497992550013857,0.6582036976612784), (0.40690855794598907,-0.5816347646651618,0.7043624251784146), 0.46921197143241766, 0.7549492427962731, 0.9988619118422846,  (gDx*0, gDy*3, gDz*3)), rgb(0.18318040780638148,0.42404412541287695,0.5570209160938349)  );
  draw(  ellipsoid( (-0.9213726587425515,-0.2932915535524202,0.2550538930039876), (-0.028031289321175636,0.7046369647838722,0.7090141004797893), (-0.3876682480429294,0.6461167173777352,-0.6574545740842827), 0.3582748178510503, 0.5324930618964571, 0.6801939413958016,  (gDx*1, gDy*0, gDz*0)), rgb(0.19935131960015,0.3877789653555249,0.554656341410675)  );
  draw(  ellipsoid( (-0.9346462233637083,-0.2924476183722278,0.20226425205747323), (-0.04274419379965707,0.6571117947861876,0.7525802435948558), (-0.353000525563879,0.6947506600653838,-0.6266674950006094), 0.3519239306589279, 0.5176055837344385, 0.6966356030597239,  (gDx*1, gDy*0, gDz*1)), rgb(0.19376764810707223,0.40006206823694085,0.5556166737596003)  );
  draw(  ellipsoid( (-0.9421504568289095,-0.2956519171762045,0.1579318225283034), (-0.06027975045796957,0.6129366902055787,0.7878292743256975), (0.32972544394056363,-0.732733619857766,0.5953004064741876), 0.3479179380495311, 0.5021992959679542, 0.7090215270613809,  (gDx*1, gDy*0, gDz*2)), rgb(0.1899581385932545,0.4085773018469341,0.5561823654293904)  );
  draw(  ellipsoid( (-0.9461752681371748,-0.30519672974062684,0.10773726431078723), (-0.09656319541041841,0.583911161950061,0.8060541571397414), (0.30891408394191916,-0.7522650537581529,0.5819530716789526), 0.34363345318349703, 0.48809086395244694, 0.7122470348263195,  (gDx*1, gDy*0, gDz*3)), rgb(0.18767460454071577,0.4137402866322779,0.5564890587449774)  );
  draw(  ellipsoid( (-0.9157250063516976,-0.3082061714197762,0.2577919095723276), (-0.0727933808940429,0.7582196922149264,0.6479228519164276), (-0.3951567238959731,0.5745536130216788,-0.7167561016995507), 0.3642045082604696, 0.5748987930916605, 0.7369708688084082,  (gDx*1, gDy*1, gDz*0)), rgb(0.18955433395653584,0.40948728079701024,0.5562383968690288)  );
  draw(  ellipsoid( (-0.9269530867373255,-0.3065365679768032,0.21631760788513468), (-0.07652356441653974,0.718930030893285,0.6908572607773388), (-0.3672902382001625,0.6238388759710175,-0.6898716820902896), 0.35744150435343397, 0.5544548026811613, 0.7497026318941894,  (gDx*1, gDy*1, gDz*1)), rgb(0.18559206572253065,0.41848766249375685,0.5567485644544231)  );
  draw(  ellipsoid( (-0.9339936889933065,-0.31098729509049733,0.17590534731204355), (-0.08768501903845753,0.6767891923904467,0.7309361986519154), (-0.34636270924696855,0.6672655328696236,-0.6593857613622826), 0.35287831309998363, 0.5346728155093665, 0.7536174979760568,  (gDx*1, gDy*1, gDz*2)), rgb(0.18368660836579653,0.4228723420229034,0.5569666582994031)  );
  draw(  ellipsoid( (-0.9392720074921729,-0.31336568997776415,0.13989296010301353), (-0.10005298620013083,0.6399953353810093,0.7618368399092983), (0.32826436890722716,-0.7015753095964177,0.6324828765038863), 0.34793150099799885, 0.515868391589872, 0.7517396737129562,  (gDx*1, gDy*1, gDz*3)), rgb(0.1823725676107435,0.4259141623091133,0.5571075055423319)  );
  draw(  ellipsoid( (-0.9056770661536587,-0.3269022463241984,0.2699703190935895), (-0.11180832853927085,0.7983897772907351,0.5916693850343322), (-0.40895959398522014,0.5056764626377649,-0.7596337049009879), 0.3860271572223718, 0.6395399516366849, 0.8046425963629389,  (gDx*1, gDy*2, gDz*0)), rgb(0.18475512652670012,0.42041181577424147,0.5568452598512668)  );
  draw(  ellipsoid( (-0.9172860274922487,-0.31929633620479037,0.23798359912751754), (-0.09460250880708157,0.7552146171400613,0.6486148683042938), (-0.3868290437582157,0.5724515103868515,-0.7229540505183695), 0.379433631567753, 0.6210918286138329, 0.8218576976670738,  (gDx*1, gDy*2, gDz*1)), rgb(0.1808880077451482,0.42937149762639404,0.5572562106609011)  );
  draw(  ellipsoid( (0.9252316587301679,0.3187106902191615,-0.20583943651168438), (-0.09199495603687846,0.7148014672116123,0.6932501644687141), (0.3680805696409347,-0.6224808096738017,0.6906767231061529), 0.3744463074594189, 0.5953897308868086, 0.8225449215177936,  (gDx*1, gDy*2, gDz*2)), rgb(0.1798611781821134,0.43177818900213005,0.5573525823782902)  );
  draw(  ellipsoid( (-0.9303552005349881,-0.3234597832601088,0.17266432593568898), (-0.1011523910747365,0.6790597448693181,0.7270805021989521), (-0.3524306947718453,0.6589777170066835,-0.6644854956064081), 0.36884321194298253, 0.5671202300672147, 0.8115173393714414,  (gDx*1, gDy*2, gDz*3)), rgb(0.18004087012322334,0.43135619196527486,0.5573360641128963)  );
  draw(  ellipsoid( (-0.8981398590684332,-0.3433078178428653,0.27474449177463983), (-0.14564482038875504,0.821828165941066,0.550804912795693), (-0.4148883944465815,0.45468473459520675,-0.7881176386045577), 0.4175804544653514, 0.7075465349432086, 0.874775456506371,  (gDx*1, gDy*3, gDz*0)), rgb(0.18348151229822623,0.4233471106908905,0.5569886417999466)  );
  draw(  ellipsoid( (-0.9077091933721708,-0.3347954295515382,0.2529348544962603), (-0.11770324901507946,0.7817606244542653,0.6123693911555111), (-0.4027529831533681,0.5260820719282097,-0.749017815647121), 0.4086097851788969, 0.6969032916117078, 0.8906411639518519,  (gDx*1, gDy*3, gDz*1)), rgb(0.1791863520858888,0.4333629824616487,0.5574146160815456)  );
  draw(  ellipsoid( (-0.915572657063053,-0.32907084137251463,0.2311689663360691), (-0.09788254770379881,0.7398920566138526,0.6655664891013797), (-0.390058606485634,0.5867470715036495,-0.7096352285423662), 0.40438961739652957, 0.6726651094476328, 0.893407891725971,  (gDx*1, gDy*3, gDz*2)), rgb(0.17842785953515797,0.43515273602313237,0.5574800024829283)  );
  draw(  ellipsoid( (-0.9211249868980831,-0.32867245907107334,0.20857414307670036), (-0.09426632751127585,0.7082047321830724,0.6996855842526981), (-0.37768057669086336,0.6248363561458925,-0.683327820324023), 0.4009558196527464, 0.6410360915434754, 0.8859286591201933,  (gDx*1, gDy*3, gDz*3)), rgb(0.17913433083487446,0.4334851516231924,0.5574193981592785)  );
  draw(  ellipsoid( (-0.9421286116054068,-0.2806696514861039,0.18335273635573923), (-0.03870990797158619,0.6343249550445128,0.7720967519894176), (-0.33300934254056536,0.7203168734261653,-0.6084803855821931), 0.35071024094690006, 0.5050842431394811, 0.6600398422304088,  (gDx*2, gDy*0, gDz*0)), rgb(0.201233471380402,0.3836820321588488,0.554295063548712)  );
  draw(  ellipsoid( (-0.9518551944187978,-0.2674490699992535,0.14980882422102862), (-0.052244077338526825,0.623077768043489,0.7804131286395625), (-0.3020633132987169,0.7350136664895959,-0.6070524399362237), 0.33507036333060014, 0.4927835627304694, 0.6962054888888645,  (gDx*2, gDy*0, gDz*1)), rgb(0.18732225633710223,0.414539109155364,0.5565350805848112)  );
  draw(  ellipsoid( (-0.956253811464686,-0.2717829162298943,0.10822520272485052), (-0.08421699725005671,0.6100487412029041,0.7878756442046778), (0.2801537888971787,-0.7442946861306523,0.6062501750632562), 0.3241438196018292, 0.48130538565411374, 0.7199841597789154,  (gDx*2, gDy*0, gDz*2)), rgb(0.17903715509068513,0.43371336372802455,0.5574283310848315)  );
  draw(  ellipsoid( (-0.9556597464165825,-0.2899609892445253,0.05135244682904023), (-0.13746897303117434,0.5935138988439841,0.7929965531657545), (0.26041645595612284,-0.7507755167793829,0.6070579814745074), 0.31559135677483363, 0.46688660312912245, 0.7270656366676507,  (gDx*2, gDy*0, gDz*3)), rgb(0.17478624093791503,0.44381684461969817,0.5577570224758411)  );
  draw(  ellipsoid( (0.9370318600623355,0.3007516454050312,-0.17753799878979745), (-0.08615381496949717,0.6916970506641711,0.7170304807110283), (0.3384506070231243,-0.6565848291642542,0.674053075593477), 0.342902945654961, 0.5258932234226905, 0.6925389385801874,  (gDx*2, gDy*1, gDz*0)), rgb(0.19045389197388116,0.40746011521810976,0.5561135752940224)  );
  draw(  ellipsoid( (-0.9477878921925451,-0.2777720050207813,0.15665511367314994), (-0.07671960279099194,0.6754127853862277,0.7334382536276723), (-0.30953548094007677,0.6831253783629714,-0.6614586181127603), 0.3268260060381424, 0.5099864860122779, 0.7248503474594681,  (gDx*2, gDy*1, gDz*1)), rgb(0.17900099775645087,0.4337985353762054,0.5574315227461649)  );
  draw(  ellipsoid( (-0.9540885852055943,-0.2670104181199499,0.13572180442286058), (-0.07750314627695605,0.657767490173863,0.7492230583661649), (0.28932375273655003,-0.7043063008988252,0.6482626015872375), 0.31599911142358, 0.4945578541687127, 0.7443581499395268,  (gDx*2, gDy*1, gDz*2)), rgb(0.1723717333092311,0.44963249718521375,0.557903004753896)  );
  draw(  ellipsoid( (-0.9559541754958143,-0.2763728646088966,0.09884156038828215), (-0.10508157946051179,0.6366817025836876,0.7639334206939902), (0.2740610808017115,-0.719898916031278,0.6376802291797895), 0.3087028329807228, 0.47814747417066145, 0.7468635961397881,  (gDx*2, gDy*1, gDz*3)), rgb(0.16956713656076086,0.4564553191938191,0.5580326979597635)  );
  draw(  ellipsoid( (-0.9301322427554953,-0.31344196376048217,0.191332554314746), (-0.11289038291848144,0.739851846213465,0.6632307344348919), (-0.3494420873780818,0.5952926851629373,-0.7235446403369656), 0.34724854198771954, 0.5589191125410234, 0.7316853222484313,  (gDx*2, gDy*2, gDz*0)), rgb(0.18433284870996458,0.4213829528762998,0.5568939058482489)  );
  draw(  ellipsoid( (-0.9409300431181511,-0.2909311787095711,0.17323308925356595), (-0.09747029474856493,0.7226837317040857,0.684271704494556), (-0.32426870894260257,0.6269667241448441,-0.7083519825734808), 0.330287222340029, 0.5407627681524504, 0.7582520539776034,  (gDx*2, gDy*2, gDz*1)), rgb(0.17470108626445785,0.4440208463070997,0.5577628371216994)  );
  draw(  ellipsoid( (-0.9489590365470854,-0.2732848241641648,0.15745523756671015), (-0.08387708764217335,0.6999155479893273,0.7092833424319697), (-0.3040417424043855,0.6598739505120361,-0.687113519231971), 0.319457262719681, 0.5236827989884084, 0.7720821589264285,  (gDx*2, gDy*2, gDz*2)), rgb(0.16945583967606248,0.4567281430045994,0.5580365054847662)  );
  draw(  ellipsoid( (-0.9539893588811064,-0.26512396545455086,0.14004851332045584), (-0.0788894781223736,0.6725580851440476,0.7358274745814753), (0.28927625789752476,-0.6909232265954198,0.6625287477293184), 0.3134656471363096, 0.507721931094427, 0.77094989735253,  (gDx*2, gDy*2, gDz*3)), rgb(0.1677982148285446,0.4607960588719775,0.5580900371446944)  );
  draw(  ellipsoid( (-0.921708056811626,-0.32598809731698153,0.21020470598012433), (-0.13345239055318367,0.7753541195178272,0.6172652985567677), (-0.36420422494004234,0.5408860783514303,-0.7581540297205005), 0.36884536464063145, 0.6050092218662964, 0.7719271861705289,  (gDx*2, gDy*3, gDz*0)), rgb(0.18460956574042114,0.420746570465485,0.5568620283133774)  );
  draw(  ellipsoid( (-0.9318636408967781,-0.30106993513615804,0.20245258440363317), (-0.1062077227026177,0.7599404741324071,0.641256887225187), (-0.3469150824235298,0.5760619497350278,-0.7401368492748849), 0.35112848693101983, 0.5906053853837875, 0.7978084543309552,  (gDx*2, gDy*3, gDz*1)), rgb(0.17530901105838298,0.4425644648926805,0.5577213259838882)  );
  draw(  ellipsoid( (-0.9404387304245461,-0.28374039634551357,0.18726019811790967), (-0.08830932186262037,0.7358058673282933,0.6714098519365217), (-0.3282932499909681,0.6148830076420627,-0.7170372576954553), 0.33933466932952117, 0.5747142056491008, 0.8073835529304948,  (gDx*2, gDy*3, gDz*2)), rgb(0.17061730643530634,0.45389277410682133,0.5579887353475197)  );
  draw(  ellipsoid( (-0.9465899557155559,-0.27191280315459493,0.17329420999858108), (-0.07304191859657894,0.7043036773215641,0.7061311551256273), (-0.3140578511455375,0.6557589172797674,-0.6865478195595079), 0.33314503422696295, 0.5560371722417426, 0.8025866674072416,  (gDx*2, gDy*3, gDz*3)), rgb(0.1695946262841325,0.45638793320086996,0.5580317575218586)  );
  draw(  ellipsoid( (-0.9568115575885285,-0.2717872385886156,0.10316656534647711), (-0.043165351607622554,0.483768751941938,0.8741307379706597), (-0.28748633999827605,0.831925171866385,-0.4746073247743667), 0.35987727920925183, 0.48151074858698645, 0.6303404717088504,  (gDx*3, gDy*0, gDz*0)), rgb(0.213552626816283,0.3572108006403709,0.5513900253781583)  );
  draw(  ellipsoid( (-0.9605787650774891,-0.2678232150836517,0.07455978503497726), (-0.09038793181456362,0.5544909151839331,0.827266490775959), (0.2629038947305501,-0.7879153193337083,0.5568401850574081), 0.33586528397081905, 0.46683808849831776, 0.6661252584937651,  (gDx*3, gDy*0, gDz*1)), rgb(0.19374371653780867,0.40011528611557856,0.555620394617472)  );
  draw(  ellipsoid( (-0.9615611437812751,-0.27125140643116474,0.04269474533430477), (-0.12763576015922318,0.5791855956470284,0.8051417008971614), (0.24312400025218284,-0.7687435985451273,0.5915437432660959), 0.31618860729920995, 0.45242365374144355, 0.699452775032565,  (gDx*3, gDy*0, gDz*2)), rgb(0.17937420281907931,0.4329218249323361,0.557397347815389)  );
  draw(  ellipsoid( (-0.9599166243952658,-0.2801800574089197,0.0076947800444616965), (-0.163415003918727,0.5817538390998275,0.7967797733294029), (0.22771827046559281,-0.763584707889666,0.6042208066371205), 0.3030231412540883, 0.4394628273362537, 0.7209097489358056,  (gDx*3, gDy*0, gDz*3)), rgb(0.17102784174220165,0.45289138994647277,0.55797129430507)  );
  draw(  ellipsoid( (-0.9553264593383026,-0.2774319146752246,0.10189646121323914), (-0.05867404210168557,0.5159301957928423,0.8546188564808344), (-0.28967000685537286,0.8104613289903465,-0.5091598190544986), 0.3513038223390283, 0.4943560102166588, 0.6542546576457818,  (gDx*3, gDy*1, gDz*0)), rgb(0.20312041547611961,0.3795921198694593,0.5539127680072614)  );
  draw(  ellipsoid( (-0.9611375685259722,-0.2619854464067962,0.08705285887903769), (-0.08076290482487442,0.5683651792991069,0.8188030142620033), (0.26399228695594484,-0.7799516964731379,0.5674358321400265), 0.3275458531119745, 0.47633795016576974, 0.6948864620389785,  (gDx*3, gDy*1, gDz*1)), rgb(0.18467303684402891,0.42060060223987805,0.5568547165034925)  );
  draw(  ellipsoid( (-0.9632858083927666,-0.2586345159966663,0.07203220449399249), (-0.10080810512923949,0.5971003335695407,0.7958070856629735), (0.24883363375827267,-0.7593282417942279,0.6012507329927678), 0.3065377928235098, 0.4584112660893915, 0.722598996983193,  (gDx*3, gDy*1, gDz*2)), rgb(0.17226688192126363,0.4498865732316237,0.5579084409891761)  );
  draw(  ellipsoid( (-0.9634469489375044,-0.26378801933423507,0.04675315431856314), (-0.12794349093560173,0.6063918002369075,0.7848053565901894), (0.23537297999181134,-0.7501365645408602,0.6179762898595789), 0.29203741107377745, 0.4422683305231237, 0.7352513966593187,  (gDx*3, gDy*1, gDz*3)), rgb(0.16537420883575324,0.4667859794501178,0.5581372276037423)  );
  draw(  ellipsoid( (-0.952014780890658,-0.28692785178271546,0.10649067957839543), (-0.07528985494421779,0.5568212950681674,0.8272130820417962), (-0.29664675071234314,0.7795014132315381,-0.5517048595597506), 0.3480117325258229, 0.5114290998968982, 0.6714105811306216,  (gDx*3, gDy*2, gDz*0)), rgb(0.19733464806275264,0.3921906009656255,0.5550210918044679)  );
  draw(  ellipsoid( (-0.9596874406786402,-0.2627177503095352,0.09989694627954425), (-0.07788125128614255,0.5900571252421716,0.8035963536807823), (-0.27006393113814053,0.7634212288266815,-0.5867311995070427), 0.3243861598962604, 0.4901211733222926, 0.7108662225200222,  (gDx*3, gDy*2, gDz*1)), rgb(0.1806063570685349,0.4300281757291115,0.5572840814620229)  );
  draw(  ellipsoid( (-0.9640678601839805,-0.24654954997824383,0.09892664133491307), (-0.07618141861718433,0.6133251410454056,0.7861479904058184), (0.25449862950073937,-0.7503636390225467,0.610069550801453), 0.30351650361350674, 0.47007368389030385, 0.735085278523619,  (gDx*3, gDy*2, gDz*2)), rgb(0.16945804474983162,0.4567227376724522,0.558036430048032)  );
  draw(  ellipsoid( (-0.966327438344889,-0.24134576589382573,0.0892384624863491), (-0.08479670086591812,0.6261164503969807,0.7751049671267377), (0.24294197131014778,-0.7414380701227902,0.6254988303334641), 0.28920935453116603, 0.45435976574095244, 0.7435604226811681,  (gDx*3, gDy*2, gDz*3)), rgb(0.1634533706122518,0.47156178414133987,0.5581470741503021)  );
  draw(  ellipsoid( (-0.9487379163937033,-0.29088025471428286,0.1236326955715537), (-0.08096268220199311,0.6017761179262955,0.7945505320520632), (-0.305518264736486,0.7438105816072479,-0.5944782658781513), 0.3562537928773458, 0.5348778638990734, 0.6869069350804993,  (gDx*3, gDy*3, gDz*0)), rgb(0.19698401342643523,0.3929615628208167,0.5550817026340565)  );
  draw(  ellipsoid( (-0.9562318741682049,-0.26450862269873815,0.1251231047519962), (-0.07163521052208313,0.6262156482788779,0.7763519552780952), (-0.2837058325770187,0.7334092652596375,-0.6177554938590991), 0.33202719475563824, 0.5144254656965717, 0.7202056158470959,  (gDx*3, gDy*3, gDz*1)), rgb(0.18162634366919744,0.4276511340811755,0.5571826947299262)  );
  draw(  ellipsoid( (-0.9618515310673145,-0.24201982144000544,0.12754621991110146), (-0.05794776303147541,0.6358867781905215,0.7696038345032635), (-0.26736433745567323,0.7328536084052716,-0.6256531784497397), 0.3125762136190156, 0.4973025533607646, 0.7451923004466339,  (gDx*3, gDy*3, gDz*2)), rgb(0.17104236309775792,0.452855969228214,0.5579706773847358)  );
  draw(  ellipsoid( (-0.9660609011715791,-0.22366526097711514,0.12922920049120293), (-0.04706063391334181,0.6442987974511709,0.763324541947034), (0.25399140135687837,-0.7313363867845042,0.6329577058554191), 0.2997733962664673, 0.4850057682273075, 0.7550207366297546,  (gDx*3, gDy*3, gDz*3)), rgb(0.16546448169553277,0.46656240366739715,0.5581359036017989)  );
