import settings;
import three;
surface ellipsoid(triple v1,triple v2,triple v3,real l1,real l2, real l3, triple pos=O) {
  transform3 T = identity(4);
  T[0][0] = l1*v1.x;
  T[1][0] = l1*v1.y;
  T[2][0] = l1*v1.z;
  T[0][1] = l2*v2.x;
  T[1][1] = l2*v2.y;
  T[2][1] = l2*v2.z;
  T[0][2] = l3*v3.x;
  T[1][2] = l3*v3.y;
  T[2][2] = l3*v3.z;
  T[0][3] = pos.x;
  T[1][3] = pos.y;
  T[2][3] = pos.z;
  return T*unitsphere;
}

size(200);

real gDx=1.5;
real gDy=1.5;
real gDz=1.5;

currentprojection=perspective(up=Y, camera = (gDx*-2.0,gDy*6.0,gDz*14.0), target = (gDx*1.5,gDy*1.5,gDz*0.0) );
currentlight=Viewport;

  draw(  ellipsoid( (-0.7813946189970397,-0.17672949868967405,-0.5984890422517087), (-0.49196884822449005,0.7644816780352318,0.41657462275696144), (-0.3839128830596073,-0.619947133424563,0.6843072774562079), 0.3098579731637656, 0.476061648661047, 0.922738408508432,  (gDx*0, gDy*0, gDz*0)), rgb(0.14970840008097938,0.506335807864881,0.5573338496969911)  );
  draw(  ellipsoid( (-0.6345940191974797,-0.33311652630547534,-0.6973692068775065), (-0.6188159251382682,0.7595751018325355,0.2002810911478225), (-0.46298734496102356,-0.5586403535175977,0.6881596281588128), 0.2651646238107322, 0.43126848792028927, 0.9640476961162521,  (gDx*0, gDy*0, gDz*1)), rgb(0.1346428978600418,0.5460305223577673,0.553872935113908)  );
  draw(  ellipsoid( (0.5039997713042854,0.43616254808076776,0.7454840455549132), (-0.6787730712167925,0.733751274220004,0.029600428568579293), (-0.534089269987847,-0.5209331043735005,0.6658658667116346), 0.2192915820750118, 0.39464895881734996, 0.9649339123701608,  (gDx*0, gDy*0, gDz*2)), rgb(0.12447441185788467,0.5777091538694223,0.5483505135880379)  );
  draw(  ellipsoid( (0.41156320071785757,0.4774208420546198,0.7763279406196392), (-0.6901105858736513,0.7196284155409399,-0.07669630246082325), (-0.5952840591515938,-0.5041867542071031,0.6256457510461555), 0.1883333647500845, 0.36750953040556195, 0.9316189879794494,  (gDx*0, gDy*0, gDz*3)), rgb(0.12080421247694609,0.5949108172339752,0.5440336223863713)  );
  draw(  ellipsoid( (-0.8729833610979862,0.0328234661929878,-0.48664429649708263), (-0.33601285203288167,0.6827378047591561,0.6488177349775336), (-0.3535469056784285,-0.7299258250121899,0.584989637058198), 0.3622655804717351, 0.5613608092349606, 0.8544449261110472,  (gDx*0, gDy*1, gDz*0)), rgb(0.1722577808962094,0.44990862684969085,0.5579089128504882)  );
  draw(  ellipsoid( (-0.7428527650260929,-0.10769123498162618,-0.6607362313368481), (-0.480932069062781,0.7724241053619196,0.41480760166953373), (-0.46569744946701214,-0.6259102166956303,0.6255895509005472), 0.330690469600286, 0.495585669375634, 0.893274484763827,  (gDx*0, gDy*1, gDz*1)), rgb(0.15833266148064176,0.4844094544908046,0.5580377233370911)  );
  draw(  ellipsoid( (0.5715023153831383,0.2753667495288834,0.7730189239375768), (-0.6071249211480826,0.7756448254569694,0.17255270169650122), (-0.5520728517439037,-0.5679333217867432,0.6104648297581357), 0.28333427741388545, 0.43732065213496346, 0.9139893400922166,  (gDx*0, gDy*1, gDz*2)), rgb(0.14304270085334111,0.5235578727696767,0.5562301626842441)  );
  draw(  ellipsoid( (0.4375876557317837,0.3753936855962016,0.8170658629300713), (-0.6577457820291571,0.7532144384688123,0.006204506826838422), (-0.6130966724538753,-0.540136640579596,0.5765109536941808), 0.24107687054355692, 0.4012238405653957, 0.9049976207330419,  (gDx*0, gDy*1, gDz*3)), rgb(0.1327061722828675,0.5514730776187566,0.5531235551223554)  );
  draw(  ellipsoid( (0.9246711581040251,-0.13068535503932235,0.3576375083080734), (-0.3013545301575864,0.3229420205676765,0.8971587922464822), (0.23274169485517965,0.9373525427126727,-0.2592325483924151), 0.40744206243533787, 0.6636337426584622, 0.7897860373664071,  (gDx*0, gDy*2, gDz*0)), rgb(0.1935616945185669,0.40052005797248114,0.5556486952297581)  );
  draw(  ellipsoid( (-0.8346729056398826,0.13557562011009527,-0.5337980815087655), (-0.32042573145615516,0.6687587841918526,0.6708867558590071), (-0.44793804394298053,-0.7310136385854905,0.5147529203322098), 0.3864486922822355, 0.5961687248348564, 0.8146739560277539,  (gDx*0, gDy*2, gDz*1)), rgb(0.18506279584630594,0.4197042505657632,0.5568098166425546)  );
  draw(  ellipsoid( (0.6971431601262065,-0.023755803081367377,0.7165382586500219), (0.43350309899792905,-0.7820753230155065,-0.44769772423967363), (-0.5710223090636983,-0.6227309619331212,0.5349202478887968), 0.34890048529685397, 0.5015377452389873, 0.8467594319714148,  (gDx*0, gDy*2, gDz*2)), rgb(0.16874323426119786,0.45847496390972153,0.5580608840910642)  );
  draw(  ellipsoid( (0.509739742249272,0.1690288736651643,0.8435606884149661), (-0.5697082331261782,0.8010422823830728,0.1837492610672634), (-0.6446688485415546,-0.5742477703065144,0.5046202275158052), 0.30122368023644347, 0.43333175719269884, 0.8647737186175173,  (gDx*0, gDy*2, gDz*3)), rgb(0.15203943811982526,0.5003755259532807,0.5575985055480057)  );
  draw(  ellipsoid( (-0.9684587656500404,0.09123455305003114,-0.23187038527022272), (0.24791429759414096,0.44625470124410016,-0.8598809467978358), (-0.025022395648779425,0.8902432240389704,0.45479762726810213), 0.455793600830527, 0.6807575886355562, 0.8233706195392713,  (gDx*0, gDy*3, gDz*0)), rgb(0.2062084497523163,0.37293642978292635,0.5532399254738458)  );
  draw(  ellipsoid( (-0.8887564283147789,0.2311890849139324,-0.3958075519059936), (0.41107796290713344,0.019968580473702178,-0.9113814592178112), (0.20279773061175602,0.9727038926675086,0.11278394233310811), 0.4392397440845381, 0.6932964842342282, 0.7667244519309555,  (gDx*0, gDy*3, gDz*1)), rgb(0.20787282382535882,0.3693616442183249,0.5528525992871941)  );
  draw(  ellipsoid( (0.7836488995602847,-0.2862302121755889,0.5513317221563367), (-0.2682018686864921,0.6446458902476788,0.7158906577263398), (-0.5603232637067898,-0.708875124281205,0.4284085647186307), 0.40803603683703493, 0.617434315904755, 0.7804725440341082,  (gDx*0, gDy*3, gDz*2)), rgb(0.19786708912504877,0.3910229272802027,0.5549268784036283)  );
  draw(  ellipsoid( (-0.6502603468921466,0.19542979954019574,-0.7341448594871341), (-0.3638743218339409,0.7681744611868713,0.5267859860419121), (-0.6669010115223956,-0.6096845008952902,0.4284015058312312), 0.36258077458428045, 0.5004195890385938, 0.8219062631544392,  (gDx*0, gDy*3, gDz*3)), rgb(0.17597404987515913,0.44097352295813924,0.5576749077212269)  );
  draw(  ellipsoid( (0.5677591065213631,0.46012325824279554,0.6825951832426722), (-0.7478797911987347,0.6348085185433646,0.19414933093192904), (-0.3439846143050593,-0.6207291937784243,0.7045352036006342), 0.22710932659768782, 0.39516607671329496, 0.9919167677627547,  (gDx*1, gDy*0, gDz*0)), rgb(0.12459703650236517,0.5772569524777645,0.5484485887541439)  );
  draw(  ellipsoid( (0.4745917854845687,0.5110021013153302,0.7166864653402394), (0.7768974343194855,-0.625925373018695,-0.06817480443102032), (-0.41375477483452644,-0.5891470782943123,0.694055261804783), 0.18851372009064657, 0.3797541984424133, 0.9999999999999986,  (gDx*1, gDy*0, gDz*1)), rgb(0.1196721935192836,0.6048562479759098,0.5410558262822709)  );
  draw(  ellipsoid( (0.4029833836297168,0.5258562987406171,0.7490524318051194), (-0.7783197968045449,0.6274899372795191,-0.021786980402924296), (-0.48147968432788163,-0.5742225454366656,0.6621523857026869), 0.15858877567566995, 0.36125237459257453, 0.9737840762825734,  (gDx*1, gDy*0, gDz*2)), rgb(0.12030933076459407,0.6236642116943742,0.5343483227023731)  );
  draw(  ellipsoid( (0.3565200234908376,0.5102275675697373,0.7826629556469131), (-0.758962809682877,0.646699049618559,-0.0758669410265462), (-0.5448567943674425,-0.566963992255524,0.6178049086218987), 0.1444403748309066, 0.3444326051021412, 0.9329734733738161,  (gDx*1, gDy*0, gDz*3)), rgb(0.12146654668736746,0.6298319650455497,0.5318267435272492)  );
  draw(  ellipsoid( (-0.6633905252644481,-0.32066161999797993,-0.6760836756272339), (-0.6724282660506409,0.6518358018438405,0.35064271623794774), (-0.3282578833866565,-0.6872308294124096,0.6480436320955894), 0.28641074056864874, 0.42012763515014967, 0.9773886563966503,  (gDx*1, gDy*1, gDz*0)), rgb(0.13784466036958726,0.5372924719244146,0.5549272540776168)  );
  draw(  ellipsoid( (0.515856201975624,0.42543820409335503,0.7435689029142525), (-0.7558589866517269,0.6345493189220176,0.1613206563135308), (-0.40319917061064103,-0.645251498528616,0.6489074914542646), 0.2441802537687079, 0.4056467836015691, 0.9923485339600036,  (gDx*1, gDy*1, gDz*1)), rgb(0.12785360057189954,0.56604275322405,0.5507215548534784)  );
  draw(  ellipsoid( (0.4113412300427717,0.47264112598274005,0.7793643297564158), (-0.7795034780835218,0.6255781340435306,0.03203632098582628), (-0.47241160032602014,-0.6206950654197138,0.6257514807341857), 0.2083067092368332, 0.38948904472057067, 0.9757000384026853,  (gDx*1, gDy*1, gDz*2)), rgb(0.12223558974286367,0.5871317630803745,0.5461105958965609)  );
  draw(  ellipsoid( (0.3414099918016,0.47515104658526763,0.8109689885729024), (-0.7744339565277873,0.6311396050686312,-0.04375895211873341), (-0.5326267590674993,-0.6131021789577479,0.5834504723474939), 0.1837422746267087, 0.3747564083119368, 0.9353768932472154,  (gDx*1, gDy*1, gDz*3)), rgb(0.12028147671718153,0.5986290459351747,0.5429630324128398)  );
  draw(  ellipsoid( (-0.8453834097871431,-0.05638289722547262,-0.5311759212889127), (-0.438538395460719,0.6410171863929177,0.6299055821753333), (-0.30497699284274155,-0.7654527651327474,0.5666313600456909), 0.34280125989338833, 0.4686694978756157, 0.9237939316361019,  (gDx*1, gDy*2, gDz*0)), rgb(0.15705693914960295,0.4876326502122452,0.5579775314013156)  );
  draw(  ellipsoid( (-0.6460452666925399,-0.23566266292171026,-0.7260086932598074), (-0.652089545183571,0.6647811127393431,0.3644794880474407), (-0.3967426602300895,-0.7088929266466757,0.5831518499532199), 0.3109958078249481, 0.43187395913398685, 0.9480759503788883,  (gDx*1, gDy*2, gDz*1)), rgb(0.14600963098208178,0.5158542089978458,0.5567929066688969)  );
  draw(  ellipsoid( (0.4536644769352041,0.36951384929948444,0.8109550280644331), (-0.7556099560837487,0.641952154961847,0.13019610211890448), (-0.47248506498536313,-0.6718310397084365,0.5704392320397136), 0.26466729489792223, 0.4086161667419942, 0.9523633831028904,  (gDx*1, gDy*2, gDz*2)), rgb(0.13473454930749235,0.5457754500754446,0.5539067415435044)  );
  draw(  ellipsoid( (0.3470713514832625,0.4040987603416247,0.8463129851715285), (-0.7734396304225513,0.6337016827101762,0.014605321705398097), (-0.5304079704071281,-0.6596410912160137,0.5324856953082757), 0.22707676395733717, 0.39420735821303776, 0.9295605426644535,  (gDx*1, gDy*2, gDz*3)), rgb(0.12782173942568398,0.5661438526750906,0.5507030858169555)  );
  draw(  ellipsoid( (0.9436627189694977,-0.10533239987594344,0.3136969211890177), (-0.2265126603076639,0.48546412142920753,0.844403103692373), (0.2412316056146861,0.8678880528854755,-0.4342552706775344), 0.38282603299505474, 0.5617264190516948, 0.8689361647247125,  (gDx*1, gDy*3, gDz*0)), rgb(0.17646038774766346,0.439816702848004,0.5576380173642733)  );
  draw(  ellipsoid( (-0.8493717857615789,0.06922701060808381,-0.5232353108826416), (-0.37712812918262845,0.6139520866997705,0.6934242636483152), (-0.36924509980688575,-0.7863017590208394,0.4953661272526985), 0.36822119402651743, 0.4960337688438773, 0.8913291480672998,  (gDx*1, gDy*3, gDz*1)), rgb(0.16791625807470034,0.4605050576289693,0.5580871427774924)  );
  draw(  ellipsoid( (-0.6282711889552798,-0.11858149937106377,-0.7689042470526674), (-0.6206575954640378,0.6723165616728487,0.4034533307499114), (-0.4691049587475255,-0.7307043649160098,0.4959956338226912), 0.3344927655518424, 0.43449050221178326, 0.9091909286629407,  (gDx*1, gDy*3, gDz*2)), rgb(0.154978226825075,0.49289915549298857,0.5578507696049534)  );
  draw(  ellipsoid( (0.384430474445225,0.28495987580366505,0.8780723657534037), (-0.7518523109848272,0.6485599295409954,0.11869338760248589), (-0.535659698675002,-0.7058100927131453,0.4635739425805415), 0.28254941589570365, 0.40676256093243635, 0.9136493970576137,  (gDx*1, gDy*3, gDz*3)), rgb(0.14176081057045556,0.5269110721310178,0.5559496626943469)  );
  draw(  ellipsoid( (0.46846585867738655,0.5433654578071054,0.696630259546435), (-0.8393505347032236,0.5198214232069774,0.15898543288139624), (-0.2757361404442136,-0.659196228172725,0.6995926769312136), 0.1860220386956587, 0.38020197695975794, 0.9368063919890286,  (gDx*2, gDy*0, gDz*0)), rgb(0.12049143028962586,0.5969946927560202,0.5434428628817876)  );
  draw(  ellipsoid( (0.4258422018744109,0.5393869039655145,0.7264435194378502), (-0.8360442970710696,0.541562311824072,0.08797838226921333), (-0.34596004456829166,-0.6448038695931217,0.6815714322945482), 0.1618528343608088, 0.3732921392576134, 0.9499537548751465,  (gDx*2, gDy*0, gDz*1)), rgb(0.11964906062184284,0.6176407993705035,0.5366579651093581)  );
  draw(  ellipsoid( (0.3939591122785458,0.5151572550546629,0.7611893459693491), (-0.8203242978212999,0.5706087647530645,0.03838859193788114), (-0.4145651507986307,-0.6395456513428319,0.6473925359407393), 0.1509233848359309, 0.36411380472808713, 0.9483448206189697,  (gDx*2, gDy*0, gDz*2)), rgb(0.1207347731643691,0.6263058664073429,0.5332904105875752)  );
  draw(  ellipsoid( (0.3690412179845509,0.4819553928784983,0.7946870948391017), (-0.7998262558873761,0.6001855750722938,0.007432083713302253), (-0.47337779819258635,-0.6383543488928951,0.606973793032176), 0.16088348008193432, 0.36405362059090596, 0.9361108360671183,  (gDx*2, gDy*0, gDz*3)), rgb(0.11958717553924898,0.6165884664613959,0.5370433143505098)  );
  draw(  ellipsoid( (-0.46716911676492384,-0.48978457785495,-0.7361141783966189), (0.8464858466289709,-0.488222068683769,-0.21236977917532368), (-0.25537174432171533,-0.722322835680549,0.6426779856635008), 0.22322663521009442, 0.39330966552023056, 0.9814811474055233,  (gDx*2, gDy*1, gDz*0)), rgb(0.12437914636916188,0.5780646830790113,0.5482726772991784)  );
  draw(  ellipsoid( (0.40084523043363485,0.5053579940180565,0.7641573130714986), (-0.8571707991322349,0.5013069298958226,0.11810835344475253), (-0.3233903559996976,-0.7023565048609373,0.6341246074123895), 0.1920382222133771, 0.3896483299054795, 0.9897015526980539,  (gDx*2, gDy*1, gDz*1)), rgb(0.12005235954484561,0.6005161935463936,0.5424034640838291)  );
  draw(  ellipsoid( (0.3530316754836477,0.49164681188131454,0.796022643190599), (-0.8505620677906583,0.5230792287910055,0.05415061627614511), (-0.38975993244674134,-0.6961835481928207,0.6028396654872389), 0.16900630951407064, 0.3790492843823264, 0.9731040490241332,  (gDx*2, gDy*1, gDz*2)), rgb(0.11950736204487708,0.6152312675501549,0.5375403011557423)  );
  draw(  ellipsoid( (0.3214125382987487,0.45913448862758277,0.828184461081614), (0.8299114344029767,-0.5577465675245371,-0.012875459672983968), (-0.45600547285262827,-0.6914580882217554,0.5603077020362702), 0.15665695320358594, 0.3671216900278457, 0.9334999225029383,  (gDx*2, gDy*1, gDz*3)), rgb(0.11981165954747516,0.6195726523528305,0.5359338166858307)  );
  draw(  ellipsoid( (0.5198354213996126,0.3936751077272859,0.7581497505204343), (-0.8193406403445833,0.4809340622107139,0.3120630431262717), (-0.24176858716139246,-0.7834043255952898,0.5725605757477312), 0.27368187439553493, 0.4009141348711637, 0.9894195426292738,  (gDx*2, gDy*2, gDz*0)), rgb(0.13360674370607148,0.5489211119460746,0.5534861408454775)  );
  draw(  ellipsoid( (0.390934948744651,0.4525175494703886,0.8014971823227649), (-0.8676797755670517,0.4717179219404018,0.15688852473058615), (-0.30708577453527286,-0.7567761026496164,0.5770513474003234), 0.23650387209410667, 0.4000117738538321, 0.9982640414261258,  (gDx*2, gDy*2, gDz*1)), rgb(0.12600806611563428,0.5721812354710932,0.5495237902901831)  );
  draw(  ellipsoid( (0.32378758397435053,0.4549893882140026,0.8295458137298388), (-0.8707931215122553,0.48616445579380496,0.07323565695517371), (-0.36997424233451126,-0.7460755850015205,0.5536156441735036), 0.20496903382783027, 0.39585181937146957, 0.9884191164728838,  (gDx*2, gDy*2, gDz*2)), rgb(0.12144269925783083,0.5911494362139842,0.5450647110851975)  );
  draw(  ellipsoid( (0.2819111179076947,0.4266071776667588,0.8593791000270117), (-0.8595284854002546,0.5102842947658837,0.028648233816919225), (-0.42630611582004996,-0.74673707185226,0.5105358372689764), 0.18324912098316465, 0.3884015677999452, 0.9566369776149175,  (gDx*2, gDy*2, gDz*3)), rgb(0.11991608317851196,0.6019332367793713,0.5419684576037247)  );
  draw(  ellipsoid( (-0.7133189142500616,-0.19685678734593698,-0.67262436162315), (-0.6656050508144967,0.4907689655047687,0.5622417085450088), (-0.21942206567103756,-0.8487598174826703,0.48110365756605844), 0.33098330906611007, 0.41541925868086677, 0.9685543264201906,  (gDx*2, gDy*3, gDz*0)), rgb(0.1471049180926225,0.5130277872593898,0.556969483173744)  );
  draw(  ellipsoid( (0.4491956530472401,0.3460480869388356,0.8236953240181928), (-0.8436984608002998,0.46761089655851495,0.2636530990960414), (-0.29393225839752307,-0.8133823030689284,0.5020090203647917), 0.2931659116414295, 0.4064671448314865, 0.9821741544282269,  (gDx*2, gDy*3, gDz*1)), rgb(0.13820479975349256,0.5363300079209494,0.5550297774171162)  );
  draw(  ellipsoid( (0.30551677648282727,0.3992531930224167,0.8644399268595516), (-0.8825709112859916,0.4594861438648524,0.09970491536540413), (-0.35739066277584325,-0.793391058342362,0.49274997991175024), 0.2507275086014716, 0.40537134716688544, 0.984168124262595,  (gDx*2, gDy*3, gDz*2)), rgb(0.12959457003936226,0.5606172471304226,0.5516855091154445)  );
  draw(  ellipsoid( (0.2440277632297865,0.38334907041661415,0.8907827686836928), (0.8794801529440999,-0.4745166976646033,-0.03672280238356102), (0.40861364557548674,0.7923871489670928,-0.4529431474272604), 0.21913590833267943, 0.40408512868089763, 0.9675471126819459,  (gDx*2, gDy*3, gDz*3)), rgb(0.1244520491685627,0.5777916204834985,0.5483326279135952)  );
  draw(  ellipsoid( (0.45296912486307717,0.5624645076169983,0.6917027176410003), (-0.8747110390198191,0.43036602025201703,0.2228579970055129), (-0.17233563223444545,-0.7059877947129175,0.6869364334337971), 0.19327944991867768, 0.37375613389281903, 0.8669437717272132,  (gDx*3, gDy*0, gDz*0)), rgb(0.12398087602680447,0.5796393893146197,0.5479128665392374)  );
  draw(  ellipsoid( (0.4319971969904214,0.5273265933569665,0.7316454645051491), (-0.8679694027907148,0.46344188178106643,0.17846775067320653), (-0.24496435988026663,-0.7121434449250805,0.6579089422090949), 0.19365106949854108, 0.3840668397852585, 0.9014359979203013,  (gDx*3, gDy*0, gDz*1)), rgb(0.12263157338304345,0.5852610672775588,0.5465834984412399)  );
  draw(  ellipsoid( (-0.3992208544727489,-0.5010954173072931,-0.7678060250529934), (0.8644518371235951,-0.48477851695207963,-0.13308948416529215), (-0.305525335525042,-0.7168634265014306,0.6267065478331453), 0.21803690651284002, 0.4060215620696478, 0.9355893300556074,  (gDx*3, gDy*0, gDz*2)), rgb(0.12581222543230605,0.5728627018715319,0.5493841682732682)  );
  draw(  ellipsoid( (0.371258626932215,0.4799740197283696,0.7948534281955366), (-0.8605307797959395,0.49941370170876287,0.10036299900532589), (-0.348789060826453,-0.7212564695940975,0.5984440626461754), 0.262229301652495, 0.44331534876062584, 0.962287195205354,  (gDx*3, gDy*0, gDz*3)), rgb(0.13436593296741323,0.5468013347044478,0.5537707742162492)  );
  draw(  ellipsoid( (0.4057966564114221,0.5326967574216167,0.7426730359167522), (-0.9002537495446193,0.37318381454744354,0.22422539327799876), (-0.157709416574168,-0.7595841001444898,0.6309989974092837), 0.20751866580542067, 0.38156463027079524, 0.9138420653387112,  (gDx*3, gDy*1, gDz*0)), rgb(0.12455612104896188,0.577407835891516,0.5484158645827032)  );
  draw(  ellipsoid( (0.3738652918972397,0.5131492227583732,0.7725947312123409), (-0.899306759142514,0.40432801133459256,0.16663196635340435), (-0.22687462721772095,-0.7570975725972785,0.6126427744551703), 0.1850580016708658, 0.38238797479111103, 0.9326140573263845,  (gDx*3, gDy*1, gDz*1)), rgb(0.120492505727059,0.5969863211690672,0.5434453206996844)  );
  draw(  ellipsoid( (0.34890870495183124,0.4774655640916545,0.8064052025597765), (-0.8880119962495973,0.4434323879054266,0.12166516294032857), (-0.29949525893683404,-0.7585475281504315,0.5787125689072504), 0.17620795668027275, 0.3797949155841712, 0.9347313451871123,  (gDx*3, gDy*1, gDz*2)), rgb(0.11971824531674269,0.6041065817686,0.5412966812583623)  );
  draw(  ellipsoid( (0.31730925315424063,0.4486845265592995,0.8354621675988417), (-0.8766481226416104,0.47477132324485855,0.07797601998862265), (-0.36166684522034626,-0.7571488534301452,0.5439877818644264), 0.1857197437576784, 0.3845396915072823, 0.925954454304961,  (gDx*3, gDy*1, gDz*3)), rgb(0.12073241201079085,0.5953644040553299,0.5439067707909341)  );
  draw(  ellipsoid( (0.39213428709421183,0.47240219581250426,0.7893458470636547), (-0.9074479012983496,0.3393966311229264,0.247685754963076), (-0.15089402676824243,-0.8134163092623188,0.5617694371463554), 0.2423416619585062, 0.3931627997455639, 0.9557818904832686,  (gDx*3, gDy*2, gDz*0)), rgb(0.1293473391578604,0.5613735190046513,0.5515551174129911)  );
  draw(  ellipsoid( (-0.3194066674352999,-0.4778920464181545,-0.818290029737711), (0.9245950760405388,-0.34635531847718365,-0.15862515161272198), (-0.20761340553891525,-0.8072528633165922,0.5524848310204518), 0.21046738384491365, 0.3943667090311441, 0.9705414708685254,  (gDx*3, gDy*2, gDz*1)), rgb(0.12278736133537306,0.5845913790437406,0.5467449216637238)  );
  draw(  ellipsoid( (0.28711916658841774,0.45417918142534763,0.8433764612184607), (-0.91815549053571,0.38145594063663923,0.10715344395840261), (-0.2730440978609533,-0.8051165359827225,0.5265304208784902), 0.1863584710867291, 0.39035662600598314, 0.9632508365534336,  (gDx*3, gDy*2, gDz*2)), rgb(0.12004506109511424,0.600592085053346,0.5423801667725398)  );
  draw(  ellipsoid( (0.2627243437244329,0.41923622098668634,0.8690321686953645), (0.9034162779987298,-0.42318111393874974,-0.06896936604377679), (0.3388435448130716,0.8032177387348718,-0.4899248068021777), 0.17395517834924495, 0.38302042435163264, 0.9330308662524115,  (gDx*3, gDy*2, gDz*3)), rgb(0.11963028843254994,0.6055384108701272,0.5408366589702391)  );
  draw(  ellipsoid( (0.41576043007310226,0.38380344850434783,0.8245230001046663), (-0.8965357814314312,0.32533527991492817,0.30063357805775515), (-0.15286221704058087,-0.8642059179147329,0.4793550605163071), 0.2901118531056574, 0.40191141609635506, 0.9701631318778731,  (gDx*3, gDy*3, gDz*0)), rgb(0.13833112264288444,0.5359924129805267,0.5550657386172917)  );
  draw(  ellipsoid( (0.28577140325451705,0.4228775357490465,0.8599472628253187), (-0.9373961860449219,0.30975428154037493,0.1591875480552429), (-0.19905550851553439,-0.8516025333606169,0.48492270487511885), 0.24813003916866194, 0.4070497131994452, 0.9854220127569067,  (gDx*3, gDy*3, gDz*1)), rgb(0.12905056088848155,0.5622813548569123,0.5513985939901875)  );
  draw(  ellipsoid( (0.23420684078430629,0.4131018998113076,0.8800533938927361), (0.9382953465273071,-0.3329832038859541,-0.09340250861216673), (0.25445824493428243,0.8476255106485019,-0.4655985344509056), 0.21640618067729733, 0.40644750122088763, 0.983646886730507,  (gDx*3, gDy*3, gDz*2)), rgb(0.12333819890805192,0.5822234845072773,0.5473156845161611)  );
  draw(  ellipsoid( (0.19956624722924635,0.3847354515914115,0.901194732150376), (0.9288020800780263,-0.3673415956782228,-0.048855379717168905), (0.31224991434677246,0.8467814265637444,-0.4306520714185679), 0.19512489362110816, 0.4015318307367626, 0.9581404924682433,  (gDx*3, gDy*3, gDz*3)), rgb(0.12108616313043816,0.5931296435516231,0.5445317513282184)  );
