import settings;
import three;
surface ellipsoid(triple v1,triple v2,triple v3,real l1,real l2, real l3, triple pos=O) {
  transform3 T = identity(4);
  T[0][0] = l1*v1.x;
  T[1][0] = l1*v1.y;
  T[2][0] = l1*v1.z;
  T[0][1] = l2*v2.x;
  T[1][1] = l2*v2.y;
  T[2][1] = l2*v2.z;
  T[0][2] = l3*v3.x;
  T[1][2] = l3*v3.y;
  T[2][2] = l3*v3.z;
  T[0][3] = pos.x;
  T[1][3] = pos.y;
  T[2][3] = pos.z;
  return T*unitsphere;
}

size(200);

real gDx=1.5;
real gDy=1.5;
real gDz=1.5;

currentprojection=perspective(up=Y, camera = (gDx*-2.0,gDy*6.0,gDz*14.0), target = (gDx*1.5,gDy*1.5,gDz*0.0) );
currentlight=Viewport;

  draw(  ellipsoid( (0.8093104901874928,-0.12285126374932052,-0.5743901961799794), (0.5441002543276708,0.5252116555676329,0.654299342882499), (-0.2212949247340394,0.8420571737424372,-0.4919027062701064), 0.29209995149408496, 0.42966669754362835, 0.7942512831463249,  (gDx*0, gDy*0, gDz*0)), rgb(0.15747070312707157,0.4865856203254639,0.5579993681568091)  );
  draw(  ellipsoid( (0.9004574732845047,-0.08255528793670666,-0.42703742604105926), (0.4033420092672874,0.5259063380112866,0.7488242431971509), (-0.16276228791189204,0.8465265194152193,-0.5068543080219805), 0.30701061280908165, 0.40582006306230833, 0.8664798710792976,  (gDx*0, gDy*0, gDz*1)), rgb(0.15183369819002313,0.5009003730013556,0.5575778215088999)  );
  draw(  ellipsoid( (-0.9856171516648741,-0.04305854501047779,0.16341600914721274), (0.1155164470858549,0.5341479912339613,0.837461565633543), (0.12334820953983158,-0.8442937197221742,0.5214914515512337), 0.3132154118465548, 0.39381519746279786, 0.898610421047304,  (gDx*0, gDy*0, gDz*2)), rgb(0.14895229451846903,0.508273939652931,0.5572378297473549)  );
  draw(  ellipsoid( (0.9779247701859533,0.18351551893800608,0.09992596342124947), (-0.18206903926181767,0.5136760943519705,0.8384436385551411), (0.10253784081513144,-0.8381282267053294,0.5357490707418453), 0.3157416872036297, 0.40232427880439064, 0.8927170767438479,  (gDx*0, gDy*0, gDz*3)), rgb(0.15068844049538102,0.5038262602045883,0.5574531297904125)  );
  draw(  ellipsoid( (0.8762825151159874,-0.07570961320220398,-0.4758119462253673), (0.43971921183285684,0.5293064426900038,0.7255905901208648), (-0.19691614572474708,0.8450460012304813,-0.4971129523129362), 0.30008770810403557, 0.42682445815569037, 0.903863471251623,  (gDx*0, gDy*1, gDz*0)), rgb(0.1475353297791145,0.5119178257973781,0.5570376492852697)  );
  draw(  ellipsoid( (-0.9511826262192267,-0.0007900192963447216,0.30862758698503723), (0.26086660977765425,0.5323200832853513,0.8053470933915324), (0.1649249025520663,-0.8465427956108234,0.5061275251531016), 0.3045070473027552, 0.4005618219083334, 0.9564512842653212,  (gDx*0, gDy*1, gDz*1)), rgb(0.14222040173964287,0.5257070636350243,0.5560526208301502)  );
  draw(  ellipsoid( (-0.9896295568125094,-0.12090238062671797,0.07756258532223129), (0.0034253006694000125,0.519951189311917,0.8541891055547637), (0.14360225485137912,-0.845596461139659,0.5141449380375973), 0.3085274202130774, 0.385999916624151, 0.9571138817722988,  (gDx*0, gDy*1, gDz*2)), rgb(0.14193384533911282,0.5264560364527547,0.555990725984693)  );
  draw(  ellipsoid( (-0.9627066690748065,-0.23281959103637948,-0.137807501060517), (-0.23737021273046383,0.48246332693220595,0.8431396801680027), (0.1298123700853875,-0.8444075889019239,0.5197350982737778), 0.319526102750746, 0.3956418273048269, 0.9099129447918688,  (gDx*0, gDy*1, gDz*3)), rgb(0.1491820695344858,0.5076844154307748,0.5572679210272843)  );
  draw(  ellipsoid( (0.9319357480787261,-0.0005421022973560174,-0.36262303784790684), (0.3085016594502151,0.5267563015117711,0.792057147517844), (0.19058459426041982,-0.8500161792241014,0.49107026736288123), 0.29964638181917186, 0.423036798305608, 0.9745258535142949,  (gDx*0, gDy*2, gDz*0)), rgb(0.1409245965297335,0.5291100939007223,0.555751218761881)  );
  draw(  ellipsoid( (-0.971993183825058,-0.07124484734381425,0.22394959773257833), (0.15498426072647398,0.5220166694150742,0.8387362373117436), (0.17666105831420664,-0.8499545685386658,0.49635481451835956), 0.30379738793543487, 0.4028021129631076, 0.9999999999999999,  (gDx*0, gDy*2, gDz*1)), rgb(0.13859935707340193,0.5352755627958465,0.5551420987456598)  );
  draw(  ellipsoid( (-0.985694334475948,-0.15192300453769952,0.07297999502778793), (-0.01313642001216358,0.5009388768708916,0.8653829649979214), (0.16803009686149012,-0.8520443898832782,0.49576833724749947), 0.31676761959312416, 0.3934372010135473, 0.9754001397735503,  (gDx*0, gDy*2, gDz*2)), rgb(0.1423546814952429,0.5253561051828878,0.5560816130501093)  );
  draw(  ellipsoid( (-0.9726478978302805,-0.22159108970719277,-0.06966674822837025), (-0.16751519762930786,0.4613736632951966,0.8712479563136918), (0.1609183812047282,-0.8590877322951072,0.48587399890352245), 0.3397396756685297, 0.40640473058315696, 0.9110469406649584,  (gDx*0, gDy*2, gDz*3)), rgb(0.15378180068261166,0.49593836587402534,0.5577574010194231)  );
  draw(  ellipsoid( (0.9617240179359453,0.07459779821436699,-0.2636704037746943), (0.18868247655526518,0.5175004141051582,0.8346210184520645), (0.19871043346063508,-0.8524250640980457,0.4836172802240718), 0.29648339941832197, 0.42341927745787855, 0.994628780140133,  (gDx*0, gDy*3, gDz*0)), rgb(0.13868387283115535,0.5350496964279944,0.5551661584239744)  );
  draw(  ellipsoid( (-0.9747775702447642,-0.10880951351844595,0.1948568149067235), (0.11373088529782016,0.509041605539786,0.853195129826027), (0.1920259729231644,-0.8538367136621358,0.48382733710028825), 0.3087612938110881, 0.4114502817738006, 0.9933483256013185,  (gDx*0, gDy*3, gDz*1)), rgb(0.14055335041351422,0.5300863730012018,0.5556631174676817)  );
  draw(  ellipsoid( (-0.9796207348036955,-0.13154582273388302,0.15178574525934155), (0.06878958446486387,0.4902637052458717,0.8688552770097794), (0.18870932412527805,-0.8615899232464681,0.47122350869659063), 0.3334645151949533, 0.4164766133905943, 0.9565650174192912,  (gDx*0, gDy*3, gDz*2)), rgb(0.14876919249997947,0.508744736882036,0.5572121289752067)  );
  draw(  ellipsoid( (-0.9818375173120212,-0.14458204516768763,0.12284592713515219), (0.042645477784239126,0.4627461092129201,0.8854645117862477), (0.18486874485190932,-0.8746211011766369,0.4481757206202123), 0.36466905958998885, 0.43549144425184044, 0.90328473293716,  (gDx*0, gDy*3, gDz*3)), rgb(0.16184846995598978,0.4755737130825497,0.5581350316512523)  );
  draw(  ellipsoid( (0.7523009461558928,-0.09514996524030636,-0.6519123948259589), (0.6068642745501027,0.4852362100517655,0.629493107769558), (-0.25643525242783277,0.8691906031299279,-0.4227867745600683), 0.27639210194347036, 0.4228431845775531, 0.6729669462941539,  (gDx*1, gDy*0, gDz*0)), rgb(0.16887856720734348,0.4581432201219988,0.5580562542797488)  );
  draw(  ellipsoid( (0.8238388836114993,-0.1116674572817145,-0.555715640263971), (0.5370040452280337,0.4675678685001359,0.7021445319554712), (-0.18142808288268636,0.8768755141583532,-0.4451664670783694), 0.2926541365242127, 0.3963660169059015, 0.765049904244337,  (gDx*1, gDy*0, gDz*1)), rgb(0.1598821593327796,0.4805074792295812,0.5580926483290121)  );
  draw(  ellipsoid( (0.9372435534671596,-0.04443992796136487,-0.34583177165645246), (0.3241279070682801,0.47661451996175547,0.8171778871342285), (-0.12851311739969817,0.8779884350971909,-0.4611081071633823), 0.30506788979893296, 0.3732251605149986, 0.8374033203763136,  (gDx*1, gDy*0, gDz*2)), rgb(0.15226370958107363,0.49980399045210494,0.5576197539506274)  );
  draw(  ellipsoid( (-0.9916320185948362,-0.1274067719916547,-0.020819561671584223), (-0.07976409108671526,0.47786797741607046,0.8748027697334891), (0.10150679519441363,-0.8691430898367312,0.48403167243313633), 0.3088946881080406, 0.36962006843924006, 0.8712956232019304,  (gDx*1, gDy*0, gDz*3)), rgb(0.14897620938304273,0.5082124490584055,0.5572411865125639)  );
  draw(  ellipsoid( (0.8150472929583736,-0.08281696106984518,-0.573445081241772), (0.5339356785505854,0.4916542758776829,0.6878871740205055), (-0.22496800086224017,0.8668433676105198,-0.4449404169298405), 0.2882857085771196, 0.4280286192416107, 0.7808289689709021,  (gDx*1, gDy*1, gDz*0)), rgb(0.1579648785203292,0.4853370708992379,0.5580226605537336)  );
  draw(  ellipsoid( (0.8924175115289087,-0.05736522142504696,-0.44754912187089096), (0.41525169669420553,0.4924419496590438,0.76489669538349), (-0.17651349384433418,0.8684527376817088,-0.4632848248151575), 0.2952916401542356, 0.3945278928960554, 0.8616711663590659,  (gDx*1, gDy*1, gDz*1)), rgb(0.14902060824946184,0.5080982894032693,0.5572474184763561)  );
  draw(  ellipsoid( (-0.9744466183986559,-0.04050707993076634,0.22093656186088087), (0.17245203327093545,0.49532501937780266,0.85141847607337), (0.143923883049841,-0.8677628141686311,0.47568226184501966), 0.299558849991521, 0.37133036397343105, 0.9074615246243283,  (gDx*1, gDy*1, gDz*2)), rgb(0.1436943409278597,0.5218599105829635,0.5563637298284019)  );
  draw(  ellipsoid( (-0.9856504702651581,-0.16415544929351142,-0.03932097319902524), (-0.11340047975109833,0.4714020769813694,0.874597286189405), (0.12503392203035796,-0.8665062436502675,0.48325298556430024), 0.30762345841907424, 0.3704066194064703, 0.9055464660540011,  (gDx*1, gDy*1, gDz*3)), rgb(0.14531511356302568,0.5176528184996942,0.5566702297708088)  );
  draw(  ellipsoid( (0.8841969269556182,-0.021021524271695985,-0.466641071788088), (0.41284370389009567,0.5025266998619461,0.7596229275661502), (-0.21853116601654082,0.8643060866632586,-0.45301116767282373), 0.2987055515121543, 0.43572563822832244, 0.8645064659662665,  (gDx*1, gDy*2, gDz*0)), rgb(0.15153324221317938,0.5016679734304073,0.5575451088956097)  );
  draw(  ellipsoid( (0.9378740344634033,0.023218270026335412,-0.3461982198341337), (0.28810560181559225,0.5039075652660763,0.8142925321222654), (-0.19335836594731134,0.8634454688077293,-0.4659125075736715), 0.29961354481145336, 0.40288645583092736, 0.9342568787158192,  (gDx*1, gDy*2, gDz*1)), rgb(0.143360617215639,0.522727215145797,0.5562984463056017)  );
  draw(  ellipsoid( (-0.976129363646158,-0.0905005003601425,0.19743638181021878), (0.12801211516323607,0.49463234573215736,0.859623022566833), (0.17545473433105455,-0.8643775228394521,0.47123999640390407), 0.3056109284039482, 0.3829290048322423, 0.9501618765605309,  (gDx*1, gDy*2, gDz*2)), rgb(0.141791316361717,0.526830849968008,0.5559569020958471)  );
  draw(  ellipsoid( (-0.9870271079541998,-0.15279554182969796,0.049305279235974865), (-0.028744129078695144,0.4703035702102385,0.8820364657376761), (0.15795968855083212,-0.869176664576582,0.4685943475421486), 0.3204215535516326, 0.383697680041174, 0.9135951263574928,  (gDx*1, gDy*2, gDz*3)), rgb(0.14800950451430026,0.5106980686999626,0.5571054967928593)  );
  draw(  ellipsoid( (0.9320692985615221,0.0560606927267378,-0.35791622121668476), (0.2811152275161332,0.5112641099370805,0.8121473011398842), (-0.22851925857044464,0.8575932652611278,-0.46077406593814657), 0.30452766479232435, 0.4480960460366684, 0.9145548908709319,  (gDx*1, gDy*3, gDz*0)), rgb(0.14837965143817516,0.509746336176424,0.5571574517730958)  );
  draw(  ellipsoid( (-0.953273690934432,-0.08956571386106706,0.2885260006876371), (0.206054792265643,0.5056616478310889,0.8377635230165554), (0.22093142093556487,-0.8580700908511527,0.46357850082816277), 0.3064677533639593, 0.4206835506274891, 0.9589725223392039,  (gDx*1, gDy*3, gDz*1)), rgb(0.14353053386389414,0.5222856238565464,0.5563316856499284)  );
  draw(  ellipsoid( (-0.9636874354003245,-0.10453209161312232,0.24572254409095481), (0.16460106097081367,0.4920519766496396,0.8548633475605707), (0.21026891729123529,-0.864267258490201,0.4569782142761334), 0.31889946034450994, 0.4104851260517296, 0.9544709633461114,  (gDx*1, gDy*3, gDz*2)), rgb(0.14580398013121557,0.5163867882597655,0.5567565812898909)  );
  draw(  ellipsoid( (-0.9710291349330565,-0.10783277695485437,0.21324753533245114), (0.13904200295586092,0.47081270770978084,0.8712076191545888), (0.19434438639997514,-0.8756183452127925,0.44217957099082283), 0.3391688721559421, 0.41867872936452777, 0.9131232828859641,  (gDx*1, gDy*3, gDz*3)), rgb(0.15442868799441153,0.49429462120234646,0.5578091163386297)  );
  draw(  ellipsoid( (-0.6887678070487404,0.007537416939443798,0.7249428221033367), (-0.6861413615294818,-0.32968243793551655,-0.6484747659819643), (-0.23411309226896784,0.9440617974808508,-0.2322463833205741), 0.27484266060818524, 0.43732689946923464, 0.5600068516217802,  (gDx*2, gDy*0, gDz*0)), rgb(0.18851418129183434,0.41183684903340634,0.5563793977154282)  );
  draw(  ellipsoid( (-0.7277042615931267,0.0769970268353589,0.6815555483727774), (-0.6617758693588569,-0.3399912158603358,-0.6681756295107893), (-0.18027536269144329,0.937271268628419,-0.29836783105781123), 0.2875332086947958, 0.41020205380431995, 0.6522043101377748,  (gDx*2, gDy*0, gDz*1)), rgb(0.1763289401895996,0.4401293685629183,0.5576479881019267)  );
  draw(  ellipsoid( (0.7919509385980961,-0.10663033672990363,-0.6012018647197146), (0.5955948968063302,0.35174485289303103,0.7221788402892436), (-0.13446348854559903,0.9300029729802628,-0.3420731507967562), 0.30302899357103436, 0.37857752654283133, 0.7267933080707227,  (gDx*2, gDy*0, gDz*2)), rgb(0.1669286746154949,0.46293965701150364,0.5581113578788779)  );
  draw(  ellipsoid( (-0.9537423172378663,0.02178885492185798,0.29983468463628327), (0.2838289950128451,0.39397392477651694,0.8742000046821012), (0.09907923041558016,-0.9188633154051704,0.3819339127426036), 0.3164478760111472, 0.34989061213159267, 0.7764900413390199,  (gDx*2, gDy*0, gDz*3)), rgb(0.1597754884708174,0.4807755704441795,0.5580896026619813)  );
  draw(  ellipsoid( (-0.7498566300894762,0.03814053346270871,0.6605000636018398), (-0.6228304325150028,-0.37742709991517825,-0.6852963129791322), (-0.223153056541982,0.9252535241525958,-0.30677129819977156), 0.2884062549890989, 0.448564369490783, 0.6360313973649184,  (gDx*2, gDy*1, gDz*0)), rgb(0.17967636301219692,0.4322122176713562,0.5573695715988788)  );
  draw(  ellipsoid( (0.7939338063989185,-0.08091527844939479,-0.6025959083584796), (0.5833449704725814,0.3807715054757542,0.7174410819308238), (-0.1713994063037202,0.921122021412573,-0.34950889142845487), 0.29510426492080694, 0.4121268892871659, 0.7270522424914636,  (gDx*2, gDy*1, gDz*1)), rgb(0.1666863745476601,0.46353697725825344,0.5581172989673536)  );
  draw(  ellipsoid( (0.8616951968559367,-0.07859858129149092,-0.5013019556458697), (0.48928213296895195,0.3905225452911022,0.7798045498563804), (-0.1344781843748709,0.9172319252175666,-0.3749682830439324), 0.3036888119716472, 0.3760981604601703, 0.7997839679417917,  (gDx*2, gDy*1, gDz*2)), rgb(0.15671704049719998,0.4884927638686345,0.5579595929529022)  );
  draw(  ellipsoid( (-0.9720713865573597,-0.01971582536480707,0.2338557368691995), (0.2048869242807244,0.41465151396812866,0.8866146120060979), (0.11444897419914417,-0.9097666778873158,0.3990313573024562), 0.3134512375052132, 0.35140620473341605, 0.8327490408439273,  (gDx*2, gDy*1, gDz*3)), rgb(0.15229517851902782,0.49972379471464906,0.5576227354475152)  );
  draw(  ellipsoid( (-0.8132049213438906,0.02959072390112078,0.5812246940393057), (-0.5390579625163745,-0.4147147604195272,-0.7330949328278494), (-0.21934964998780462,0.9094702065209068,-0.353199199462636), 0.3035520217044473, 0.46466275946337554, 0.7097952642362955,  (gDx*2, gDy*2, gDz*0)), rgb(0.1732039972226254,0.44762232823589887,0.5578559937352384)  );
  draw(  ellipsoid( (0.8596507169171115,-0.04192406589700914,-0.5091591279772558), (0.47623727524825893,0.42651948427472586,0.7689468038805649), (-0.1849289122014449,0.9035062270027171,-0.38662358334600494), 0.3051105043788345, 0.42075252477446934, 0.7925084580794333,  (gDx*2, gDy*2, gDz*1)), rgb(0.16091492674190983,0.4779135756272511,0.558119230310459)  );
  draw(  ellipsoid( (0.9115007764098396,-0.020685919408871406,-0.4107778320971925), (0.37926165382502136,0.42871442726145864,0.8199783764196402), (-0.15914437640761744,0.9032032067016199,-0.39861890931281935), 0.3090046131414135, 0.3849921830361391, 0.8507759992178396,  (gDx*2, gDy*2, gDz*2)), rgb(0.15254262713097017,0.4990931943446577,0.5576461797489232)  );
  draw(  ellipsoid( (-0.9567716126504211,-0.01935444199406937,0.2901956009339401), (0.25484166968974703,0.42504399901143014,0.8685581859001235), (0.14015635774396487,-0.9049657476830102,0.4017377140678679), 0.31830415990653693, 0.36515798383302983, 0.8652369697665243,  (gDx*2, gDy*2, gDz*3)), rgb(0.15097286918315014,0.5030996060535887,0.5574840974075969)  );
  draw(  ellipsoid( (0.8719692701632752,0.012779907554851285,-0.48939377382003424), (0.43313080609363913,0.4457990123090899,0.7833651418316457), (-0.22818259509349045,0.8950418507461703,-0.38318766774163093), 0.3176944759261205, 0.48293857138140533, 0.7643626901140527,  (gDx*2, gDy*3, gDz*0)), rgb(0.1701171190510402,0.45511283902059985,0.5580099851383545)  );
  draw(  ellipsoid( (0.9026229636374138,0.01925087105838093,-0.4300013831116197), (0.3746665036631344,0.45663779509602614,0.806911974829152), (-0.2118886418552313,0.8894443928955499,-0.40495910336651586), 0.31461151689190403, 0.4403203254872703, 0.8358054057548647,  (gDx*2, gDy*3, gDz*1)), rgb(0.15893641000878878,0.48288668943175805,0.5580624502392678)  );
  draw(  ellipsoid( (0.9221950275515224,0.02602152491347084,-0.385848689774145), (0.33315431210789953,0.4531919751888743,0.8268163266096763), (-0.19637855148452252,0.8910330599172986,-0.40926220281288683), 0.3195881631563291, 0.40892795003276816, 0.8732128750159677,  (gDx*2, gDy*3, gDz*2)), rgb(0.15405954089249524,0.4952326262779945,0.5577796049231767)  );
  draw(  ellipsoid( (0.9337783295859902,0.02275397001604652,-0.35712783151710104), (0.31240011222403336,0.43492363559768243,0.8445398753646306), (-0.17453996985793663,0.9001798087310131,-0.39901392315931455), 0.32876447078052184, 0.3945310405015647, 0.8733564774115872,  (gDx*2, gDy*3, gDz*3)), rgb(0.15481712378954368,0.49330761535420853,0.5578401401263204)  );
  draw(  ellipsoid( (-0.5924725631858699,-0.13489347585220385,0.7942166027252744), (0.7568314045931824,-0.4309858695714843,0.49138315523756226), (-0.2760117513684456,-0.8922191044817531,-0.35743892164158847), 0.2837870837699619, 0.4482034118507312, 0.5044881706488052,  (gDx*3, gDy*0, gDz*0)), rgb(0.20557457666965043,0.37430064233212856,0.5533822304940235)  );
  draw(  ellipsoid( (-0.6528824778507546,-0.037449600596526876,0.7565328793453855), (-0.7563520236336206,-0.021751030234750158,-0.6538031118227061), (-0.04094003493875083,0.9990617699115942,0.014124214679983569), 0.29081755761534445, 0.4413319033468895, 0.5418464699957017,  (gDx*3, gDy*0, gDz*1)), rgb(0.201331270682733,0.38346997901341767,0.5542753333980656)  );
  draw(  ellipsoid( (-0.6981452869016607,0.03757064023688827,0.7149696534603326), (-0.7107184461150085,-0.1569399281350346,-0.685747146774114), (-0.08644332668787241,0.9868932596533228,-0.13626901820286716), 0.30037532278602164, 0.4130893757774702, 0.6002442985554167,  (gDx*3, gDy*0, gDz*2)), rgb(0.19259299152594878,0.4026742133364443,0.5557993082595915)  );
  draw(  ellipsoid( (-0.7467902935587943,0.09439653728569739,0.6583263257646922), (-0.6613886173149441,-0.2092738531504321,-0.7202565871089258), (-0.06978075904284681,0.9732901664642675,-0.218716477503097), 0.312805009328462, 0.3800498028020329, 0.6544337801659236,  (gDx*3, gDy*0, gDz*3)), rgb(0.1830306792995618,0.42439072593323124,0.5570369649471846)  );
  draw(  ellipsoid( (-0.6583957807494711,-0.07642552759025534,0.7487817670215036), (0.7399557891392831,-0.24781787332233318,0.6253412922406907), (-0.13776946690234088,-0.9657874716491961,-0.21971375376816446), 0.3018822847326422, 0.47252374756300586, 0.5370362300613419,  (gDx*3, gDy*1, gDz*0)), rgb(0.20601741664241602,0.3733475684997545,0.5532828125616595)  );
  draw(  ellipsoid( (0.7115309630541412,-0.01404188164586262,-0.702514422752366), (0.6982836905928788,0.1254766092227534,0.7047379002082612), (-0.07825328151096857,0.9919972006501853,-0.0990857095395753), 0.30293122403249584, 0.4542506119189833, 0.5939988354378817,  (gDx*3, gDy*1, gDz*1)), rgb(0.19474311680330617,0.39790156570178353,0.5554593972976389)  );
  draw(  ellipsoid( (-0.7518626823219103,0.06692603885714568,0.6559141805561105), (-0.6523520525763762,-0.2197618784381521,-0.725356130659088), (-0.09559971982747305,0.9732551680357144,-0.2088900942138757), 0.3062771127647092, 0.4181613646583223, 0.6549222485343973,  (gDx*3, gDy*1, gDz*2)), rgb(0.18315670255173452,0.4240989997569167,0.5570234569737482)  );
  draw(  ellipsoid( (-0.8000102978596549,0.09665048086294609,0.5921504942727546), (-0.5943421279768709,-0.26271448552812715,-0.7600911353289265), (-0.08210333872888956,0.9600207204236025,-0.2676177462854745), 0.31365875022021017, 0.3807620954626723, 0.7037128135302904,  (gDx*3, gDy*1, gDz*3)), rgb(0.17383008220613355,0.44611368487049363,0.5578185494243277)  );
  draw(  ellipsoid( (-0.7315752981533262,-0.02869790838864906,0.6811563793916845), (-0.6817397272050101,0.022966503230824973,-0.7312342197133468), (-0.0053411124599826625,0.9993242565771459,0.036366230684862215), 0.320414346649453, 0.5010773531827242, 0.5737030694943646,  (gDx*3, gDy*2, gDz*0)), rgb(0.20524328602243735,0.37501364130735015,0.553456605512502)  );
  draw(  ellipsoid( (-0.771065932657122,0.03593361757542586,0.6357405938144471), (-0.626884100203286,-0.21795686055675717,-0.7480047672632568), (-0.11168550670485239,0.9752966636178889,-0.19058532348503424), 0.3159886207493536, 0.46761950272432706, 0.6416003276636256,  (gDx*3, gDy*2, gDz*1)), rgb(0.1902895388925254,0.40783048700390495,0.5561363807274423)  );
  draw(  ellipsoid( (-0.8023953932306386,0.06714928041950026,0.5930030413593108), (-0.5860169701450179,-0.2766245397411109,-0.7616186543901561), (-0.11289704878473096,0.9586291452653432,-0.26131287420166577), 0.31504482246155663, 0.4266209893091753, 0.7044124945532606,  (gDx*3, gDy*2, gDz*2)), rgb(0.17732070127705116,0.4377703312860029,0.5575727597008557)  );
  draw(  ellipsoid( (0.8378268243327072,-0.07656574457783745,-0.5405403770171223), (0.5358162542875496,0.30508019750188164,0.7872909339840468), (-0.10462864841825575,0.9492437831502792,-0.2966295435062309), 0.31746029247638746, 0.39043586317240003, 0.7457990116999025,  (gDx*3, gDy*2, gDz*3)), rgb(0.16877955300952943,0.4583859351884824,0.5580596416075687)  );
  draw(  ellipsoid( (-0.7945495453966549,-0.009128493919759787,0.6071307029863717), (-0.594826992322102,-0.18911621630193298,-0.7812911787142373), (-0.12195027312397007,0.981912280873601,-0.1448323291071148), 0.3389848274924015, 0.5297839375926938, 0.6093066253408151,  (gDx*3, gDy*3, gDz*0)), rgb(0.20478232705410582,0.3760063649973913,0.5535587085841254)  );
  draw(  ellipsoid( (-0.8283327524951827,0.02418985340971037,0.5597139467047174), (-0.538515933820805,-0.309870534444816,-0.7835692955342177), (-0.15448443340628562,0.9504709900227888,-0.2697025342117471), 0.32996156284306993, 0.4871224895555082, 0.677565739786476,  (gDx*3, gDy*3, gDz*1)), rgb(0.1888302532749715,0.4111202697619441,0.556338114081697)  );
  draw(  ellipsoid( (0.8497138493162839,-0.038861624309119325,-0.525809992712349), (0.5066047270533895,0.3364792106590092,0.7938094175061484), (0.14607540794830584,-0.9408886836126507,0.3055985278799443), 0.3265484286129181, 0.4460468792294604, 0.7399823317061612,  (gDx*3, gDy*3, gDz*2)), rgb(0.17583893601242725,0.441294944613496,0.5576851409359734)  );
  draw(  ellipsoid( (0.8584911525521064,-0.05146566713081414,-0.5102393811697957), (0.4954965588911387,0.33972263727074953,0.7994195956147481), (-0.13219720540463942,0.9391165075924215,-0.3171499393829625), 0.32622553966109225, 0.41662476321632597, 0.7766207599471577,  (gDx*3, gDy*3, gDz*3)), rgb(0.16844032939724282,0.45921747938544294,0.5580712466258838)  );
