import settings;
import three;
surface ellipsoid(triple v1,triple v2,triple v3,real l1,real l2, real l3, triple pos=O) {
  transform3 T = identity(4);
  T[0][0] = l1*v1.x;
  T[1][0] = l1*v1.y;
  T[2][0] = l1*v1.z;
  T[0][1] = l2*v2.x;
  T[1][1] = l2*v2.y;
  T[2][1] = l2*v2.z;
  T[0][2] = l3*v3.x;
  T[1][2] = l3*v3.y;
  T[2][2] = l3*v3.z;
  T[0][3] = pos.x;
  T[1][3] = pos.y;
  T[2][3] = pos.z;
  return T*unitsphere;
}

size(200);

real gDx=1.5;
real gDy=1.5;
real gDz=1.5;

currentprojection=perspective(up=Y, camera = (gDx*-2.0,gDy*6.0,gDz*14.0), target = (gDx*1.5,gDy*1.5,gDz*0.0) );
currentlight=Viewport;

  draw(  ellipsoid( (-0.42518140931116505,-0.23879791479742085,0.8730385587501707), (0.363969904602259,-0.9282520735975819,-0.07664200157623738), (-0.8287018026527965,-0.28517300669978035,-0.48159077911626663), 0.4712094194678576, 0.569060948646323, 0.9999999999999998,  (gDx*0, gDy*0, gDz*0)), rgb(0.18083804099829937,0.4294879229105391,0.5572611858379075)  );
  draw(  ellipsoid( (-0.25425198169115243,-0.5281466948091055,0.8101956544985536), (0.4938070119562453,-0.7911906743479311,-0.36079350294553575), (0.8315711423257581,0.30834783214267036,0.46196433808677195), 0.2610559836590855, 0.3411426626361805, 0.8638062984946258,  (gDx*0, gDy*0, gDz*1)), rgb(0.1378395245058971,0.5373061973989097,0.5549257920162031)  );
  draw(  ellipsoid( (-0.1315713332663934,-0.6838766963131995,0.7176361532853872), (0.542003270535048,-0.6557679635284956,-0.5255481259970406), (0.8300129149548305,0.319814074501786,0.4569436713192898), 0.11977553893674003, 0.20335084453596544, 0.7616281835465408,  (gDx*0, gDy*0, gDz*2)), rgb(0.122726048228601,0.6344902441022661,0.5297999709772415)  );
  draw(  ellipsoid( (-0.09209826399541127,-0.7313969072685752,0.6757044278432655), (0.558746789837292,-0.5996450918885591,-0.5729116761076551), (0.8242086717667757,0.32478350914405196,0.46389194600954503), 0.056617853676083345, 0.13496664861373112, 0.7011530230987092,  (gDx*0, gDy*0, gDz*3)), rgb(0.17656683429855102,0.6985088030152701,0.4905385865861142)  );
  draw(  ellipsoid( (-0.1881775404286998,-0.5305112733255771,0.826527072849208), (0.5331878649696935,-0.7619308506231355,-0.36765755740602596), (0.8248029546062897,0.37150931043942986,0.4262404466138265), 0.22924339303599073, 0.31978477396629834, 0.8843234595205469,  (gDx*0, gDy*1, gDz*0)), rgb(0.12854477321038177,0.5638495749293313,0.5511222087601955)  );
  draw(  ellipsoid( (-0.0954299839510242,-0.665957120835635,0.7398609540794938), (0.5566530124797833,-0.6518802684561144,-0.514965570980009), (0.8252457463448627,0.36270267273056456,0.4329159610522756), 0.1014260912072169, 0.19152720469745815, 0.7755830104485757,  (gDx*0, gDy*1, gDz*1)), rgb(0.13190650509979293,0.6544178044126526,0.5199807776332137)  );
  draw(  ellipsoid( (-0.06618004645325364,-0.72320586172256,0.6874543497728228), (0.5678164053456753,-0.593827350775319,-0.5700470220003627), (0.8204905430727163,0.35262211933073,0.44994767438774885), 0.050384911307068285, 0.13549414057501694, 0.7192510563266294,  (gDx*0, gDy*1, gDz*2)), rgb(0.19150901014386706,0.7086305856792418,0.48204984052715477)  );
  draw(  ellipsoid( (-0.07384990113527007,-0.7377795242953029,0.6709899892195912), (0.577518612684346,-0.5801654453004008,-0.5743520767634918), (-0.8130304078602837,-0.3450933636133616,-0.46892656811547484), 0.0363468552185416, 0.11933785549943705, 0.7016638105968849,  (gDx*0, gDy*1, gDz*3)), rgb(0.22589966884204132,0.7286201087226618,0.4630614895886982)  );
  draw(  ellipsoid( (-0.07374025319867018,-0.6198780957015126,0.7812256533983394), (0.5671295571045891,-0.6704247525117029,-0.4784294270610604), (0.8203209375095509,0.407776651721366,0.4009884808749037), 0.0977908489558695, 0.1912214761656883, 0.7967476698725571,  (gDx*0, gDy*2, gDz*0)), rgb(0.1363144704302114,0.6608524159711539,0.5163752963528601)  );
  draw(  ellipsoid( (-0.05442526108586571,-0.6858353285781118,0.7257188112691367), (0.5727740387160795,-0.6167754496470023,-0.5399240180669954), (0.817904512476002,0.3862873888530298,0.4263968359222447), 0.05004442654627917, 0.1359784214342739, 0.7489074878804747,  (gDx*0, gDy*2, gDz*1)), rgb(0.19720860742415391,0.7122159089193008,0.47886686145722895)  );
  draw(  ellipsoid( (-0.06333274041838555,-0.7124169704338708,0.6988927129602389), (0.5807626397080282,-0.5958187351712471,-0.5547204621593641), (-0.8116056433456216,-0.3707588098167879,-0.45147999361298236), 0.036180574506630564, 0.1245727193250651, 0.735409012281511,  (gDx*0, gDy*2, gDz*2)), rgb(0.23164564164502868,0.7316349908516129,0.45991688571870665)  );
  draw(  ellipsoid( (-0.08612059368623806,-0.7138829326086638,0.6949492081247263), (0.5884280533750956,-0.5993260700365891,-0.5427344541999277), (0.8039500415724385,0.3621869963217225,0.47168306133581156), 0.040206094384810015, 0.13007106361309995, 0.7278904322002997,  (gDx*0, gDy*2, gDz*3)), rgb(0.2180924668818625,0.7243827663396347,0.46734128647014667)  );
  draw(  ellipsoid( (-0.03990168047333447,-0.6364949900787553,0.7702480012957184), (0.5752687621099577,-0.6449224448077878,-0.5031310878127316), (-0.8169906408496249,-0.42302383832095236,-0.3918891743545975), 0.052613369305521636, 0.15104586177260582, 0.7583819538960057,  (gDx*0, gDy*3, gDz*0)), rgb(0.19154534752560615,0.7086535310684406,0.4820295337582683)  );
  draw(  ellipsoid( (-0.05007469870873307,-0.6756000441858179,0.7355658399119351), (0.5836875284385787,-0.6174213065699569,-0.5273516846836753), (-0.8104328434204114,-0.4029336303779668,-0.4252565059066576), 0.04039446157686086, 0.13649276303242558, 0.7614089054756638,  (gDx*0, gDy*3, gDz*1)), rgb(0.22251541268303648,0.7267971529501005,0.4649157361084654)  );
  draw(  ellipsoid( (-0.07196462675417487,-0.6908076039042716,0.7194483629032532), (0.5905025113073933,-0.6108270459723217,-0.5274439345071561), (0.8038207988325473,0.3868787591698029,0.45188156531046875), 0.04301441303127712, 0.13775135354095377, 0.7654259944288846,  (gDx*0, gDy*3, gDz*2)), rgb(0.2160871581635758,0.7232710708630535,0.46844217607022504)  );
  draw(  ellipsoid( (-0.1102342522451906,-0.6706932308810624,0.7334977843744763), (0.5949513525948388,-0.6356979544881397,-0.4918546520113102), (0.7961666268297833,0.38217626916112685,0.4691055335556878), 0.05795239397972795, 0.147311670861873, 0.747036286973804,  (gDx*0, gDy*3, gDz*3)), rgb(0.18006074746656947,0.7009826574257837,0.4885295511939095)  );
  draw(  ellipsoid( (0.5512313469388316,-0.03137643177455835,-0.8337622692836957), (0.10152419299130708,-0.9893448997204725,0.10435280367365485), (0.8281526673201417,0.14216957806150032,0.5421724547451205), 0.6385369077718077, 0.7175551558002625, 0.9645650788483133,  (gDx*1, gDy*0, gDz*0)), rgb(0.2394343217528847,0.3006508931464272,0.5407909882657196)  );
  draw(  ellipsoid( (-0.42602183304908847,-0.2503127688181478,0.8693957186069454), (0.3386086532089925,-0.935234871165328,-0.10334367773775302), (-0.8389574349974419,-0.2503582503592902,-0.48318854367580777), 0.43429031531626294, 0.4901588545691109, 0.8439987943802827,  (gDx*1, gDy*0, gDz*1)), rgb(0.1905388334036863,0.4072686986119505,0.5561017889246641)  );
  draw(  ellipsoid( (-0.21581006037023612,-0.5959657317388828,0.7734667830204041), (0.5096999556320395,-0.7444035940559346,-0.43135744387376007), (0.8328457078425102,0.30114470898480944,0.4644134915985563), 0.24388974914780095, 0.31067215966582434, 0.7440695225844989,  (gDx*1, gDy*0, gDz*2)), rgb(0.14385530633934512,0.5214415823949223,0.556395218118643)  );
  draw(  ellipsoid( (-0.11381313880696625,-0.7170145784288632,0.6877039070380404), (0.5585044098262218,-0.6186471154170033,-0.552583541910981), (0.8216564937001165,0.3211943973775082,0.4708659739816941), 0.1167792000389519, 0.1988555605747927, 0.6741051903342827,  (gDx*1, gDy*0, gDz*3)), rgb(0.11997385432137173,0.6211313356381037,0.5353389609836602)  );
  draw(  ellipsoid( (-0.2972084722756059,-0.42788841836572644,0.8535681726939434), (-0.4703982232022126,0.8435646850940572,0.25908325625243633), (-0.8308986915477732,-0.3245152130342144,-0.4519925230505), 0.40030183815927667, 0.46747058112517964, 0.8717579335767986,  (gDx*1, gDy*1, gDz*0)), rgb(0.17604782555878537,0.44079803756149855,0.5576693115884612)  );
  draw(  ellipsoid( (-0.137646813888607,-0.6439230451216401,0.7526064486752618), (0.5436119107019836,-0.6842852745910721,-0.4860450118258182), (-0.8279730944718274,-0.34222328228671905,-0.44423392474196605), 0.21443207621111787, 0.29518902659619034, 0.757485130653065,  (gDx*1, gDy*1, gDz*1)), rgb(0.1340990616339955,0.5475440559815787,0.5536723364152606)  );
  draw(  ellipsoid( (-0.07136984152627765,-0.7245050805420755,0.685564536706235), (0.5696033512172657,-0.5938283783180422,-0.56826039751704), (-0.8188152221365783,-0.34994320306713267,-0.4550619591050664), 0.10223303262397307, 0.19507328651018535, 0.6856957626945895,  (gDx*1, gDy*1, gDz*2)), rgb(0.12390435232380653,0.6380673882384292,0.5281789452179251)  );
  draw(  ellipsoid( (-0.06600680320832855,-0.7432951911144388,0.6656991518669428), (0.5853837592565776,-0.569128196243701,-0.5774244111907884), (0.808064945613194,0.3515755325766312,0.47267926606167543), 0.05536556343255918, 0.1479784291259692, 0.6547185204810554,  (gDx*1, gDy*1, gDz*3)), rgb(0.16897933654294542,0.6928625444301231,0.4949669480110822)  );
  draw(  ellipsoid( (-0.09116400220539306,-0.6235282626780074,0.7764674045596768), (0.5658324415781596,-0.6740535844907982,-0.4748530438912706), (0.8194649307686045,0.3960609433873173,0.4142619417271574), 0.18733121338319492, 0.2896025977913434, 0.7800101043066774,  (gDx*1, gDy*2, gDz*0)), rgb(0.12579832997441476,0.5729110538661772,0.549374261690919)  );
  draw(  ellipsoid( (-0.04611211604216711,-0.6963601089080174,0.7162096560894219), (0.5786118121986531,-0.6030703665537097,-0.5491033634653542), (-0.8142984978116465,-0.38908704900881586,-0.4307310352822362), 0.08945815038295853, 0.1918135691690941, 0.7081643182852415,  (gDx*1, gDy*2, gDz*1)), rgb(0.13266404270050794,0.655605776675429,0.5193322714878622)  );
  draw(  ellipsoid( (-0.039964559386428324,-0.73215910355884,0.6799602055039432), (0.5902762981809135,-0.5663679425204816,-0.5751532365300168), (0.8062113406538547,0.3783786473376006,0.4548108106015972), 0.05111498882377334, 0.14981652229151507, 0.6779031280394382,  (gDx*1, gDy*2, gDz*2)), rgb(0.18115165393564114,0.7017411429983338,0.487905554605004)  );
  draw(  ellipsoid( (-0.057985886784627426,-0.7408869733879233,0.6691219093691992), (0.6020255973143556,-0.5606162334744222,-0.5685724394861622), (-0.7963685184084651,-0.3698593400592105,-0.47854075214016156), 0.04151692433797633, 0.13994629322344584, 0.6714798701745398,  (gDx*1, gDy*2, gDz*3)), rgb(0.20361460566694656,0.7160955298282499,0.47531282639880135)  );
  draw(  ellipsoid( (-0.027204472941321743,-0.6566352642623607,0.7537174844589214), (0.5867871363220154,-0.6209131351679013,-0.5197573811144736), (-0.8092841116066677,-0.4281319986909028,-0.402196740909147), 0.0854502692059204, 0.2008502943164055, 0.7299041871140339,  (gDx*1, gDy*3, gDz*0)), rgb(0.1376112036042247,0.6625939848138065,0.5153677243025225)  );
  draw(  ellipsoid( (-0.029322568665224896,-0.6950549631813264,0.7183583960140496), (0.5967592278283028,-0.5887090086227804,-0.5452523518226681), (0.8018844124739181,0.4126988021831271,0.4320429234554958), 0.05132205173996993, 0.16003200998614792, 0.709622637386738,  (gDx*1, gDy*3, gDz*1)), rgb(0.18541325585743326,0.7046395307381257,0.48548317035472216)  );
  draw(  ellipsoid( (-0.04820177390047947,-0.7145497093609746,0.6979221316486488), (0.6054474596136378,-0.576639230874804,-0.5485622763766271), (0.7944242963556937,0.396113506798571,0.46041734012903923), 0.04340330163586929, 0.14948040429656706, 0.7081769820580854,  (gDx*1, gDy*3, gDz*2)), rgb(0.20448829203278024,0.7166110814628125,0.4748300511586203)  );
  draw(  ellipsoid( (-0.07010584522534646,-0.7192781043680725,0.6911759392816796), (0.6170302125668292,-0.5756945117141774,-0.5365161190140595), (-0.7838104919207023,-0.38886352073554953,-0.48417587196821327), 0.04793847872564061, 0.1532002480437586, 0.7078527605491037,  (gDx*1, gDy*3, gDz*3)), rgb(0.19307401812063446,0.7096188164049473,0.481175252051906)  );
  draw(  ellipsoid( (0.5291754227861134,-0.4049177432992432,-0.7456641288680758), (0.3756445651765483,0.8997763955742277,-0.22202161746274346), (-0.7608314744885752,0.1626162941678943,-0.628244704154871), 0.7117559435671156, 0.7839401798471968, 0.9121045758040712,  (gDx*2, gDy*0, gDz*0)), rgb(0.27264029410913176,0.2060048652597817,0.5025632411561337)  );
  draw(  ellipsoid( (0.5165710883572442,-0.23994711075461572,-0.8219365515135121), (-0.007285686285653761,-0.9611292775805345,0.27600259156911444), (0.8562133083810128,0.13658658725523762,0.4982397763458953), 0.5508362674951143, 0.6195786442210914, 0.8048425681979305,  (gDx*2, gDy*0, gDz*1)), rgb(0.2469506527651409,0.28289424387345513,0.5358346088670407)  );
  draw(  ellipsoid( (-0.384885485159901,-0.27890325050779724,0.8798159694898773), (-0.3621000225038834,0.92245515053686,0.13401518179186328), (-0.8489680423996621,-0.2670008840888066,-0.4560304714379084), 0.37816581602305094, 0.42202272279979364, 0.7177920399750799,  (gDx*2, gDy*0, gDz*2)), rgb(0.1936666843137381,0.40028658668958755,0.5556323715151904)  );
  draw(  ellipsoid( (-0.15558360862150541,-0.6660088743422549,0.7295381552911901), (0.536275539273284,-0.6771706332498212,-0.5038337815601336), (0.829579584310908,0.31284518976867476,0.46252091902220277), 0.21030816713377812, 0.2810428547168114, 0.6482927179879585,  (gDx*2, gDy*0, gDz*3)), rgb(0.1441926523513767,0.5205648639455747,0.5564612102410531)  );
  draw(  ellipsoid( (0.4810808797075609,0.059408280842122574,-0.8746609876673264), (0.22869676374851475,-0.9716598204375162,0.059791166557357237), (0.8463208478058176,0.22879652426275163,0.4810334427610273), 0.5573373715001901, 0.5887219181477584, 0.8456468935548065,  (gDx*2, gDy*1, gDz*0)), rgb(0.23383784142685718,0.31330275144206304,0.5437955412459431)  );
  draw(  ellipsoid( (-0.24353676047914918,-0.5183383441654859,0.8197653367050256), (0.48477059412976375,-0.7971173883774623,-0.36000186140264595), (0.840051973012621,0.30972444222901707,0.44540257354838736), 0.36103120338993655, 0.4129060870394994, 0.7433378061271688,  (gDx*2, gDy*1, gDz*1)), rgb(0.18264960566582747,0.42527285801716797,0.5570778108421525)  );
  draw(  ellipsoid( (-0.12085127967449434,-0.6692633230221385,0.7331313474803829), (0.5526097383109422,-0.6588821563898006,-0.5103888528514691), (0.8246317028376664,0.34345437607998563,0.44946818155077295), 0.20254010979509898, 0.28570489599189197, 0.6700920152796972,  (gDx*2, gDy*1, gDz*2)), rgb(0.1395379684075264,0.53277617297358,0.5553996123794939)  );
  draw(  ellipsoid( (-0.07708767405077886,-0.728311743489899,0.6808960969223898), (0.5820410084560319,-0.5873518719765908,-0.5623575757123577), (0.8094972235807399,0.3529586134099833,0.4691848913112778), 0.1048282943764476, 0.20400867432786499, 0.6238759807464758,  (gDx*2, gDy*1, gDz*3)), rgb(0.12004064286346922,0.6217731700308782,0.535094011382931)  );
  draw(  ellipsoid( (-0.12538800358384558,-0.6129535974168869,0.7801062337726536), (0.5380496542795441,-0.7026457666357431,-0.4656087372016682), (-0.8335348931430049,-0.361354139373781,-0.41790282108465543), 0.32182698867073223, 0.4015820700618625, 0.7672228462279194,  (gDx*2, gDy*2, gDz*0)), rgb(0.16757531577494106,0.4613455515687338,0.5580955025290438)  );
  draw(  ellipsoid( (-0.06871311835146234,-0.6785831771651529,0.7313025222401908), (0.5698864678284707,-0.62836299555086,-0.5295180446484703), (0.8188454806325837,0.38037457524234886,0.4298921508434359), 0.17826042975701953, 0.28082660491364586, 0.6884531873785472,  (gDx*2, gDy*2, gDz*1)), rgb(0.13028902923886032,0.5585236822544613,0.552034974493238)  );
  draw(  ellipsoid( (-0.04669764820547175,-0.7171829557369479,0.6953185871616645), (0.5919068332821469,-0.5805792929921132,-0.5590831648893382), (0.804652490436697,0.38545595409747313,0.4516171797937143), 0.09653039244861474, 0.2058578336785774, 0.6443379026016007,  (gDx*2, gDy*2, gDz*2)), rgb(0.1229420358322531,0.6351878153734252,0.5294880100832741)  );
  draw(  ellipsoid( (-0.04548771261908135,-0.740764229757751,0.6702232642277416), (0.611960612593558,-0.5509546694794196,-0.5674091652528539), (-0.7895790502760323,-0.3843400943048081,-0.4783801995013695), 0.059885778547223274, 0.16975883483592022, 0.6294991198664869,  (gDx*2, gDy*2, gDz*3)), rgb(0.15543493773768807,0.6815901165584142,0.5032039001223421)  );
  draw(  ellipsoid( (-0.04194355644713658,-0.6480888779888783,0.7604088007773729), (0.5798392051584613,-0.635587068423229,-0.5097210753092021), (0.813650560273739,0.41953531994372434,0.40244612196658996), 0.15890421970570898, 0.27927288404989137, 0.7076747092770259,  (gDx*2, gDy*3, gDz*0)), rgb(0.12382165521582791,0.5802689265339851,0.5477690211284625)  );
  draw(  ellipsoid( (-0.03051662667904325,-0.6874883884739453,0.7255538926982816), (0.5973964405811568,-0.5945205900765845,-0.5382032708521512), (0.8013652277688968,0.4170191646537209,0.4288458791155823), 0.08962859624332747, 0.21015210557704098, 0.6702758478971225,  (gDx*2, gDy*3, gDz*1)), rgb(0.12806209465701224,0.6476974921867341,0.5235167397639056)  );
  draw(  ellipsoid( (-0.030175830018138006,-0.7194748188152692,0.6938626696785555), (0.6134739291166116,-0.5613837282851781,-0.5554260057927248), (-0.7891382373050636,-0.4089062174965904,-0.45831926395874756), 0.0596952101532349, 0.17740927303482915, 0.6543744972623509,  (gDx*2, gDy*3, gDz*2)), rgb(0.1594952368479119,0.6851668451493241,0.5006765609555557)  );
  draw(  ellipsoid( (-0.03975968518480334,-0.7360931014815955,0.6757115607899652), (0.6316862449994658,-0.542483544988306,-0.553790656562022), (0.7742038848471896,0.4048191563749498,0.48654886221159077), 0.0504206567082425, 0.1692686153235183, 0.6537367459541972,  (gDx*2, gDy*3, gDz*3)), rgb(0.17739159453851472,0.6990927719518557,0.490064341110486)  );
  draw(  ellipsoid( (-0.3195577358456192,0.6735964641761921,0.666446289591707), (0.8260388877168898,0.5426269648102845,-0.15236709959903333), (-0.46426566687691556,0.5018204664121506,-0.7298175183216862), 0.6940413051178546, 0.7487069901412771, 0.8515016871251976,  (gDx*3, gDy*0, gDz*0)), rgb(0.2784008314668835,0.17803735495824227,0.4851206562153372)  );
  draw(  ellipsoid( (0.45257150576217164,-0.5298550345343471,-0.717239621431197), (-0.4372598488584494,-0.8328515214574763,0.33935551827287685), (-0.7771633398124528,0.16003745056884006,-0.6086091994597025), 0.590569448724059, 0.6644194066928898, 0.7445691567868437,  (gDx*3, gDy*0, gDz*1)), rgb(0.275290266849121,0.19442687622322666,0.49570769430233347)  );
  draw(  ellipsoid( (0.4971111063838302,-0.19124428841168517,-0.8463487283973153), (0.08834923258220206,-0.9591822189107706,0.26863336357858963), (0.8631772477376707,0.20831488923098804,0.4599238479495287), 0.46416085371129945, 0.5029159270852956, 0.6692066565841995,  (gDx*3, gDy*0, gDz*2)), rgb(0.2476789325675624,0.28110679366531166,0.5352797862452838)  );
  draw(  ellipsoid( (-0.21823705490105416,-0.5720789159211105,0.7906315841317252), (0.4974630676147185,-0.7622123488517043,-0.4142014384539504), (-0.8395850667010868,-0.302915911131282,-0.4509311106544291), 0.3069673250009079, 0.36018534969052196, 0.6172792385556691,  (gDx*3, gDy*0, gDz*3)), rgb(0.18727636337695325,0.41464315489716747,0.5565410748780694)  );
  draw(  ellipsoid( (-0.4984921694354381,0.522877833272104,0.6914508865307937), (-0.2673858107658872,-0.8514688983985217,0.45111588673097863), (-0.8246274220595744,-0.039993581143488416,-0.5642606917504531), 0.6283013413705718, 0.6668891647625518, 0.7928293478816593,  (gDx*3, gDy*1, gDz*0)), rgb(0.2738920783541898,0.20073008019451233,0.4995018554587579)  );
  draw(  ellipsoid( (-0.42305413935724184,-0.16330545494105245,0.8912668082898629), (0.30196350060612315,-0.9528071730382919,-0.031249564932565223), (-0.854308632447548,-0.25590978760741867,-0.452401305405197), 0.4744114553385548, 0.5056599992222672, 0.7059124214808412,  (gDx*3, gDy*1, gDz*1)), rgb(0.23911198914344084,0.3013889869781956,0.5409762990511886)  );
  draw(  ellipsoid( (-0.18680969695454805,-0.5869985235777682,0.7877403572505794), (0.5206509875163249,-0.7391392867737068,-0.4273121387767167), (0.8330814403898495,0.3303117437590982,0.4436997471407862), 0.3064396280143785, 0.3742137013248606, 0.6397220420167657,  (gDx*3, gDy*1, gDz*2)), rgb(0.18352404092326585,0.42324866288103935,0.5569840833115135)  );
  draw(  ellipsoid( (-0.10503191415185913,-0.6906056383543413,0.7155642174415859), (0.5754000526751993,-0.6290708066730252,-0.5226707372458563), (0.8110999176371393,0.35683858040428074,0.4634470316487997), 0.1759986150364987, 0.2750737507203165, 0.5921925598752215,  (gDx*3, gDy*1, gDz*3)), rgb(0.13986756183413543,0.5319029520881077,0.5554852734500525)  );
  draw(  ellipsoid( (-0.19043190401980714,-0.5917165627696988,0.783330836412945), (0.5071018488255356,-0.7425245171434492,-0.4376129069835707), (0.8405851562150702,0.3138930562865338,0.4414609205422208), 0.45442272514114185, 0.5026943005131888, 0.7414672622014635,  (gDx*3, gDy*2, gDz*0)), rgb(0.22147422013305434,0.34026569841012244,0.5489281229254923)  );
  draw(  ellipsoid( (-0.11976275840329488,-0.6309384861799435,0.7665334359025674), (0.559249033108129,-0.6808133425603907,-0.47300498048051326), (0.8203032370210768,0.37203470167271985,0.4343878222096395), 0.2876756391888893, 0.3799610598065307, 0.6702782803720234,  (gDx*3, gDy*2, gDz*1)), rgb(0.171820400482273,0.4509684877490481,0.557931589735203)  );
  draw(  ellipsoid( (-0.08007304606982713,-0.6788665999968351,0.7298824882827623), (0.5913596475399926,-0.6218067280518877,-0.5134687529059401), (0.802422628391345,0.3905080439096532,0.45124427208262874), 0.1700105810075499, 0.28578172466576923, 0.6213294252836605,  (gDx*3, gDy*2, gDz*2)), rgb(0.13459767646119966,0.5461563766212116,0.5538562548095732)  );
  draw(  ellipsoid( (-0.055269961014992305,-0.7224589472641473,0.6892012049665767), (0.615520003590238,-0.5681502535908407,-0.5462054691459406), (0.7861808676059693,0.3940283731695521,0.47608957618045133), 0.0995167535497531, 0.22123054904106695, 0.5893621544565139,  (gDx*3, gDy*2, gDz*3)), rgb(0.11976149520055238,0.6190905756053081,0.5361177963979742)  );
  draw(  ellipsoid( (-0.0696232269602078,-0.6434342008769041,0.7623286925005167), (0.5708439470946788,-0.652397194508783,-0.4985128771280003), (0.8181013350025872,0.4004626446236514,0.4127225168657699), 0.26145015764867885, 0.376281365508755, 0.6896687645690268,  (gDx*3, gDy*3, gDz*0)), rgb(0.16011455703562885,0.4799234042415229,0.5580992837494878)  );
  draw(  ellipsoid( (-0.05013774065870863,-0.6716607940170001,0.7391603241124981), (0.6016427678699109,-0.6110480558521844,-0.5144378031493198), (0.7971901823476456,0.4189177141393274,0.43473642813641483), 0.15569664625290597, 0.2884368235858595, 0.6435180364329193,  (gDx*3, gDy*3, gDz*1)), rgb(0.1276851917818928,0.5665771356378182,0.5506239328761532)  );
  draw(  ellipsoid( (-0.03581427337599571,-0.7043268179886106,0.7089718409673179), (0.6239455121335437,-0.5699265773937097,-0.5346734463845217), (0.780646741946035,0.4232108574249133,0.45987306340631673), 0.09554034038410233, 0.23075762893887009, 0.6168703538119235,  (gDx*3, gDy*3, gDz*2)), rgb(0.12143749356089575,0.629717841122789,0.5318758408171558)  );
  draw(  ellipsoid( (-0.0285352073058944,-0.7327114376059773,0.6799409468074356), (0.642436230453325,-0.5345713944040555,-0.5490984557306877), (-0.7658076989329188,-0.42115006053221193,-0.4859744795447415), 0.06724916136254043, 0.1989389288397316, 0.6058268814871881,  (gDx*3, gDy*3, gDz*3)), rgb(0.1407427695962612,0.6664791004030198,0.5130459827523667)  );
