import settings;
import three;
surface ellipsoid(triple v1,triple v2,triple v3,real l1,real l2, real l3, triple pos=O) {
  transform3 T = identity(4);
  T[0][0] = l1*v1.x;
  T[1][0] = l1*v1.y;
  T[2][0] = l1*v1.z;
  T[0][1] = l2*v2.x;
  T[1][1] = l2*v2.y;
  T[2][1] = l2*v2.z;
  T[0][2] = l3*v3.x;
  T[1][2] = l3*v3.y;
  T[2][2] = l3*v3.z;
  T[0][3] = pos.x;
  T[1][3] = pos.y;
  T[2][3] = pos.z;
  return T*unitsphere;
}

size(200);

real gDx=1.5;
real gDy=1.5;
real gDz=1.5;

currentprojection=perspective(up=Y, camera = (gDx*-2.0,gDy*6.0,gDz*14.0), target = (gDx*1.5,gDy*1.5,gDz*0.0) );
currentlight=Viewport;

  draw(  ellipsoid( (-0.9051387016102557,0.08118326012623776,-0.41729271395817125), (-0.166671453202909,-0.9707775428710602,0.1726603282299017), (-0.39108126717413993,0.22583232836000816,0.8922192566476955), 0.2204530880035896, 0.3728755123442263, 0.5480134271666456,  (gDx*0, gDy*0, gDz*0)), rgb(0.1664347587639819,0.46415935079453813,0.5581216728714616)  );
  draw(  ellipsoid( (-0.8984999813417925,-0.06316082476962442,-0.434405908964438), (0.025117662221671822,-0.9953706196048077,0.09277086111521915), (0.43825436286854746,-0.07244335609261965,-0.8959269354052938), 0.1802683841442617, 0.3013409496978291, 0.6500872939145611,  (gDx*0, gDy*0, gDz*1)), rgb(0.135472581385139,0.5437380823417947,0.5541665469067459)  );
  draw(  ellipsoid( (-0.8638995998628428,-0.23677842675412902,-0.4445373527395193), (0.20265135830961184,-0.97142040692027,0.12359134271512098), (0.4610964197779998,-0.01668441316608197,-0.8871931706371584), 0.13941057010047994, 0.23375047178822064, 0.7675539974481987,  (gDx*0, gDy*0, gDz*2)), rgb(0.11948462607654005,0.6148446508293126,0.5376818746622853)  );
  draw(  ellipsoid( (0.7903697798117351,0.40872008559535494,0.45635896265031883), (0.3720270806029872,-0.9120477128553407,0.17252484103270568), (-0.4867355159204713,-0.03341947196273156,0.8729098902151153), 0.10540494622660104, 0.17387319505868337, 0.8937488808290192,  (gDx*0, gDy*0, gDz*3)), rgb(0.14398690360870148,0.6702002912341826,0.5107445453292392)  );
  draw(  ellipsoid( (0.9212159832027972,-0.11826396060327711,0.3706409959976503), (-0.337484716800806,-0.7168870280237607,0.6100631565478606), (0.19355923697303543,-0.6870856021440743,-0.7003200676181792), 0.25233098728307113, 0.41509797511997887, 0.6075881555566638,  (gDx*0, gDy*1, gDz*0)), rgb(0.1697944564353028,0.455899882734281,0.5580236930272584)  );
  draw(  ellipsoid( (-0.896852804903583,0.06860617961556115,-0.4369762447263385), (0.11644584453644494,0.9896712113183849,-0.08361374754066946), (0.42672638965356885,-0.12587329186987178,-0.8955783063289734), 0.21672308044863664, 0.4126623896157466, 0.6093974444500723,  (gDx*0, gDy*1, gDz*1)), rgb(0.15436395319660948,0.4944591127250868,0.5578039411239192)  );
  draw(  ellipsoid( (-0.8803827378966825,-0.056496536531444444,-0.47088679762071506), (0.053124368290765424,-0.9983782454747306,0.020461682641116606), (0.47127914902661294,0.007001451474502721,-0.8819563160213787), 0.1755480958625442, 0.32780390959930683, 0.7258332210748896,  (gDx*0, gDy*1, gDz*2)), rgb(0.1276998263320272,0.5665306983572884,0.5506324161252837)  );
  draw(  ellipsoid( (-0.8359628193681718,-0.21399652260470498,-0.505343104184782), (0.21769046660213104,-0.9745995911432166,0.052597506538065435), (0.5037628662223564,0.06603881628685764,-0.8613140248242026), 0.1314203987996589, 0.2445092602749277, 0.8329364681949878,  (gDx*0, gDy*1, gDz*3)), rgb(0.1218499065535961,0.63133784537845,0.5311788982597492)  );
  draw(  ellipsoid( (0.9490548297599658,-0.0663729141494103,0.308041501062109), (-0.2728976910965679,-0.6618864184624362,0.6981641778615764), (-0.15754929483639193,0.7466598993666953,0.6462795172170259), 0.2835405271002314, 0.377604417199237, 0.7381941459195216,  (gDx*0, gDy*2, gDz*0)), rgb(0.15990910387659873,0.48043976068539396,0.5580934176497737)  );
  draw(  ellipsoid( (-0.9000973652802556,0.1301912064720697,-0.415782374293198), (-0.3794812024665879,-0.7031167023066212,0.6013492495313971), (0.2140531475826846,-0.6990544704776654,-0.6822786068133283), 0.2513930267672094, 0.4646559876970738, 0.6400818342217379,  (gDx*0, gDy*2, gDz*1)), rgb(0.1629476994248783,0.4728251096634025,0.5581443463219143)  );
  draw(  ellipsoid( (-0.8753962322908778,0.06898808649561869,-0.4784580236683342), (0.07449423973377477,0.9971933336578067,0.007487560010912434), (0.4776317040748258,-0.02908778489509243,-0.8780785022038036), 0.2163401492435384, 0.44879444004258423, 0.6625959080589559,  (gDx*0, gDy*2, gDz*2)), rgb(0.14673215993451016,0.5139890696853557,0.5569104478943232)  );
  draw(  ellipsoid( (0.8472111638650724,0.06105058644879369,0.5277367428146799), (-0.0975817119667857,0.994356723238525,0.04162350826125409), (0.5222174387283717,0.08676135570979646,-0.84838753753422), 0.17386274941179067, 0.33883787275144156, 0.7835312662993461,  (gDx*0, gDy*2, gDz*3)), rgb(0.12381255605866971,0.580304903351719,0.5477608006452788)  );
  draw(  ellipsoid( (-0.9866211240232645,-0.10794329406893892,-0.12217611426386381), (-0.018641880339361955,-0.6697970480674084,0.7423101741843491), (0.16196060610062885,-0.7346564909301029,-0.6588236504602614), 0.310705466632585, 0.3577286953759217, 0.8113297899877636,  (gDx*0, gDy*3, gDz*0)), rgb(0.1550279044046977,0.49277320319661183,0.5578540473009285)  );
  draw(  ellipsoid( (0.9229684212622851,-0.11137788923192682,0.36840773491180373), (-0.3495989611543158,-0.6429455372140336,0.6814701772905258), (-0.16096539911554933,0.7577704150775475,0.6323560218111102), 0.27962475148417265, 0.4042071485633533, 0.771820738121366,  (gDx*0, gDy*3, gDz*1)), rgb(0.1557845874086573,0.49085471274877196,0.5579039727774784)  );
  draw(  ellipsoid( (0.873160673463462,-0.14940882641416858,0.4639692240939847), (-0.4212379761717182,-0.7102291034634352,0.5640329671431272), (-0.24525294238314072,0.6879328624095997,0.6830807939543804), 0.24988117417457945, 0.5044963668999763, 0.6503452238901415,  (gDx*0, gDy*3, gDz*2)), rgb(0.15910098331595268,0.482471605220174,0.5580691904429742)  );
  draw(  ellipsoid( (-0.8414286893877859,0.08001471506685653,-0.5344112705098226), (0.043244163261284545,0.9957751715781019,0.08100462957407284), (0.5386350369396556,0.0450494510662579,-0.8413339669475163), 0.21706590217618071, 0.44994682251874835, 0.7007784586600511,  (gDx*0, gDy*3, gDz*3)), rgb(0.14309077379769267,0.5234322275742124,0.5562405420699563)  );
  draw(  ellipsoid( (0.7990485961155647,0.4937605592077994,0.3431061806737771), (0.4188659257200492,-0.8665092344961102,0.2715015337040496), (-0.4313614230740053,0.07322743136125123,0.8992024610619136), 0.1620155040276492, 0.23287896643929018, 0.7021707248136011,  (gDx*1, gDy*0, gDz*0)), rgb(0.12310848223489712,0.5832109713496371,0.5470776583717487)  );
  draw(  ellipsoid( (0.6529681580105722,0.6976701076822014,0.2947694106772038), (0.6124456668627107,-0.7153486996482226,0.3364320779186889), (-0.44558151865328915,0.03914918592130776,0.8943849570941628), 0.12038630186057402, 0.19097737996898193, 0.7944331757417737,  (gDx*1, gDy*0, gDz*1)), rgb(0.12532736903656128,0.6417518845454737,0.5264459253575432)  );
  draw(  ellipsoid( (-0.5283390951538687,-0.8027299177368993,-0.27655465951978087), (0.7115117681463022,-0.5963426102915134,0.3716537298884899), (-0.4632588955663064,-0.0004126994241729084,0.8862228982360314), 0.09299770736069707, 0.1576358252764751, 0.8918561825794562,  (gDx*1, gDy*0, gDz*2)), rgb(0.15621732922473414,0.6822944073031345,0.5027123597541852)  );
  draw(  ellipsoid( (-0.47564302358854327,-0.8217290803649948,-0.3138869742344343), (0.7309053307363838,-0.5677439114260819,0.3787403444838569), (-0.48942937346739657,-0.04927646011139343,0.8706495959145689), 0.08867942305385368, 0.1441995962216805, 0.992709962674107,  (gDx*1, gDy*0, gDz*3)), rgb(0.17642961638084592,0.69841164629311,0.49061748827595514)  );
  draw(  ellipsoid( (0.8954475183553594,0.2153780922025882,0.3895972526473995), (-0.16867928954494854,0.974067805827714,-0.15079524836212074), (-0.4119721339482071,0.06931224314041379,0.9085564230145559), 0.20384174404198818, 0.2950821753567667, 0.6986625877687805,  (gDx*1, gDy*1, gDz*0)), rgb(0.13728443502283627,0.5388043088699997,0.55475519678022)  );
  draw(  ellipsoid( (0.7991918402686724,0.46573218684297873,0.379981489794476), (0.412023235172435,-0.8847521130853904,0.21783147630445154), (-0.43764055585150374,0.017527935685434926,0.8989791517852871), 0.15690708385967045, 0.24262278662669076, 0.7920275664547264,  (gDx*1, gDy*1, gDz*1)), rgb(0.11967473991127547,0.6048147958691042,0.5410691441377327)  );
  draw(  ellipsoid( (0.670789944476984,0.6438194819467912,0.3681539420600169), (0.5820095201333388,-0.7646415809813566,0.27674567947574596), (-0.4596800722923778,-0.028630880183766742,0.887622951391624), 0.11138714603278407, 0.19379574401883587, 0.8801693459652065,  (gDx*1, gDy*1, gDz*2)), rgb(0.13611457657446707,0.6605793460118146,0.5165322209589185)  );
  draw(  ellipsoid( (0.5718174127795014,0.7243907352279949,0.3850751993546224), (-0.6598477926348919,0.6850174391612102,-0.30879118931711486), (-0.4874687036077477,-0.07751884132817072,0.8696925274153618), 0.08077446733622284, 0.15392169313592763, 0.9602352413876254,  (gDx*1, gDy*1, gDz*3)), rgb(0.17794151292159407,0.6994821399618727,0.489748132480992)  );
  draw(  ellipsoid( (0.9174527524950079,-0.010897532410171995,0.39769547486324663), (0.0689112653518081,0.9888679780549079,-0.13187630372895254), (-0.3918311938155852,0.14839597624250966,0.9079906110682454), 0.24482044667829536, 0.38176675948750627, 0.6531025299344206,  (gDx*1, gDy*2, gDz*0)), rgb(0.1598645240954974,0.48055180110057527,0.5580921448076213)  );
  draw(  ellipsoid( (-0.8863778812266824,-0.17636003048822882,-0.42805536010928374), (0.15159958618512315,-0.9841911969926629,0.0915710283367432), (0.4374377865943875,-0.016273518621980027,-0.8991014155539203), 0.20795677248605174, 0.3173794944410078, 0.7672776555812315,  (gDx*1, gDy*2, gDz*1)), rgb(0.13283983918123238,0.5510943032901338,0.5531773717411737)  );
  draw(  ellipsoid( (0.7914882323455336,0.42280381014638485,0.4413426290131541), (0.3959160883760728,-0.904804784886682,0.15677612130409066), (-0.46561446393291084,-0.05064819218753669,0.8835371704713969), 0.15962712195200798, 0.26045624270198037, 0.866370148415843,  (gDx*1, gDy*2, gDz*2)), rgb(0.11946475786931735,0.6136993654601754,0.5380842058096772)  );
  draw(  ellipsoid( (-0.654085444549541,-0.6076035903697568,-0.45054423556207024), (-0.5717536292968567,0.7871054295593877,-0.231436449471565), (-0.49524743170894076,-0.10622108890381564,0.8622337627684188), 0.11219639201451054, 0.20400310795831356, 0.9358274032491501,  (gDx*1, gDy*2, gDz*3)), rgb(0.1398435580549091,0.6653986182180625,0.5137006508290751)  );
  draw(  ellipsoid( (0.921776131099424,-0.09699075129472269,0.37539520281786054), (-0.26691420990069786,-0.8609953061435189,0.4329479037389079), (-0.28122156511986,0.49927935763669756,0.8195331319412433), 0.2764253280956495, 0.4156798155917545, 0.6611398833766694,  (gDx*1, gDy*3, gDz*0)), rgb(0.17071026808472844,0.453666020593329,0.5579847859964004)  );
  draw(  ellipsoid( (-0.8973954165128653,0.04273467952277557,-0.4391528362515569), (-0.07564512301439563,-0.9954634925095204,0.05770832214581515), (0.4346944694677377,-0.08500695410867229,-0.8965570455734138), 0.24488463757934797, 0.4088113137935026, 0.6878076349947055,  (gDx*1, gDy*3, gDz*1)), rgb(0.15536412848035894,0.4919207422927532,0.557876231157467)  );
  draw(  ellipsoid( (-0.8628274454886101,-0.15083448094927537,-0.482470474400623), (0.15743330249731466,-0.9871585732775595,0.027068551298560412), (0.4803577360430333,0.05260143117232213,-0.8754938805395701), 0.21032298628448742, 0.335676268507589, 0.8088674914097982,  (gDx*1, gDy*3, gDz*2)), rgb(0.13070824346492677,0.557277543437187,0.5522362920594281)  );
  draw(  ellipsoid( (-0.749357927369191,-0.419636242685173,-0.512218820929123), (-0.41941339892518936,0.8993909561915249,-0.12324085654893269), (-0.512401305122236,-0.12247992384862434,0.8499668056830597), 0.16319780709217366, 0.27009281874010543, 0.9050401737191596,  (gDx*1, gDy*3, gDz*3)), rgb(0.11957301243695026,0.6163476281523996,0.5371315058902865)  );
  draw(  ellipsoid( (-0.42356748890870544,-0.8889120649654142,-0.17443028148374015), (0.7932281700615721,-0.45695096234409877,0.4024734627693752), (-0.43746960187005296,0.032111660992943304,0.8986596623126754), 0.09982677661625389, 0.2016647768637239, 0.7741893946080227,  (gDx*2, gDy*0, gDz*0)), rgb(0.13192138370579604,0.6544423429586732,0.519967616049439)  );
  draw(  ellipsoid( (-0.32218788752405664,-0.933561956042252,-0.15702560098070104), (-0.8284415060068931,0.3583128055042596,-0.43046092103313804), (-0.458126223062833,0.008602769451237002,0.8888455186926197), 0.08705906896943144, 0.17970668057415148, 0.8428042190401768,  (gDx*2, gDy*0, gDz*1)), rgb(0.15165685898018116,0.6780697731652983,0.5056154516403902)  );
  draw(  ellipsoid( (-0.2806654545968186,-0.9413608629876041,-0.18726085611038448), (-0.829254109030099,0.33606869474412354,-0.4465371821804737), (0.48328513866314765,0.029959273158965467,-0.8749502366987101), 0.10346190908222101, 0.1795997150113721, 0.9146753441960688,  (gDx*2, gDy*0, gDz*2)), rgb(0.14667232305803005,0.673107104436808,0.5088985735511902)  );
  draw(  ellipsoid( (0.3104937450610832,0.9109905637152906,0.2714587023833277), (0.8007179985061526,-0.4045568951586942,0.44179679202984096), (0.512293198418879,0.08018672833613756,-0.855058926304206), 0.15245844470677067, 0.21342830980059102, 0.9815399183641828,  (gDx*2, gDy*0, gDz*3)), rgb(0.1261768280213515,0.6437552011422041,0.5254805311555533)  );
  draw(  ellipsoid( (-0.5724197651244703,-0.7809125785313845,-0.2500223133768478), (0.7088900638192682,-0.6245544040755849,0.3277295741432328), (-0.4120806837418605,0.010360552169457228,0.9110884529207824), 0.1217162634435467, 0.22422444796832933, 0.8073574633879432,  (gDx*2, gDy*1, gDz*0)), rgb(0.12371694414355901,0.6375551018055969,0.5284167123328349)  );
  draw(  ellipsoid( (-0.46075925004592916,-0.8566220552500342,-0.2321628048510791), (0.7753129094221836,-0.5158033009032208,0.36446789606308316), (-0.4319615792873513,-0.012066865232860678,0.9018112800264971), 0.08635116341775405, 0.19450227221866961, 0.8680485557638391,  (gDx*2, gDy*1, gDz*1)), rgb(0.153803686662568,0.680116881676106,0.5042302721133404)  );
  draw(  ellipsoid( (-0.40341190102704,-0.8784268814569944,-0.2561738707274589), (0.7943909212378915,-0.47516223370562805,0.3783700779854194), (-0.4540945962732477,-0.05086320471241487,0.8895004395961922), 0.0709075785504975, 0.17124142027934217, 0.926331628137022,  (gDx*2, gDy*1, gDz*2)), rgb(0.1828284688683098,0.7028815732712539,0.48695241769590814)  );
  draw(  ellipsoid( (0.40380116799563726,0.8554057292634639,0.3243850413761408), (-0.7758726177254452,0.5080830113397106,-0.37399643668334115), (-0.4847332233189965,-0.10066127324454356,0.868850395798703), 0.08371857485841129, 0.17159227620118414, 0.9999999999999988,  (gDx*2, gDy*1, gDz*3)), rgb(0.17615220509657054,0.6982152260914254,0.49077700256881385)  );
  draw(  ellipsoid( (0.7174364659919813,0.6189113428358806,0.3197399990211168), (0.5705583497780021,-0.7853943935147161,0.24003919707884006), (-0.3996849844108971,-0.010217452947712835,0.9165956125204409), 0.16518476927416464, 0.2596577091526694, 0.8346949104363645,  (gDx*2, gDy*2, gDz*0)), rgb(0.1197056101225299,0.6043122670761613,0.5412305980744706)  );
  draw(  ellipsoid( (-0.5723968973973785,-0.7626856492632715,-0.30111856843728013), (0.7033690787010285,-0.6454461352605171,0.29777714083611023), (-0.42146616824737143,-0.04135077853105071,0.9059008677210517), 0.11775435422864369, 0.2316994802096607, 0.9043524486089954,  (gDx*2, gDy*2, gDz*1)), rgb(0.13159414919181886,0.6539026513249897,0.5202570870165965)  );
  draw(  ellipsoid( (-0.4740589353735558,-0.8243989079248456,-0.3092483894942911), (0.7607653156987456,-0.5603269022016897,0.3275208346026954), (-0.44328801046529376,-0.08000127049854101,0.8928020701680417), 0.08000616699288086, 0.19995400226173501, 0.9459871845186465,  (gDx*2, gDy*2, gDz*2)), rgb(0.17007132517032997,0.6937064734284609,0.4943213231906417)  );
  draw(  ellipsoid( (0.4326366565498314,0.8275185188199092,0.35782485159570265), (-0.7677803307037394,0.5462184362814251,-0.3349011550453823), (-0.47258743867546943,-0.12984036689865397,0.8716665600616915), 0.060669207201585446, 0.17310775300219874, 0.980474466009656,  (gDx*2, gDy*2, gDz*3)), rgb(0.20594776354078786,0.7174722977424474,0.47402358703674585)  );
  draw(  ellipsoid( (0.8471832786666793,0.3736977941284669,0.37766446882264904), (0.3475241554388488,-0.9274413920298962,0.1381282944807576), (-0.40187989963929505,-0.014227544172007816,0.9155818495649332), 0.21577394714647286, 0.2997069383860886, 0.8100654025269592,  (gDx*2, gDy*3, gDz*0)), rgb(0.1301467838911675,0.558946514873955,0.5519666645805041)  );
  draw(  ellipsoid( (0.7040986800958317,0.6042264982144141,0.3730353703643323), (0.5669492693804414,-0.7946488285369911,0.2170294110340152), (-0.427567041101499,-0.05868200883009538,0.9020769630155585), 0.17094540636118133, 0.2712800642878343, 0.9037378569147276,  (gDx*2, gDy*3, gDz*1)), rgb(0.1194304938216125,0.6108313957070881,0.5390860715001466)  );
  draw(  ellipsoid( (-0.5601692001399775,-0.7398119222270434,-0.37267785947821597), (0.6958998069462857,-0.664322662453313,0.27276154208953973), (-0.44937058860884527,-0.1065538356028009,0.8869680683156927), 0.12354166816549743, 0.24926191980695905, 0.9655438168510082,  (gDx*2, gDy*3, gDz*2)), rgb(0.13250452250714398,0.6553674177066318,0.5194646785130472)  );
  draw(  ellipsoid( (0.4663207143135192,0.7887101047888462,0.4006012506297208), (-0.7445580588460313,0.594472711341098,-0.30370296751627773), (-0.4776801109629318,-0.15664790478883123,0.8644554040063088), 0.08362377335733194, 0.21485942557630436, 0.9815034997309806,  (gDx*2, gDy*3, gDz*3)), rgb(0.16873449586147382,0.6926733225409156,0.49511170704707164)  );
  draw(  ellipsoid( (-0.2646533750349682,-0.9498839392987227,-0.1663703487552418), (-0.8455986043181761,0.3115232410079335,-0.43349310339042924), (0.46359636695918266,0.025957121840700908,-0.8856662104698327), 0.12110374458713578, 0.2333709721879235, 0.7584640975908133,  (gDx*3, gDy*0, gDz*0)), rgb(0.12125807852565298,0.6288899511024157,0.5322219367030132)  );
  draw(  ellipsoid( (-0.23214243335099413,-0.9552544244892553,-0.18329995944238645), (-0.8352255628402976,0.292346200157086,-0.465759550016767), (0.4985059175335714,0.04497425649651456,-0.8657188726351054), 0.15823380401330245, 0.24897262578496915, 0.8131497178734757,  (gDx*3, gDy*0, gDz*1)), rgb(0.11954867074236433,0.6068670457470869,0.5404097912277639)  );
  draw(  ellipsoid( (0.2248624464347206,0.9474923351783504,0.22736568554130793), (0.8187739024380686,-0.3102362689250938,0.4830763439972744), (0.5282482152073292,0.07753536110519557,-0.8455424832074129), 0.22273185128618966, 0.2933220211656781, 0.8688322481198554,  (gDx*3, gDy*0, gDz*2)), rgb(0.12687153886476887,0.5692501325759565,0.5501093903931029)  );
  draw(  ellipsoid( (0.28337765781939883,0.9054696601710361,0.315945877578012), (0.7869924376597962,-0.4078331957078595,0.4629416675403137), (0.5480328513101055,0.11745969090910204,-0.8281685908656848), 0.2995695683990739, 0.36131229570454393, 0.9058030365855514,  (gDx*3, gDy*0, gDz*3)), rgb(0.1430291932232886,0.5235931768027684,0.5562272462641191)  );
  draw(  ellipsoid( (-0.38233641583349626,-0.8966670631330339,-0.2231749157499014), (0.82493140007176,-0.44004421553052353,0.3547524116250265), (-0.4163016337984295,-0.04846923014146148,0.9079337439627697), 0.0891256361660107, 0.21901940579067125, 0.7907518425100032,  (gDx*3, gDy*1, gDz*0)), rgb(0.140396602800534,0.6660761904564896,0.5132935485306236)  );
  draw(  ellipsoid( (-0.34176982776103865,-0.9104922544660758,-0.2328030055421804), (0.8290518178752216,-0.40876042509514826,0.38155995355097766), (-0.44256803783145043,-0.06260007534593254,0.894547238806707), 0.09199308703227792, 0.21600681640961222, 0.8400299911326792,  (gDx*3, gDy*1, gDz*1)), rgb(0.14351589240193002,0.6696897565998583,0.5110685521328105)  );
  draw(  ellipsoid( (-0.3218483703650509,-0.906980630728838,-0.2716611160546908), (0.8208183086244075,-0.4102980598141119,0.39738244342162676), (-0.4718802080192895,-0.09508752597209728,0.8765200691850575), 0.1272988124050482, 0.23794310924006318, 0.9051456510840048,  (gDx*3, gDy*1, gDz*2)), rgb(0.12720498735476693,0.6459248716331977,0.5244025633244318)  );
  draw(  ellipsoid( (0.3220523672058006,0.887553008336954,0.3294418464147549), (0.805376168987841,-0.4397643123730185,0.39746267244806105), (0.4976459576884042,0.13732081763195395,-0.8564411794404113), 0.19339437456527353, 0.2929960787478506, 0.9832345905155859,  (gDx*3, gDy*1, gDz*3)), rgb(0.11955358486765183,0.6067870498757029,0.5404354925378959)  );
  draw(  ellipsoid( (-0.4435787023747888,-0.8523601997370008,-0.27698379863053113), (0.8060935642465256,-0.514514270653244,0.2923837050426933), (-0.39172835036518733,-0.0935796729982561,0.9153096439575563), 0.092067689028303, 0.22725555157172336, 0.8431673659417016,  (gDx*3, gDy*2, gDz*0)), rgb(0.14318929566274546,0.6693266574154167,0.5112963171658607)  );
  draw(  ellipsoid( (-0.39643173339905996,-0.8748301065827608,-0.27841365873572355), (0.8197305285161041,-0.47385158956892076,0.3217243100570979), (-0.41338086720713785,-0.10068244970898493,0.9049747526575934), 0.07119922540246275, 0.2153812296024812, 0.8705881749636712,  (gDx*3, gDy*2, gDz*1)), rgb(0.17135589896653897,0.6946853601106012,0.49356558034517484)  );
  draw(  ellipsoid( (-0.3885025999363476,-0.8653964874115015,-0.31647219375252134), (0.8092014324313923,-0.48470347189400736,0.332047565997521), (-0.4407479683375535,-0.12708840981667247,0.8885886362634786), 0.07183303492443326, 0.2097029985545111, 0.9020584589581904,  (gDx*3, gDy*2, gDz*2)), rgb(0.17477837048182704,0.6972139185993074,0.4915735135039586)  );
  draw(  ellipsoid( (0.3857906287022512,0.8426140116614695,0.37572226199319986), (-0.7931621587523489,0.5109317714488641,-0.33142497619738837), (-0.4712317696514479,-0.17014803047902283,0.8654422378156005), 0.0978069207818386, 0.22776239883931343, 0.9621826535359593,  (gDx*3, gDy*2, gDz*3)), rgb(0.15096326620807288,0.6774083974626899,0.5060629726575248)  );
  draw(  ellipsoid( (-0.530738735764531,-0.7766480216670872,-0.339314374584495), (0.75206149830046,-0.6161625123783758,0.233981326420796), (-0.3907939318018321,-0.1310023235678176,0.9111083876722339), 0.1218763707147058, 0.24628216692014904, 0.8978874359184839,  (gDx*3, gDy*3, gDz*0)), rgb(0.1284245161093212,0.6483686318471629,0.523170018770782)  );
  draw(  ellipsoid( (-0.44463420648150925,-0.8305322456998931,-0.33543495834401504), (0.7979071679631146,-0.5374218701970054,0.272986968090118), (-0.4069945622973859,-0.14626661371155544,0.9016437788693016), 0.08868385240593954, 0.23885409661236431, 0.9246600655168116,  (gDx*3, gDy*3, gDz*1)), rgb(0.15504291832626607,0.6812372297392367,0.5034501877788482)  );
  draw(  ellipsoid( (-0.40889284666942016,-0.8387401856153417,-0.35961304339041983), (0.8043680649761195,-0.5173720387742713,0.29209277557161034), (-0.43104368222855477,-0.1698266013570776,0.8862055458426973), 0.06689948095808565, 0.2260868851102721, 0.9286506328371772,  (gDx*3, gDy*3, gDz*2)), rgb(0.18524205883974215,0.7045230967430527,0.48558048234372553)  );
  draw(  ellipsoid( (0.415793688534496,0.8071225049293151,0.4191287041130754), (-0.7821424005056553,0.5525138594295447,-0.2880654447682336), (-0.46407852127213334,-0.20804253693631128,0.8610165090861925), 0.06144847962846121, 0.21385834935804027, 0.9364917864482347,  (gDx*3, gDy*3, gDz*3)), rgb(0.19614189156088924,0.7115560377106801,0.4794608028004007)  );
