import settings;
import three;
surface ellipsoid(triple v1,triple v2,triple v3,real l1,real l2, real l3, triple pos=O) {
  transform3 T = identity(4);
  T[0][0] = l1*v1.x;
  T[1][0] = l1*v1.y;
  T[2][0] = l1*v1.z;
  T[0][1] = l2*v2.x;
  T[1][1] = l2*v2.y;
  T[2][1] = l2*v2.z;
  T[0][2] = l3*v3.x;
  T[1][2] = l3*v3.y;
  T[2][2] = l3*v3.z;
  T[0][3] = pos.x;
  T[1][3] = pos.y;
  T[2][3] = pos.z;
  return T*unitsphere;
}

size(200);

real gDx=1.5;
real gDy=1.5;
real gDz=1.5;

currentprojection=perspective(up=Y, camera = (gDx*-2.0,gDy*6.0,gDz*14.0), target = (gDx*1.5,gDy*1.5,gDz*0.0) );
currentlight=Viewport;

  draw(  ellipsoid( (0.3108940900791618,0.7516005353851541,0.5817572517490435), (0.7037119842230094,-0.5934532855622032,0.3906438801726466), (0.6388539019328029,0.28794067629317616,-0.713411423318313), 0.2688460633280931, 0.28319198440871324, 0.8024263772014208,  (gDx*0, gDy*0, gDz*0)), rgb(0.13941016685469798,0.5331147688802818,0.5553663968571245)  );
  draw(  ellipsoid( (0.4344084039604971,0.6105555611341419,0.6622018161683538), (-0.649985937057636,0.7214544560106603,-0.23879227275954498), (-0.6235444011422122,-0.3266884979158823,0.7102584072953058), 0.37828120130649745, 0.4084709167897946, 0.8226466449063203,  (gDx*0, gDy*0, gDz*1)), rgb(0.1724673836748975,0.44940071707035534,0.5578980455644901)  );
  draw(  ellipsoid( (0.48990461325017304,0.5685732120567024,0.6608464060942772), (-0.650297037702716,0.7432059457879746,-0.1573489272301361), (-0.5806093632307959,-0.35266049491958507,0.7338414969540785), 0.48961386002213575, 0.5420450279616922, 0.8364735572598373,  (gDx*0, gDy*0, gDz*2)), rgb(0.21211232181350975,0.3602872022125616,0.5517841059093548)  );
  draw(  ellipsoid( (0.5725837472960127,0.545178869085634,0.6123135251119031), (-0.6623147794765276,0.7477840663897412,-0.0464556018213279), (-0.4832049101772596,-0.37894457478123794,0.7892490253554028), 0.5995697806919034, 0.6737431371248209, 0.8460208682112218,  (gDx*0, gDy*0, gDz*3)), rgb(0.25458793196293916,0.2635162845828444,0.5293449594677946)  );
  draw(  ellipsoid( (0.41215836673989703,0.5752095217553636,0.706582965268953), (-0.5970130514259483,0.7563321941125598,-0.26746406969153663), (-0.6882593240584377,-0.31160169805514276,0.6551362336306654), 0.13893529747059807, 0.16321408627349887, 0.8141515054323221,  (gDx*0, gDy*1, gDz*0)), rgb(0.12474694402167823,0.6403706403945874,0.5271099385353708)  );
  draw(  ellipsoid( (0.39487305465492406,0.5495597875037032,0.7362467729412293), (-0.6015797036422472,0.7603454987561576,-0.24490116922333363), (-0.6943897542973941,-0.3462062426937654,0.6308439637871399), 0.22201362188601462, 0.2505356261251192, 0.8359265746238198,  (gDx*0, gDy*1, gDz*1)), rgb(0.12560850752650596,0.5735715786258976,0.549238930295101)  );
  draw(  ellipsoid( (0.3835715208219285,0.5319637617818047,0.754908898189248), (-0.6082620009866062,0.7606080712261023,-0.22692003027824195), (-0.6949030339336005,-0.3721423358564028,0.6153209368233927), 0.32562274057915624, 0.36404454785634377, 0.8432437105771224,  (gDx*0, gDy*1, gDz*2)), rgb(0.15470174621725669,0.4936007785644208,0.5578309459415588)  );
  draw(  ellipsoid( (0.3372433414058438,0.5677517605759871,0.7509493105664913), (-0.6405459833172418,0.722952312389583,-0.2589223769138205), (-0.6899041759067489,-0.39369771700305756,0.6074819632655852), 0.44905298728182585, 0.4946415098453784, 0.8471360246134981,  (gDx*0, gDy*1, gDz*3)), rgb(0.19388343902063881,0.39980457794377733,0.5555986706973074)  );
  draw(  ellipsoid( (0.4371904828266281,0.44702240944617755,0.7804072316289449), (0.5298055951460318,-0.8291940433413403,0.17816641052453908), (-0.726753405962283,-0.3355714587687295,0.5993507178456098), 0.07034484566246639, 0.1068973783920919, 0.7607885363487592,  (gDx*0, gDy*2, gDz*0)), rgb(0.1750134683661135,0.6973876114257732,0.4914366735923231)  );
  draw(  ellipsoid( (0.4135288744967678,0.400458514608345,0.8176960609145152), (-0.526144611911334,0.83805511490206,-0.14434497477628633), (-0.7430785404747668,-0.37053556167279184,0.557259078186905), 0.1076595941250307, 0.14803122155461532, 0.7894974501002431,  (gDx*0, gDy*2, gDz*1)), rgb(0.13615738691734744,0.6606378281424738,0.5164986131415761)  );
  draw(  ellipsoid( (0.3955792977595231,0.3477824156383287,0.8500378877184543), (-0.5211859396232773,0.8470791669534375,-0.10402932880910101), (-0.756228957077871,-0.40187594638922963,0.5163462870890779), 0.16424512152285797, 0.20876300075123758, 0.7933644775822459,  (gDx*0, gDy*2, gDz*2)), rgb(0.11950368005170256,0.6078077353920192,0.5401024555494871)  );
  draw(  ellipsoid( (0.2831384214290852,0.43058038467397314,0.8569907622866532), (0.57261588774279,-0.7927097519894583,0.20909876662799373), (0.7693787619990445,0.43152263142832337,-0.4710037570444562), 0.2479303922458844, 0.2880645180659265, 0.79481800076643,  (gDx*0, gDy*2, gDz*3)), rgb(0.13705725810801175,0.5394182870076423,0.5546846418353075)  );
  draw(  ellipsoid( (0.3794536324629575,0.4493089297129058,0.8087870093485118), (-0.5301158272171561,0.8220293281205474,-0.20795430614332522), (-0.7582823686098316,-0.3498417776508774,0.550107789497238), 0.05620312935197369, 0.10147431672683369, 0.7128679639297885,  (gDx*0, gDy*3, gDz*0)), rgb(0.18821019765023278,0.7064803182277293,0.48390595764527117)  );
  draw(  ellipsoid( (0.37901173678166816,0.3517222989790998,0.8559448158512324), (-0.5071440253601524,0.8526311553391327,-0.12579765691998004), (-0.774051058343857,-0.38640851096464207,0.5015310775324326), 0.06444932467462851, 0.11496848881366811, 0.7389504682715214,  (gDx*0, gDy*3, gDz*1)), rgb(0.17575752029009264,0.6979357707351201,0.49100395032247807)  );
  draw(  ellipsoid( (0.3459795335807621,0.2972813102617046,0.8898999859042153), (0.5099196157939797,-0.8557477012698004,0.08762338272386329), (-0.7875786613232728,-0.4234615618217744,0.44766076205951416), 0.08813647090669668, 0.14115437085845695, 0.752442651933569,  (gDx*0, gDy*3, gDz*2)), rgb(0.14558887311459007,0.6719366849847549,0.5096425566471021)  );
  draw(  ellipsoid( (0.27277180077180413,0.2983426607173322,0.9146514098277059), (0.5334778222731972,-0.8380603906899682,0.11426370683303194), (0.8006228561853292,0.45677832517828637,-0.38775843485469796), 0.12729644868494153, 0.176593008293364, 0.7566587884301862,  (gDx*0, gDy*3, gDz*3)), rgb(0.12243586774347778,0.6335530534188646,0.5302190920842879)  );
  draw(  ellipsoid( (0.005447134178639266,0.9381363485733598,0.3462232231013447), (0.7807139527323463,-0.220338821310213,0.5847533906123688), (0.6248648275733523,0.26711607085510397,-0.7336163520210381), 0.41646437519106144, 0.434639362416927, 0.7401719680841199,  (gDx*1, gDy*0, gDz*0)), rgb(0.20030611203736265,0.38570028187335725,0.5544734610342719)  );
  draw(  ellipsoid( (0.3606417347708229,0.7423028603130862,0.5647335678995026), (-0.732996271894016,0.5999783852130537,-0.32053455767921535), (-0.5767616531384215,-0.2983494609483106,0.7604824748939896), 0.5115196145502617, 0.5403521983240324, 0.7576188140466764,  (gDx*1, gDy*0, gDz*1)), rgb(0.2393979230472032,0.3007350086111697,0.5408128351884846)  );
  draw(  ellipsoid( (0.5403184535961494,0.6281320087663338,0.5599161975390927), (-0.7044598121713446,0.7015914684117277,-0.10726501986850076), (-0.4602090196193252,-0.3364811896897731,0.8215765741828174), 0.5871297728217902, 0.6380715212225483, 0.7727176186536426,  (gDx*1, gDy*0, gDz*2)), rgb(0.26747454018198424,0.22522455916592798,0.5128402690446504)  );
  draw(  ellipsoid( (-0.6749965209189062,-0.6018541170376165,-0.4267918913853024), (-0.702018851796851,0.701891598669751,0.12048948268895548), (-0.22704455172763602,-0.3809459351688808,0.8962873233562458), 0.6414301656972841, 0.7188492206358866, 0.796326133850787,  (gDx*1, gDy*0, gDz*3)), rgb(0.277271948234213,0.18446425698575228,0.48939507027595003)  );
  draw(  ellipsoid( (0.19153867898854463,0.8092406468891244,0.5553760076504877), (0.7225403255673514,-0.4992265675480508,0.47823457861515756), (0.6642653177611708,0.30968114194548874,-0.6803301977297412), 0.2973139773991384, 0.31835237876976347, 0.8305633793784069,  (gDx*1, gDy*1, gDz*0)), rgb(0.14575803065334297,0.5165057847964095,0.5567484649500275)  );
  draw(  ellipsoid( (0.24668727843006652,0.7500067455091627,0.613706174281733), (0.7119855509946215,-0.5698819335365167,0.41025742772504015), (0.6574358994119903,0.33574464034357115,-0.6745765891616115), 0.41231267050684034, 0.43957541464940525, 0.8569821131457467,  (gDx*1, gDy*1, gDz*1)), rgb(0.17759464085732013,0.4371214500796026,0.5575504815064296)  );
  draw(  ellipsoid( (0.3221017412104763,0.6939363940097791,0.643974183782148), (0.705232272896792,-0.6296853158336438,0.32579724413860367), (0.631583652079441,0.3492115176969219,-0.6922090770380058), 0.524251190741636, 0.5658614013475061, 0.8705540545447042,  (gDx*1, gDy*1, gDz*2)), rgb(0.21599875785859268,0.3519862096786127,0.5506885386363828)  );
  draw(  ellipsoid( (0.40173313551416456,0.6737260035409511,0.6202449193525862), (-0.7219610994423789,0.6496821505632999,-0.23808669457027046), (-0.563367250310053,-0.35214538956542435,0.7474028136727248), 0.6352496856664521, 0.6937542718434574, 0.8755909226546051,  (gDx*1, gDy*1, gDz*3)), rgb(0.25825556864813065,0.25352021253751433,0.525524880754635)  );
  draw(  ellipsoid( (0.4068157152804804,0.5129663616030852,0.7558878790300345), (-0.5838259309820548,0.7824101658834827,-0.216752427057042), (-0.702601064697292,-0.3531286510407698,0.617779814902007), 0.1545883682116077, 0.1884266797425106, 0.8117673456440623,  (gDx*1, gDy*2, gDz*0)), rgb(0.12019562654302812,0.6229156418909949,0.5346459542195062)  );
  draw(  ellipsoid( (0.35192453066658647,0.5248206862423832,0.7750563669870576), (-0.6066538885001459,0.7584636426330909,-0.23812593804832685), (-0.7128254935696073,-0.38638859985229673,0.5853064715355771), 0.24472322472308744, 0.27815186928897184, 0.8431092162377501,  (gDx*1, gDy*2, gDz*1)), rgb(0.13113585128145994,0.5560064541811002,0.5524416404458988)  );
  draw(  ellipsoid( (0.3109839756907962,0.5329561690045082,0.7869222889101468), (0.6219823770487428,-0.740175808335456,0.2554950007255518), (0.7186284780777493,0.40999694471421555,-0.5616721604465246), 0.3547457884053288, 0.3896902749816516, 0.8609113705170846,  (gDx*1, gDy*2, gDz*2)), rgb(0.1606633964968207,0.4785440300144486,0.5581149542167686)  );
  draw(  ellipsoid( (0.19253030970235896,0.62747451557129,0.7544586218968465), (0.6604318525502385,-0.651509151761555,0.37331701449036475), (0.7257836096130681,0.42639366491484415,-0.539839415509384), 0.4756000851992785, 0.5140752521468676, 0.8692924648998682,  (gDx*1, gDy*2, gDz*3)), rgb(0.1979712732934181,0.3907952204105394,0.5549078883127382)  );
  draw(  ellipsoid( (0.40196073160036166,0.41868908026831564,0.8143261166850626), (-0.5527881540674143,0.8199445337902285,-0.1487152252806184), (-0.7299676889931785,-0.39037215009731163,0.5610318684837433), 0.07543189586673808, 0.12425946346129663, 0.7499166605050194,  (gDx*1, gDy*3, gDz*0)), rgb(0.1613786498763972,0.6867726073736102,0.4995202855380678)  );
  draw(  ellipsoid( (0.38492252318458675,0.35282033267973245,0.852849613937284), (-0.5456080471891034,0.8322837497425586,-0.09805926145428148), (-0.7444101759028445,-0.42757639406570325,0.5128663736784334), 0.12028855882247218, 0.1689861054025545, 0.7821386511980661,  (gDx*1, gDy*3, gDz*1)), rgb(0.1266971572349422,0.6448746062746504,0.5249274076277144)  );
  draw(  ellipsoid( (0.315983827504332,0.36190510366390977,0.8770284583169051), (0.5718942469750515,-0.8102329534023626,0.12829470564962475), (0.7570278667476849,0.4610284776051269,-0.4629919565225172), 0.1930638068027561, 0.23628284830607219, 0.8002115110873909,  (gDx*1, gDy*3, gDz*2)), rgb(0.1227199343191229,0.5848812286678544,0.5466750556305497)  );
  draw(  ellipsoid( (0.192641234901524,0.4232804228327111,0.8852813328327763), (0.6039633349169476,-0.7621928635747901,0.23300285146680133), (0.773380659631216,0.4897915090752629,-0.40247563025127614), 0.2736098875010959, 0.30990280184789515, 0.8105095302604466,  (gDx*1, gDy*3, gDz*3)), rgb(0.14271262123988854,0.5244205808502913,0.556158895494976)  );
  draw(  ellipsoid( (-0.26419126669181286,0.9628568528925998,0.05576428464110211), (0.7296639750586771,0.16172783650840325,0.6644054412780509), (0.630708695124258,0.21621930472571135,-0.7452890406805844), 0.4862782690224703, 0.5230131449964545, 0.6595142408680571,  (gDx*2, gDy*0, gDz*0)), rgb(0.26081488727300234,0.2462004547558143,0.5225181215312394)  );
  draw(  ellipsoid( (-0.04141452108498451,-0.9484639531595276,-0.31416710044226975), (0.8567435012117752,-0.19549450059126694,0.4772551449381768), (-0.5140772418369541,-0.24939532833550215,0.8206866391197901), 0.5559957140893533, 0.5812332641600377, 0.6766375759504355,  (gDx*2, gDy*0, gDz*1)), rgb(0.27848660161065186,0.17752347167672097,0.48477293941627625)  );
  draw(  ellipsoid( (-0.4634250908795656,-0.7950526892140463,-0.3913162487257325), (0.8367486026699164,-0.5379837112059193,0.10210437016625916), (-0.2917001218258393,-0.28011559729979046,0.9145743770061415), 0.5959499922740813, 0.6319281188849045, 0.7004377897222062,  (gDx*2, gDy*0, gDz*2)), rgb(0.2821147474107438,0.14807286877422837,0.46320381844951086)  );
  draw(  ellipsoid( (-0.6079888816273517,-0.7304678340265649,-0.31107276201889006), (-0.7869793388484013,0.6062593465460283,0.11451255368437158), (-0.10494303237116727,-0.31443019603422434,0.9434620351548987), 0.611004956316058, 0.6682594154750294, 0.73020398880131,  (gDx*2, gDy*0, gDz*3)), rgb(0.28111893384460496,0.15849368310511971,0.4711932033872256)  );
  draw(  ellipsoid( (0.15604186150317528,-0.9615926730429283,-0.22581069197179215), (-0.7534109880516824,0.03197043986426762,-0.6567722391041455), (-0.6387666401289374,-0.2726122193245215,0.7194857589510355), 0.4712617606024899, 0.5072757166208766, 0.8150887014488237,  (gDx*2, gDy*1, gDz*0)), rgb(0.2077119980111996,0.3697067262812717,0.5528906737434653)  );
  draw(  ellipsoid( (0.006058323119831738,0.9288699715569053,0.37035641301434175), (0.8018290227898346,-0.22581690300131554,0.553242211450639), (0.5975228154078088,0.2936108006507397,-0.7461629733565968), 0.5739990160698016, 0.610697324572843, 0.8386968540191455,  (gDx*2, gDy*1, gDz*1)), rgb(0.24316706367430713,0.29196354424453225,0.5384794728483434)  );
  draw(  ellipsoid( (0.22269158904028738,0.8683164827053471,0.44320981716668484), (0.8375199916011836,-0.40308553862165436,0.3688933615863046), (0.49896765410100963,0.2890476334729363,-0.8169961724173684), 0.6572042976902914, 0.7031147118855092, 0.8555170136327437,  (gDx*2, gDy*1, gDz*2)), rgb(0.2687940165825391,0.22063266831940853,0.5105094579760054)  );
  draw(  ellipsoid( (-0.4192382731402013,-0.8249583759194715,-0.3790553367712027), (0.8518279074660992,-0.5018581291326123,0.15009208601868682), (-0.31405172567007006,-0.2599655673811865,0.9131207025250433), 0.707769348506307, 0.7768130031797454, 0.8776120504078604,  (gDx*2, gDy*1, gDz*3)), rgb(0.2773527660487888,0.1840168134815917,0.4891004258289601)  );
  draw(  ellipsoid( (0.015214115787198055,0.8798222575344542,0.47505928664514113), (0.7444136424554583,-0.3271638802791127,0.5820757032954661), (0.6675453989108241,0.3447848468069492,-0.6599292006005625), 0.3482769870148786, 0.37516205377583045, 0.8681691553019072,  (gDx*2, gDy*2, gDz*0)), rgb(0.1569769004634795,0.4878351881349099,0.5579733072897106)  );
  draw(  ellipsoid( (-0.01794559608904308,0.8780706466064897,0.4781944114573801), (0.745423106454484,-0.30699771664003006,0.5916897788043619), (0.6663500190926356,0.3670753894581723,-0.6490248920568266), 0.47060730589438937, 0.502528586522226, 0.90889061036282,  (gDx*2, gDy*2, gDz*1)), rgb(0.1881943763380095,0.4125618914700919,0.5564211689298463)  );
  draw(  ellipsoid( (0.014275571131288866,0.8611726168110824,0.5081121255428058), (0.7574725269677335,-0.3410320091282415,0.5567158517943164), (0.6527109459462062,0.37693353897564996,-0.657183024915663), 0.5898470243111994, 0.6307172626038909, 0.9302952623292315,  (gDx*2, gDy*2, gDz*2)), rgb(0.22621345914423568,0.3300438945557625,0.5471726595921649)  );
  draw(  ellipsoid( (0.05770113918956665,0.8636995383047126,0.5006932055345396), (0.7837973177741103,-0.3498201456249051,0.5131156111102845), (0.6183302864863867,0.3628346362286798,-0.6971504023999875), 0.694602565269918, 0.7494339063719117, 0.9364244668163244,  (gDx*2, gDy*2, gDz*3)), rgb(0.26227604682201106,0.24186461773346796,0.5206491657995588)  );
  draw(  ellipsoid( (0.322196119726508,0.5554028116678291,0.7666272739895521), (0.6440094245449661,-0.7221423491908933,0.2525119573452304), (0.693859871681914,0.4123568167213088,-0.5903561079323454), 0.18964150825182619, 0.2232166421974757, 0.8108732714707505,  (gDx*2, gDy*3, gDz*0)), rgb(0.12112432870207751,0.5928885392628621,0.5445991793535847)  );
  draw(  ellipsoid( (0.18941451160297265,0.6285911865453844,0.7543177467033857), (0.6810214551953282,-0.6375183348212248,0.3602501219020058), (0.7073414453839421,0.4454699686446211,-0.5488393086121985), 0.2943114907374067, 0.3197332295403719, 0.8577157492404448,  (gDx*2, gDy*3, gDz*1)), rgb(0.14259493733483392,0.5247281637839568,0.5561334864700209)  );
  draw(  ellipsoid( (0.0008123961558901088,0.7391126066945367,0.6735813942187633), (-0.6961111746986433,0.48400497794635877,-0.5302531600875375), (-0.7179335432142455,-0.46845675995586966,0.5148977486642252), 0.40892903903149874, 0.4365730274860126, 0.8914626166988189,  (gDx*2, gDy*3, gDz*2)), rgb(0.17156381709703927,0.4515902410072392,0.557944892827114)  );
  draw(  ellipsoid( (-0.14385749422424102,0.7863309617311113,0.6008233017939203), (0.6579689217114848,-0.37749759626261487,0.6515922520087035), (0.7391765143843171,0.48905948865038185,-0.46307547672456006), 0.5173153816419991, 0.5525327176109742, 0.9049441474092502,  (gDx*2, gDy*3, gDz*3)), rgb(0.20498445681675334,0.3755706898083042,0.5535147128786998)  );
  draw(  ellipsoid( (0.29808925632994876,-0.9522125973933787,0.06658802164063359), (-0.7077160794597475,-0.26728295625507087,-0.6539860642014281), (-0.6405316121275996,-0.1478208059134634,0.7535703438991694), 0.4811677467522426, 0.5482071235746346, 0.590764064382923,  (gDx*3, gDy*0, gDz*0)), rgb(0.27829253767734097,0.17868618642212286,0.48555968509186087)  );
  draw(  ellipsoid( (-0.18926154743585014,0.9793708525104746,0.07080112933487621), (0.9018983423500954,0.14487221514182475,0.4069292584050093), (0.38827753827428546,0.14087148232629482,-0.9107116880433969), 0.5138367657536139, 0.5649049353499013, 0.6068727003154595,  (gDx*3, gDy*0, gDz*1)), rgb(0.28191757442163745,0.15050401662253948,0.4651094978355386)  );
  draw(  ellipsoid( (0.019715236207935916,0.9774546898562002,0.21022283115633386), (0.9755505263404756,-0.06484029964833198,0.20999263343826036), (0.218889195754579,0.200942939213184,-0.9548347789865428), 0.5348937987815578, 0.5741058761874983, 0.628916763548292,  (gDx*3, gDy*0, gDz*2)), rgb(0.2821849630743777,0.14720710789929842,0.4625251831893273)  );
  draw(  ellipsoid( (-0.21221891849456082,-0.9316144983468945,-0.29505517637022216), (-0.9675115411390627,0.24276313841630087,-0.07062206729474636), (0.13742106241662275,0.2704819496678709,-0.9528667097281518), 0.5443246864266202, 0.5844168594524203, 0.6475393828173257,  (gDx*3, gDy*0, gDz*3)), rgb(0.2814008945659317,0.15593478589704998,0.4692764924543834)  );
  draw(  ellipsoid( (0.24169365804391504,-0.9693499049515488,-0.044101444781030515), (-0.7665874068866475,-0.16287840026637113,-0.6211395771720502), (-0.594918417318002,-0.18393310875720836,0.7824581063793463), 0.5712623677549906, 0.6455494187406485, 0.7698183780488733,  (gDx*3, gDy*1, gDz*0)), rgb(0.2642307360036976,0.2358400649006165,0.5179333812577611)  );
  draw(  ellipsoid( (-0.09360139240428472,0.9825290718908619,0.16085832968565994), (0.8918423547683024,0.010926128029440258,0.4522143672724407), (0.44255620386715827,0.18578816597287753,-0.8772837419006037), 0.6326454322464382, 0.6994536030820333, 0.7942889499183748,  (gDx*3, gDy*1, gDz*1)), rgb(0.27578116735633695,0.19206242921389455,0.49423743994173863)  );
  draw(  ellipsoid( (-0.12636379233706874,-0.9666398096307169,-0.2227996194415187), (-0.9643252547164864,0.172369199550481,-0.20091207570056593), (0.23261340267099345,0.18946328795684345,-0.9539364063785406), 0.6682858636657982, 0.7357282364152075, 0.8234865736231565,  (gDx*3, gDy*1, gDz*2)), rgb(0.27814240995938727,0.17958566170524354,0.48616831097545693)  );
  draw(  ellipsoid( (-0.3047174827301535,-0.9226514234907167,-0.2363506006955614), (-0.9463552827805461,0.3213111783519443,-0.03421703405378116), (-0.10751248519103215,-0.21324511107323973,0.9710651822258944), 0.6815383856133568, 0.7589515973986637, 0.8502550531054872,  (gDx*3, gDy*1, gDz*3)), rgb(0.2766716645122813,0.18761148699306893,0.4914241989557352)  );
  draw(  ellipsoid( (-0.23309270494551165,0.9549176215532801,0.1838481083617984), (0.7443401994747075,0.053535022126729316,0.6656513117630305), (0.6257998548634671,0.29200400246044145,-0.7232621960257194), 0.562778498999183, 0.6261405927227587, 0.9022494663180075,  (gDx*3, gDy*2, gDz*0)), rgb(0.22563126703243996,0.33130589236383334,0.5474023646352048)  );
  draw(  ellipsoid( (-0.1560772544261002,0.9538525304213396,0.25652532206317896), (0.8027836298632215,-0.028813171093249466,0.5955738785366441), (0.5754809590893867,0.29888986496761444,-0.7612401160903179), 0.6612021281382768, 0.7318225471076717, 0.9352210478950517,  (gDx*3, gDy*2, gDz*1)), rgb(0.2533399320776616,0.2668019969099774,0.5305285074118622)  );
  draw(  ellipsoid( (-0.029280581388960406,0.9569092767391362,0.28890705018068974), (0.8893323385186684,-0.10700858466717993,0.4445640049221745), (0.4563229549545373,0.2699514750804493,-0.847877091259959), 0.7361143159856981, 0.8197726348999301, 0.9597561677945055,  (gDx*3, gDy*2, gDz*2)), rgb(0.26997759133472277,0.21634722358306246,0.5082633107069345)  );
  draw(  ellipsoid( (-0.14248890958443766,-0.951794146348896,-0.2716336017900109), (-0.9545920965162031,0.20468543373337802,-0.21646663134575503), (0.2616311141937007,0.22845519515510102,-0.9377405738755294), 0.7771254639311634, 0.8761458103629615, 0.9846342195160147,  (gDx*3, gDy*2, gDz*3)), rgb(0.27459844471764777,0.19758961546548293,0.4976249112422536)  );
  draw(  ellipsoid( (-0.16138135748967247,0.9049828943579112,0.3936521540324254), (0.7354085124576671,-0.15572407176417483,0.659487932624993), (0.6581264143457485,0.39592420283782154,-0.6404011620442642), 0.42838935538046347, 0.4685434984978854, 0.9018615355889312,  (gDx*3, gDy*3, gDz*0)), rgb(0.17731329475157864,0.4377879487040515,0.5575733215106261)  );
  draw(  ellipsoid( (-0.23093289275532156,0.9047062628337175,0.35801756525777845), (0.7161253148685603,-0.09105048084556513,0.6920074734727917), (0.6586611666464512,0.41619272930607526,-0.6268565064069255), 0.5530611253311066, 0.6081544368839492, 0.9538520330234378,  (gDx*3, gDy*3, gDz*1)), rgb(0.20979728795107525,0.365237899466448,0.5523820526334817)  );
  draw(  ellipsoid( (-0.22445225379552308,0.9060233331316313,0.3588076164007102), (0.7306394204191407,-0.08717442404317215,0.6771754994994456), (0.6448156504736005,0.4141525559667481,-0.6424098670556961), 0.6694217264461944, 0.7436376573066666, 0.9874175312037876,  (gDx*3, gDy*3, gDz*2)), rgb(0.2441318706614315,0.2896711545392454,0.5378276183158913)  );
  draw(  ellipsoid( (-0.18625265661015464,0.9202767490011738,0.34409395977478296), (0.7805635032940083,-0.07409361856459212,0.6206696005230073), (-0.5966829687791034,-0.38418854867868535,0.7045343099048623), 0.7562583474702746, 0.8533957879272862, 0.9999999999999999,  (gDx*3, gDy*3, gDz*3)), rgb(0.26773080174109176,0.22435441454916022,0.5124080584467609)  );
