import settings;
import three;
surface ellipsoid(triple v1,triple v2,triple v3,real l1,real l2, real l3, triple pos=O) {
  transform3 T = identity(4);
  T[0][0] = l1*v1.x;
  T[1][0] = l1*v1.y;
  T[2][0] = l1*v1.z;
  T[0][1] = l2*v2.x;
  T[1][1] = l2*v2.y;
  T[2][1] = l2*v2.z;
  T[0][2] = l3*v3.x;
  T[1][2] = l3*v3.y;
  T[2][2] = l3*v3.z;
  T[0][3] = pos.x;
  T[1][3] = pos.y;
  T[2][3] = pos.z;
  return T*unitsphere;
}

size(200);

real gDx=1.5;
real gDy=1.5;
real gDz=1.5;

currentprojection=perspective(up=Y, camera = (gDx*-2.0,gDy*6.0,gDz*14.0), target = (gDx*1.5,gDy*1.5,gDz*0.0) );
currentlight=Viewport;

  draw(  ellipsoid( (-0.9234192525939087,-0.3759531294588464,0.07717595732485152), (-0.1095992688228699,0.45102720341518376,0.8857553059694143), (-0.36781093541709614,0.8094650741258564,-0.45769139117752944), 0.6172975376113995, 0.7918337480437273, 1.0000000000000004,  (gDx*0, gDy*0, gDz*0)), rgb(0.22805846442312888,0.32603353851156197,0.5464226352021144)  );
  draw(  ellipsoid( (-0.9119736236508756,-0.3963322396497703,0.1059474661296264), (-0.10278151172398978,0.4707457653617316,0.8762615963522132), (-0.3971650420326824,0.7882380225592998,-0.47004334819140076), 0.6051303403428088, 0.809354352844821, 0.9872007463835328,  (gDx*0, gDy*0, gDz*1)), rgb(0.22615887137830792,0.33016244488186974,0.5471946748747618)  );
  draw(  ellipsoid( (-0.9001360814401111,-0.40520995873261845,0.1598747141781694), (-0.05870377307865297,0.47650593976236144,0.8772091862249954), (-0.43163514907381145,0.7802223905497068,-0.45270754286727927), 0.5905085981512893, 0.8250585584506005, 0.9547287560858028,  (gDx*0, gDy*0, gDz*2)), rgb(0.22610085409843345,0.33028844321376843,0.5472180732826328)  );
  draw(  ellipsoid( (0.8879980572211612,0.40376132568841433,-0.22008235333569456), (0.04573053786383612,0.39868813921219515,0.9159456782791223), (-0.45756766524540143,0.8234224672243597,-0.3355700704652024), 0.569316141185034, 0.8281805459080915, 0.9147378374021792,  (gDx*0, gDy*0, gDz*3)), rgb(0.2246586501479283,0.3334082102839672,0.5477732438290408)  );
  draw(  ellipsoid( (-0.9078928264421734,-0.4010476125694381,0.12203043942883861), (-0.07433327267559237,0.4405046375159553,0.8946676639402326), (-0.4125593051528201,0.8031914322123278,-0.4297421819562653), 0.636813292990358, 0.8224944678374551, 0.9963269083081518,  (gDx*0, gDy*1, gDz*0)), rgb(0.23463458735059456,0.311520741968327,0.5433936465262211)  );
  draw(  ellipsoid( (-0.8862405440658537,-0.4197609395686912,0.19590419001713372), (-0.02476073163272744,0.46523597628924407,0.8848403203602364), (-0.4625630813444496,0.7793306358527187,-0.42270457272015105), 0.6192796013914101, 0.8453881507992165, 0.9721810600802969,  (gDx*0, gDy*1, gDz*1)), rgb(0.23213062104272847,0.317093338091865,0.5446162232455625)  );
  draw(  ellipsoid( (-0.8639934347836387,-0.43017244652007003,0.2616620165513285), (0.029603362400662178,0.47538404311145765,0.8792801899790411), (-0.5026320578567838,0.7674383869796587,-0.3979941414200897), 0.5968357066243553, 0.8588467153497685, 0.935872959654024,  (gDx*0, gDy*1, gDz*2)), rgb(0.2290050229751559,0.3239649879949226,0.5460189917514306)  );
  draw(  ellipsoid( (-0.8422735615875151,-0.4361413173960084,0.3167901493272111), (0.15246801361862478,0.3709315094024555,0.9160585789978756), (-0.5170384437098209,0.8198722867572054,-0.24592820320906056), 0.5697872859935323, 0.8574718944559295, 0.8898319208361501,  (gDx*0, gDy*1, gDz*3)), rgb(0.22569428882126663,0.3311696703445378,0.5473783331068545)  );
  draw(  ellipsoid( (-0.8855778366273429,-0.41425405467722853,0.21010824224173363), (0.04573405803734788,0.37237886638158585,0.9269532759572091), (-0.4622340221250179,0.8304983793216225,-0.31082495191713144), 0.6566711441388613, 0.8437355759601581, 0.9771716218147417,  (gDx*0, gDy*2, gDz*0)), rgb(0.24415630975628783,0.2896130870395248,0.537811106479883)  );
  draw(  ellipsoid( (0.8471690344259575,0.43546187107979084,-0.30442993602055374), (0.1675674481942182,0.32475115744367294,0.9308371694580491), (0.5042080695659966,-0.83958897359046,0.20214988995754798), 0.6342520305229824, 0.873883582342912, 0.9524861428455103,  (gDx*0, gDy*2, gDz*1)), rgb(0.23876943717778715,0.30217065280218336,0.5411699622884636)  );
  draw(  ellipsoid( (0.8121888704622565,0.44906152213521816,-0.372415074929634), (0.3377561476964073,0.15855032266885496,0.9277836923954228), (0.4756784874161613,-0.879321070212242,-0.022900482315232278), 0.6039937282541721, 0.8896283740962769, 0.9242887638951167,  (gDx*0, gDy*2, gDz*2)), rgb(0.23034789468096595,0.32102206105038233,0.5454316040507482)  );
  draw(  ellipsoid( (-0.7863309623421383,-0.46216812761851006,0.4099807793978727), (-0.6021440175605445,0.4248538951213136,-0.6759598730074847), (-0.13822517780105628,0.7783956510758829,0.6123675453581933), 0.5747680185719446, 0.8766295436100681, 0.903231400606875,  (gDx*0, gDy*2, gDz*3)), rgb(0.2236288065480563,0.33563151968711236,0.5481599417473701)  );
  draw(  ellipsoid( (0.8419207053280213,0.4384227987337351,-0.31457109767180763), (0.20993404357554513,0.2709056854674559,0.9394348337854144), (0.49708874789919355,-0.8569688203965686,0.13604123485225225), 0.6679399710055258, 0.8586648953959589, 0.9560270362439584,  (gDx*0, gDy*3, gDz*0)), rgb(0.25102369123692847,0.2727646741634615,0.5325872252995597)  );
  draw(  ellipsoid( (-0.7890474993665851,-0.4582299558693561,0.40918131835080973), (0.44869767427590695,0.025076650195204497,0.8933317181844489), (0.4196122505870519,-0.8884798642394522,-0.1858200473531149), 0.6429542956758925, 0.8868693564331812, 0.9392701338688542,  (gDx*0, gDy*3, gDz*1)), rgb(0.2428168489431246,0.29278549232028445,0.5387043306027998)  );
  draw(  ellipsoid( (-0.75452051337681,-0.47565082438351336,0.45216710202852983), (-0.6439570551527405,0.40371876579032756,-0.6498695786600147), (-0.12656265646945522,0.7815161235777661,0.6109127945749512), 0.6139171650828587, 0.8952267206698219, 0.9428287354065444,  (gDx*0, gDy*3, gDz*2)), rgb(0.230821621700047,0.31998035124873386,0.5452181208669555)  );
  draw(  ellipsoid( (-0.7449429874533646,-0.47673913642705007,0.46666877037449894), (-0.664652924983252,0.5905738040139975,-0.4576669873648787), (0.05741458660710161,0.6511085760541212,0.7568098753541145), 0.5897480888312803, 0.8875930663178159, 0.9518082884834744,  (gDx*0, gDy*3, gDz*3)), rgb(0.22145212773720563,0.3403131078682947,0.5489356814522294)  );
  draw(  ellipsoid( (-0.9269870864630214,-0.35870175768508883,0.10967219594968737), (-0.04243870634494224,0.3908067013301568,0.9194939251562293), (0.3726847162610335,-0.8477046485829066,0.3774956039960784), 0.628236550108311, 0.7388220929497665, 0.8905682977430428,  (gDx*1, gDy*0, gDz*0)), rgb(0.25478956483336695,0.26297965815400415,0.5291479252417801)  );
  draw(  ellipsoid( (-0.9188633513193866,-0.38535095092450233,0.08482208570700871), (-0.07189948138223345,0.37489162573495083,0.9242763296389082), (-0.3879698521522918,0.8431849818250958,-0.37218070912601287), 0.6181727968545386, 0.7549582553510475, 0.8860589268167332,  (gDx*1, gDy*0, gDz*1)), rgb(0.2524955753874178,0.2689984882655857,0.5313025414598973)  );
  draw(  ellipsoid( (-0.9133351735902681,-0.38394354971993355,0.13566949292782088), (-0.009086976413711007,0.35230342299118794,0.9358417200618643), (-0.40710721873051087,0.8535043343634225,-0.3252599939746031), 0.6052867925438745, 0.7670343063725006, 0.8705095160439977,  (gDx*1, gDy*0, gDz*2)), rgb(0.2508545779937057,0.27319553532072827,0.5327329169799844)  );
  draw(  ellipsoid( (-0.9037765112683998,-0.38346339394275797,0.19011534179392597), (0.07867980869112798,0.2877692421003697,0.9544623360852468), (-0.4207107146054729,0.8775788789658057,-0.22990825520035643), 0.585669898659708, 0.7721008271340565, 0.8475154699111845,  (gDx*1, gDy*0, gDz*3)), rgb(0.24772536046752391,0.2809928435610057,0.5352444162554892)  );
  draw(  ellipsoid( (-0.8958680467467542,-0.4206982603216348,0.14294550213457288), (-0.03855473952301634,0.39410767765086535,0.9182552316632636), (-0.442644298368868,0.817124294204371,-0.3692883872294676), 0.6431424221735029, 0.781280539281002, 0.9179854965423444,  (gDx*1, gDy*1, gDz*0)), rgb(0.2533770062852686,0.26670555286273334,0.530494520946991)  );
  draw(  ellipsoid( (-0.8781451002073565,-0.44566901426973043,0.17389742005463601), (-0.024142924039174795,0.40432442505749605,0.9142969312650919), (-0.47778478648932604,0.7986869781220748,-0.3658152659165249), 0.628933182437753, 0.7959688396770126, 0.8937176000276787,  (gDx*1, gDy*1, gDz*1)), rgb(0.25302441716621515,0.26762277062275225,0.5308177445162094)  );
  draw(  ellipsoid( (-0.8606723806078102,-0.45524006947863677,0.22803405973663385), (0.04969230927616517,0.3706223756626347,0.9274533568093798), (-0.5067284555436836,0.8095650275297654,-0.296362512040648), 0.6091096538190692, 0.8059687713604818, 0.862208256841715,  (gDx*1, gDy*1, gDz*2)), rgb(0.2509295844640018,0.2730044363034165,0.5326682986302211)  );
  draw(  ellipsoid( (0.8458520494842918,0.4495759028845196,-0.2870815527490269), (0.26650123333864456,0.11003573226724779,0.9575328872959884), (0.46207294122487286,-0.8864387430443119,-0.02673858294330137), 0.5829652471487646, 0.8033478161754638, 0.8334973533271506,  (gDx*1, gDy*1, gDz*3)), rgb(0.2459240925953559,0.28537734532996767,0.5365771233641792)  );
  draw(  ellipsoid( (-0.8497483510185415,-0.4673021291827065,0.24404192263334307), (0.061955926663653085,0.37118471623837335,0.9264898108356542), (-0.523535293072509,0.8024030324546054,-0.28646146410143075), 0.6579076658383722, 0.8253884087770292, 0.9282895902200966,  (gDx*1, gDy*2, gDz*0)), rgb(0.25463470641440267,0.2633917988935986,0.5292992518020662)  );
  draw(  ellipsoid( (-0.8204325665379351,-0.48875767330906716,0.296658626278563), (0.12223274583612394,0.3569289707291812,0.9260998141126954), (-0.5585244485332214,0.7960638458287842,-0.2330939590700432), 0.6388453702599641, 0.8399845213696843, 0.9061370374069165,  (gDx*1, gDy*2, gDz*1)), rgb(0.25109165327952654,0.2725915227072775,0.5325286757501422)  );
  draw(  ellipsoid( (-0.794090617757569,-0.5039212827266271,0.33982853265220864), (0.25907514508963136,0.22514382437827318,0.9392498749220635), (-0.5498182972457241,0.8338906398080492,-0.04823111914868796), 0.6131174415080142, 0.845201170789617, 0.8727048474186109,  (gDx*1, gDy*2, gDz*2)), rgb(0.24649006704858015,0.28401149724763536,0.5361711851891913)  );
  draw(  ellipsoid( (-0.7724227873037496,-0.5095466984755955,0.37911106515970605), (-0.6082320864223939,0.4216768489531122,-0.6724896758339385), (-0.18280253472030458,0.7500338639885503,0.6356354585532786), 0.583197509038236, 0.8235078903421988, 0.8500247364185198,  (gDx*1, gDy*2, gDz*3)), rgb(0.24091986437235605,0.29721788349698786,0.539899348459744)  );
  draw(  ellipsoid( (0.7907305771147295,0.5073528459378189,-0.34254670358157374), (0.19606589268499408,0.32019343351104135,0.926841049404938), (0.5799166493052628,-0.8000432831136116,0.15371214982346187), 0.6662524200048978, 0.8631596355605267, 0.9336408456500073,  (gDx*1, gDy*3, gDz*0)), rgb(0.2540167907250964,0.2650363218772435,0.5299030746774058)  );
  draw(  ellipsoid( (0.7505027785000303,0.5273647169305086,-0.39828637285317586), (0.3956724405238961,0.12414949453044889,0.9099616600811805), (0.5293287251544148,-0.8405196953936528,-0.1154891439996128), 0.6409145726537366, 0.8780324927674734, 0.9140677625558,  (gDx*1, gDy*3, gDz*1)), rgb(0.2468343518946838,0.28317968638389485,0.5359232099152161)  );
  draw(  ellipsoid( (-0.7220233356991499,-0.5381664182027638,0.43480939390114487), (-0.6519540025564865,0.3188489160912304,-0.6879617338617201), (-0.23159939822126355,0.7802001506192229,0.5810761083690246), 0.6141921349831941, 0.8715838223730645, 0.8987293391545382,  (gDx*1, gDy*3, gDz*2)), rgb(0.23989804212853882,0.29957926012601027,0.5405126579503482)  );
  draw(  ellipsoid( (-0.7065029094251539,-0.5429240744462642,0.45396815787063766), (-0.7073834162820112,0.5612370090885126,-0.4296762990887114), (0.021502124150503347,0.6246971018149908,0.7805710663616526), 0.5885555018983185, 0.8462752282556925, 0.8931773033324946,  (gDx*1, gDy*3, gDz*3)), rgb(0.23372024488238793,0.3135657689864012,0.5438548593156962)  );
  draw(  ellipsoid( (0.9147743629782573,0.1665425233890209,-0.3680372980296168), (0.29830146131156865,0.33586482671960693,0.893426581399944), (-0.2724043006582435,0.927069795687372,-0.25756065481177015), 0.6307419765454465, 0.6953058081100303, 0.8093068323008807,  (gDx*2, gDy*0, gDz*0)), rgb(0.27245349560599397,0.20676331792574765,0.5029934485746506)  );
  draw(  ellipsoid( (-0.9592955736726776,-0.24956825512145553,0.1321653826372115), (0.056030360908485816,0.2904982672576011,0.9552336653284348), (0.27678981373683753,-0.9237567010614665,0.2646903025340434), 0.629526696794165, 0.7017459083802322, 0.8225850539342258,  (gDx*2, gDy*0, gDz*1)), rgb(0.2696177976614754,0.21767485385054636,0.5089691996152094)  );
  draw(  ellipsoid( (-0.9563700272229111,-0.2884388445789243,0.04646938742466465), (-0.03573707164251787,0.2733560688892195,0.9612488342317246), (-0.28996419216873287,0.9176488939346069,-0.2717375106983333), 0.6187941672061243, 0.7119496874458262, 0.8150183107980202,  (gDx*2, gDy*0, gDz*2)), rgb(0.2685433121350298,0.22151780469341342,0.5109642807460766)  );
  draw(  ellipsoid( (-0.9511703232767027,-0.3076553956098818,0.02496344667348741), (-0.06635565531408728,0.2827924768284302,0.9568831391852821), (-0.3014497356534433,0.9085023789739731,-0.28939848699172654), 0.6021139347018339, 0.7152851292215314, 0.7912707189640625,  (gDx*2, gDy*0, gDz*3)), rgb(0.26840421945660864,0.22200888488864523,0.5112166197768541)  );
  draw(  ellipsoid( (-0.9062485774448887,-0.32793968429088943,0.2667753349661609), (0.1290766391274036,0.38626939501135066,0.9133100107352043), (0.40255774382154147,-0.8621203616344741,0.30772673745476503), 0.6484645726054679, 0.7355172963731746, 0.8402879156637626,  (gDx*2, gDy*1, gDz*0)), rgb(0.2712189958330461,0.2116570258391745,0.5057270842733863)  );
  draw(  ellipsoid( (-0.9143728293614537,-0.3629360662507937,0.17944286204786483), (0.060979236242999675,0.3146999960062175,0.9472304076944044), (-0.40025474597155036,0.8770640366176726,-0.26562156162323036), 0.6415297211702934, 0.743269036920034, 0.8339004935811865,  (gDx*2, gDy*1, gDz*1)), rgb(0.2706258257122753,0.21394984724679306,0.5069865484876425)  );
  draw(  ellipsoid( (-0.9090055549118361,-0.378008303527025,0.17555233864590244), (0.09266340147516917,0.22736840889765994,0.9693900663109759), (-0.4063525503383441,0.8974482319888807,-0.1716516115087653), 0.6274113606590617, 0.7476903856182393, 0.8139431545450808,  (gDx*2, gDy*1, gDz*2)), rgb(0.2702046630097892,0.21550933439511363,0.507817812665332)  );
  draw(  ellipsoid( (0.8997334905880465,0.39375917704687124,-0.18823749999832687), (0.17427482009356723,0.07128636592426629,0.9821133036033401), (0.40013489349918463,-0.9164452872510627,-0.004483578895659061), 0.6046441406642329, 0.7425841978227259, 0.7847409976037878,  (gDx*2, gDy*1, gDz*3)), rgb(0.26865870786377666,0.22111038887796453,0.5107549322262379)  );
  draw(  ellipsoid( (-0.849131891959364,-0.4332133052204678,0.3021609872856997), (0.09816710826196051,0.4326682745864158,0.8961927153363269), (-0.5189780813415881,0.7906480862851507,-0.3248651331562575), 0.6609777508320707, 0.7823879703403213, 0.8676140206996015,  (gDx*2, gDy*2, gDz*0)), rgb(0.2686841268028972,0.22102064484738315,0.5107088177180276)  );
  draw(  ellipsoid( (-0.8389339159922191,-0.4677408535300597,0.27822361247193195), (0.10136650275108898,0.3679813142887096,0.9242913958565057), (-0.5347099369919862,0.8036219548228667,-0.2612987504920385), 0.64895860121807, 0.7907078402372837, 0.8473794906677833,  (gDx*2, gDy*2, gDz*1)), rgb(0.2683022513623593,0.22236889313781943,0.5114016081627646)  );
  draw(  ellipsoid( (-0.826071131075066,-0.4813035020564791,0.2931781460350165), (0.26094734321383534,0.13443025375088224,0.9559471695371634), (0.4995127330449161,-0.866184417883768,-0.01454591837445354), 0.6299773683065366, 0.78906814549112, 0.8220301572430619,  (gDx*2, gDy*2, gDz*2)), rgb(0.26662805087197017,0.22809884167176114,0.51426795742703)  );
  draw(  ellipsoid( (0.8115441653864579,0.48667389423176843,-0.3233335557910483), (0.5023470968266919,-0.2985460899735906,0.8114909897659216), (-0.2984015112846989,0.8209864510665,0.48676255528567636), 0.6057758519017893, 0.76759543016519, 0.8031237095505664,  (gDx*2, gDy*2, gDz*3)), rgb(0.26368947126427733,0.23754749584311968,0.5187233648146883)  );
  draw(  ellipsoid( (-0.7831848636467637,-0.4998824935482075,0.3697823170442669), (0.11377888109596716,0.46945108220115744,0.8755969664387331), (-0.6112903038419222,0.7278277090522105,-0.31079091100716116), 0.6634935818182983, 0.830292479926981, 0.887047757552119,  (gDx*2, gDy*3, gDz*0)), rgb(0.26341161002807517,0.23839835758643285,0.519104055207701)  );
  draw(  ellipsoid( (-0.7559472407093643,-0.5328469973887602,0.38028653228543474), (0.17730196319327063,0.3925508960160341,0.9024787021779632), (-0.6301648856543104,0.7496518334605692,-0.2022729479626398), 0.6471098353226361, 0.838716471293, 0.864351498002595,  (gDx*2, gDy*3, gDz*1)), rgb(0.2608097974171999,0.24621551319327464,0.5225245886039279)  );
  draw(  ellipsoid( (-0.7341234800629083,-0.5540335045740279,0.39256794549446516), (-0.5932132333849232,0.24199438666038794,-0.7678129828036689), (-0.330394878527695,0.7965460392433603,0.50631376794275), 0.625791317976251, 0.8265033653498558, 0.8444946784327259,  (gDx*2, gDy*3, gDz*2)), rgb(0.2577170179915359,0.2550257287674228,0.5261237438402093)  );
  draw(  ellipsoid( (-0.7164164466718532,-0.5615488990211617,0.41401728097531987), (-0.6834603761742657,0.44571820314398014,-0.5781152113427157), (-0.1401049218900144,0.6971356520751365,0.703116273078619), 0.6027103254040196, 0.7925992996372182, 0.8340489714090582,  (gDx*2, gDy*3, gDz*3)), rgb(0.2547527987005051,0.26307750766900667,0.5291838528488046)  );
  draw(  ellipsoid( (-0.8566336606506645,0.05990204408949866,0.5124358657960448), (-0.512971588780214,-0.2050179509359092,-0.8335633082725894), (-0.055126405148040514,0.9769234283749884,-0.2063533245370979), 0.5987934780519495, 0.6747499657354644, 0.7504706070493461,  (gDx*3, gDy*0, gDz*0)), rgb(0.27607006144243984,0.19067095630266506,0.49337219783341046)  );
  draw(  ellipsoid( (-0.9841248666401398,-0.027231252826131345,0.1753758983727421), (0.1559128652048229,0.33944444320701195,0.927614493439761), (-0.08479047897110692,0.9402318484530298,-0.32981001475159805), 0.6085190144817281, 0.6719827065028738, 0.7660862432247194,  (gDx*3, gDy*0, gDz*1)), rgb(0.27538772371738884,0.1939574703103634,0.4954158095243907)  );
  draw(  ellipsoid( (-0.9846531735622948,-0.13973856370212254,-0.10455267384514483), (-0.15627226104673275,0.43924263106901157,0.8846721943629257), (-0.0776988302424386,0.8874339664820368,-0.4543389119511071), 0.5995216018952876, 0.6776223378939038, 0.7708246131948256,  (gDx*3, gDy*0, gDz*2)), rgb(0.2724372420372382,0.2068293118301271,0.5030308814541364)  );
  draw(  ellipsoid( (-0.9492256161303755,-0.21409990403952026,-0.23050371097268144), (-0.3113365468489319,0.5341065157462526,0.78600240739681), (0.04516950606428867,-0.8178578488512939,0.573644711292837), 0.583547965239301, 0.6794007221876264, 0.7638494265827799,  (gDx*3, gDy*0, gDz*3)), rgb(0.26946326054277325,0.21824509221629362,0.5092723901550097)  );
  draw(  ellipsoid( (-0.9016511988979544,-0.08355714252466731,0.42431511811269934), (-0.3787129056615662,-0.321182919642358,-0.8679965824906133), (-0.2088100826379215,0.9433237705385796,-0.257950796326783), 0.6277812976508326, 0.7110488465234281, 0.7833573950985296,  (gDx*3, gDy*1, gDz*0)), rgb(0.27657499697842675,0.18810983898142974,0.49174330465525723)  );
  draw(  ellipsoid( (-0.9723015340022487,-0.15042445459336096,0.17889161645299084), (0.1239890641000244,0.3168574805774379,0.9403340092678338), (-0.19813237736542244,0.9364688037849463,-0.28943002708274296), 0.6295968918932009, 0.7096429119345539, 0.7898175013896672,  (gDx*3, gDy*1, gDz*1)), rgb(0.27594509870031,0.1912728456418768,0.493746463114924)  );
  draw(  ellipsoid( (0.9785759455422584,0.20588524730515392,-0.0006194741083129371), (-0.06997612714804838,0.3354243673201861,0.9394646536390887), (0.19362969925978663,-0.9192941633394327,0.3426452696515979), 0.6166819046656484, 0.7092691976806406, 0.7740948425687015,  (gDx*3, gDy*1, gDz*2)), rgb(0.27560885610447317,0.1928923750341876,0.49475351471800855)  );
  draw(  ellipsoid( (-0.9630913640383437,-0.24458442906580882,-0.11239876144030597), (-0.2074236695388291,0.40822261279332134,0.8890049042155169), (0.17155304086436207,-0.8795071093872684,0.4438882727753035), 0.5952146103699392, 0.7048680021157256, 0.7470194981541806,  (gDx*3, gDy*1, gDz*3)), rgb(0.274688305311509,0.19718249540900534,0.49737925283608164)  );
  draw(  ellipsoid( (0.8929199552099586,0.24649208559730806,-0.3767434210782383), (0.2360346767996871,0.4562833259853714,0.8579587156593228), (0.38338177439194027,-0.8550129695891262,0.3492438072442681), 0.6456617413895185, 0.7516255642232105, 0.8087273379009614,  (gDx*3, gDy*2, gDz*0)), rgb(0.2755577140298609,0.19313870341150763,0.49490668599630905)  );
  draw(  ellipsoid( (-0.9281478176366421,-0.28245588568117275,0.24240524181709164), (0.13628878362183738,0.3481301089609935,0.9274862773613887), (-0.34636252117574506,0.8938814797717148,-0.28462063179943753), 0.6439499379754792, 0.7526552562208607, 0.8009587081138282,  (gDx*3, gDy*2, gDz*1)), rgb(0.27621695351789083,0.1899556672896821,0.4929252289723243)  );
  draw(  ellipsoid( (-0.9374803456785296,-0.3121343564035196,0.1539569583325979), (0.12016455770146019,0.12486815094770116,0.9848697497391796), (-0.32663600618865773,0.941796203236912,-0.07955395043403087), 0.6320730689394107, 0.7469338504734778, 0.7766188877352357,  (gDx*3, gDy*2, gDz*2)), rgb(0.2769774053711006,0.18603529528898555,0.4904149288653987)  );
  draw(  ellipsoid( (0.9372548668469405,0.3411286050701725,-0.07200409276285942), (0.19720105250475348,-0.3483880096381464,0.9163719439350969), (0.2875153203965688,-0.8730733471726471,-0.39379927754378785), 0.6102417237911788, 0.7261352358356241, 0.749289910892094,  (gDx*3, gDy*2, gDz*3)), rgb(0.2766803390767836,0.18756676684458182,0.4913955636646177)  );
  draw(  ellipsoid( (-0.8421982096163143,-0.3791703532142174,0.3833171258403155), (0.07938522818110533,0.615988777930082,0.7837447358744032), (-0.5332918162373282,0.6904981308501947,-0.4886841209070325), 0.6527170696379403, 0.7931739421822165, 0.8326652735736164,  (gDx*3, gDy*3, gDz*0)), rgb(0.2714488294009786,0.21076863428624168,0.5052390840456107)  );
  draw(  ellipsoid( (-0.8482444277873732,-0.417208205322144,0.32621879795552494), (0.09495961523361117,0.48616959718497244,0.8686896996325477), (-0.521022132161731,0.7678388087254225,-0.3727727211220902), 0.6452323538303009, 0.7974238991657956, 0.8114277336559067,  (gDx*3, gDy*3, gDz*1)), rgb(0.2718525063901232,0.20920349739901595,0.5043775604105227)  );
  draw(  ellipsoid( (-0.8477481878012463,-0.4431614842787239,0.2914290804493972), (-0.5045164117638137,0.5042059242644008,-0.7008848523100263), (-0.1636649025926742,0.7412046173551283,0.6510219004540232), 0.6334799698531701, 0.7780681939068549, 0.7980901289240293,  (gDx*3, gDy*3, gDz*2)), rgb(0.27213437493801024,0.20805903452588886,0.5037284013524435)  );
  draw(  ellipsoid( (-0.840036409095928,-0.4726202520905347,0.2663999412670692), (0.5221983380074854,-0.5712001584611972,0.6332766178820461), (-0.14713166612065037,0.6710890226250034,0.7266304401391255), 0.6167891944389766, 0.7399703278568065, 0.7882378780995967,  (gDx*3, gDy*3, gDz*3)), rgb(0.2719266796464369,0.2089023338294502,0.5042067352455151)  );
