import settings;
import three;
surface ellipsoid(triple v1,triple v2,triple v3,real l1,real l2, real l3, triple pos=O) {
  transform3 T = identity(4);
  T[0][0] = l1*v1.x;
  T[1][0] = l1*v1.y;
  T[2][0] = l1*v1.z;
  T[0][1] = l2*v2.x;
  T[1][1] = l2*v2.y;
  T[2][1] = l2*v2.z;
  T[0][2] = l3*v3.x;
  T[1][2] = l3*v3.y;
  T[2][2] = l3*v3.z;
  T[0][3] = pos.x;
  T[1][3] = pos.y;
  T[2][3] = pos.z;
  return T*unitsphere;
}

size(200);

real gDx=1.631534913012857;
real gDy=1.631534913012857;
real gDz=1.631534913012857;

currentprojection=perspective(up=Y, camera = (gDx*23.5,gDy*23.5,gDz*11.0), target = (gDx*23.5,gDy*23.5,gDz*0.0) );
currentlight=Viewport;

  draw(  ellipsoid( (-0.415772249782404,-0.405487411669164,0.8140721069344657), (0.909422290976685,-0.19441192942009577,0.3676344629844618), (-0.009194182160259634,-0.8931875282811546,-0.4495903761619082), 0.6768846899024326, 0.717224682917122, 0.9169472194969679,  (gDx*0, gDy*0, gDz*0)), rgb(0.2600382808002669,0.24845282136162392,0.5234608942920863)  );
  draw(  ellipsoid( (-0.045383937403649335,-0.2079846743366628,0.9770786424166756), (0.9404111623520788,0.32105739965206775,0.11202228283812392), (0.33699724620440713,-0.9239396740965963,-0.18102026041557176), 0.5752855870570316, 0.7101166608883447, 0.7958643795371206,  (gDx*0, gDy*1, gDz*0)), rgb(0.25869541462623236,0.25229062484583975,0.5250357763103308)  );
  draw(  ellipsoid( (0.030699127452341393,0.04986927787015936,0.9982838367410212), (0.027963452717189585,-0.9984064945891408,0.04901547586586744), (0.9991374324314941,0.02641073052629872,-0.032044725420400016), 0.5776070301184462, 0.770492005561456, 0.8431918592771236,  (gDx*0, gDy*2, gDz*0)), rgb(0.24553409254169323,0.28631852001085667,0.5368568460780351)  );
  draw(  ellipsoid( (-0.14335487082317966,0.3846295071673588,0.9118714400766502), (0.5149831292125093,-0.7578267176775806,0.40061333302889024), (0.8451282492247916,0.5270282802565904,-0.08943955596948788), 0.6135122068526901, 0.825435646363979, 1.0686899903770495,  (gDx*0, gDy*3, gDz*0)), rgb(0.21447204998240554,0.35524723215055215,0.551133296108682)  );
  draw(  ellipsoid( (0.40668866174303675,-0.524270076245666,-0.7481612256479359), (0.7176378224716404,-0.32344495884744734,0.6167489881259112), (0.5653320158701611,0.7877336134439973,-0.24469463844278053), 0.3304309726381944, 0.5708256449774394, 1.0854290556871733,  (gDx*0, gDy*4, gDz*0)), rgb(0.14256043520695158,0.5248183398000129,0.5561260371469554)  );
  draw(  ellipsoid( (0.6595115886931647,-0.52502263004066,-0.5379551118119489), (0.7206339149353769,0.23800724388895633,0.6511830099912734), (-0.21384860304507447,-0.8171314397338848,0.5353176488535558), 0.28117955793182825, 0.5846221825328477, 1.0989058468203483,  (gDx*0, gDy*5, gDz*0)), rgb(0.1309111633248916,0.5566743522795998,0.5523337394498068)  );
  draw(  ellipsoid( (0.7389136535608831,-0.47372854628999117,-0.4791532917671327), (0.6547092678177322,0.6728652637973623,0.34439528366177574), (0.1592557289860441,-0.5681844781449746,0.8073438001125954), 0.48623051922323046, 0.6427750268709078, 1.1226389043495006,  (gDx*0, gDy*6, gDz*0)), rgb(0.17291515121850595,0.44831834494164513,0.5578732687695684)  );
  draw(  ellipsoid( (0.7066648244484536,-0.5339134021682356,-0.46428580085156157), (0.640383394030511,0.7616752749693461,0.09879212595310584), (0.30088857495292076,-0.36713383729303806,0.8801584010718125), 0.5760953070986949, 0.6145640773007639, 0.9585967459995695,  (gDx*0, gDy*7, gDz*0)), rgb(0.21464997671519986,0.3548671836271568,0.5510814628502269)  );
  draw(  ellipsoid( (0.3672740832482491,-0.7475174097878124,-0.5534685807146396), (0.8715617711753232,0.48438248439244014,-0.07585306743659753), (0.3247919746543805,-0.45452319069319913,0.8294087305557988), 0.6305065331192056, 0.6923845733998115, 0.9611092396650873,  (gDx*0, gDy*8, gDz*0)), rgb(0.2359129208234047,0.3086531448766448,0.5427373054818052)  );
  draw(  ellipsoid( (0.5666005538238771,0.7930358832938527,-0.22373622910654123), (-0.7050842438671955,0.6071319998977472,0.3663972485573372), (0.42640358987314,-0.049847994026848697,0.9031584335180612), 0.6091261740006341, 0.6350527300610193, 0.9379736341573797,  (gDx*0, gDy*9, gDz*0)), rgb(0.22927525784128197,0.32337443343203587,0.5459037547873522)  );
  draw(  ellipsoid( (-0.5427052456290767,-0.7737981079625194,0.32666114626675297), (0.790146547499091,-0.602245745974515,-0.11387929983481157), (0.2848498724625844,0.1963072835358517,0.938255828966079), 0.5031411945661376, 0.6612452878533753, 1.1383186237277196,  (gDx*0, gDy*10, gDz*0)), rgb(0.1752244227909919,0.4427671096634438,0.5577271019536464)  );
  draw(  ellipsoid( (-0.5155307942621762,-0.8380849966086611,0.17844197551828955), (0.8501693139190422,-0.5262791450791868,-0.015569172269118386), (0.10695858001037037,0.14367950415483954,0.9838272522389205), 0.43284875182513705, 0.6487186425726484, 1.6157276280465969,  (gDx*0, gDy*11, gDz*0)), rgb(0.13179534850766392,0.5540941316401524,0.5527329401067486)  );
  draw(  ellipsoid( (0.3565774733945968,0.9340748626671094,0.01888534884365591), (0.9204852478142123,-0.3547052100124556,0.1639851290404953), (-0.15987311851569622,0.04108971797713623,0.9862820190253017), 0.36250787009817587, 0.5495340066496085, 1.556889539893459,  (gDx*0, gDy*12, gDz*0)), rgb(0.12410142947916067,0.5791627375207006,0.5480217785637911)  );
  draw(  ellipsoid( (-0.0803293660130906,-0.9957151207145024,-0.045810384591690546), (-0.809361823914432,0.09198254823989127,-0.5800626249028633), (-0.5817908824877188,0.009518886478984134,0.8132827059850478), 0.354743186457096, 0.5877271425551822, 1.2556512686149042,  (gDx*0, gDy*13, gDz*0)), rgb(0.13671377494018105,0.5403465994458102,0.5545779653448579)  );
  draw(  ellipsoid( (-0.160114074723673,-0.9211896169709146,-0.3546451362423595), (0.6460131289291768,-0.36944274884396183,0.6679663858142503), (-0.7463447730951941,-0.12215459431227627,0.6542535706909718), 0.5554682027491726, 0.7744120963920186, 1.3716793674965357,  (gDx*0, gDy*14, gDz*0)), rgb(0.16640843293721175,0.4642245510921722,0.5581220589835876)  );
  draw(  ellipsoid( (-0.32024440154909334,-0.6562266529088512,-0.6832350278553561), (0.5802163079155452,-0.7059854884809388,0.40612008825368834), (-0.7488608410815166,-0.2663664206809422,0.6068413059674722), 0.434167228619898, 0.8314610731014842, 1.2739197940907168,  (gDx*0, gDy*15, gDz*0)), rgb(0.15097640545619193,0.503090571636192,0.5574844824248419)  );
  draw(  ellipsoid( (0.23351207687521264,0.5497430974972464,0.8020315683983756), (0.08280077785702927,-0.8330812965807052,0.5469182612362485), (0.9688220379097988,-0.061303181332977685,-0.24005369986476013), 0.43595187423836734, 0.8794281565348104, 1.1384360324547025,  (gDx*0, gDy*16, gDz*0)), rgb(0.15887365681721752,0.4830449645463354,0.5580598801426847)  );
  draw(  ellipsoid( (0.02494377757309084,0.3372673571799056,0.941078390858735), (-0.3722614987280614,-0.8705355133461126,0.32185291138648653), (0.9277926409091214,-0.35835547963454106,0.10383720764146213), 0.5376522390433514, 0.7567104791854486, 1.0572625891417018,  (gDx*0, gDy*17, gDz*0)), rgb(0.19499792241170655,0.3973383873968531,0.5554175570585322)  );
  draw(  ellipsoid( (-0.12106906304286581,0.18588303638546957,0.9750844982656841), (0.38931841909578957,0.912497942811263,-0.12561318767537352), (0.9131119594697452,-0.36441048441192214,0.18284296082701812), 0.6104201019481553, 0.6795184835181122, 0.8854049549427403,  (gDx*0, gDy*18, gDz*0)), rgb(0.24803831711593008,0.28022473983977997,0.535005997686709)  );
  draw(  ellipsoid( (0.4155638936741311,0.11515514389532933,-0.9022449462916605), (0.6041082554040604,0.706619180998971,0.3684325566464043), (0.6799704890854146,-0.6981608882476801,0.22407924512134694), 0.5537545152476366, 0.5974008507577044, 1.062373684712985,  (gDx*0, gDy*19, gDz*0)), rgb(0.1898835667412226,0.40874535047601535,0.5561927129287648)  );
  draw(  ellipsoid( (0.5223176116266068,0.68327825998765,0.5102108701438324), (-0.380037463700138,-0.34909463028381427,0.8565655055460577), (0.7633844632745963,-0.6412984941002566,0.07733306340563476), 0.3761566301741871, 0.40621444837321985, 1.2205113609059,  (gDx*0, gDy*20, gDz*0)), rgb(0.13379564105593417,0.5483884963205218,0.5535604171090671)  );
  draw(  ellipsoid( (-0.4075900894961765,-0.4869909927899133,0.7724701236203206), (-0.49899111430734006,-0.5896821278197965,-0.635045554249643), (0.7647732911045064,-0.6442940020451934,-0.002655586897510011), 0.6566863230101556, 0.7480148295180771, 1.2134713280644334,  (gDx*0, gDy*21, gDz*0)), rgb(0.19934093680093087,0.3878016581959587,0.5546582339275895)  );
  draw(  ellipsoid( (-0.7398184131227453,-0.11658979447277351,0.6626277502711002), (0.49184725453255307,0.5782929382643343,0.6508944275090953), (0.4590805962065191,-0.8074553222181396,0.3704873935888611), 0.6530415570709789, 0.8373698151560852, 1.0073374928417127,  (gDx*0, gDy*22, gDz*0)), rgb(0.23747189533825533,0.30513150024388663,0.5419035331867186)  );
  draw(  ellipsoid( (-0.09304168289753151,0.09665316106473876,0.9909598436363548), (0.9528946204846748,0.2972105204296459,0.060479325370797136), (0.28867817287589115,-0.9499074023304231,0.11975324422705379), 0.1775375080435181, 0.28349561724060157, 0.6637190512201573,  (gDx*0, gDy*23, gDz*0)), rgb(0.1325423497347862,0.5519373045621647,0.5530575973143135)  );
  draw(  ellipsoid( (-0.2834492885607058,-0.14708188817072726,0.9476409757849031), (0.9473798110091634,0.11033429225030245,0.30049598607280414), (0.1487548133899258,-0.982951302011325,-0.10806823477585728), 0.30430596576090174, 0.46731007807056185, 0.8327987478554332,  (gDx*0, gDy*24, gDz*0)), rgb(0.1573403893517188,0.4869153793786526,0.5579924907334355)  );
  draw(  ellipsoid( (-0.2833068531945556,-0.10018847654973662,0.9537816815706), (-0.9317752308144029,-0.2066540975903578,-0.29847781021355796), (0.22700692979238435,-0.9732709556520001,-0.034806618773989335), 0.5582195565829695, 0.8252554528239553, 0.998860232558885,  (gDx*0, gDy*25, gDz*0)), rgb(0.2079607679743236,0.36917294348948027,0.5528317790869571)  );
  draw(  ellipsoid( (-0.19678884225642748,0.09667970421251312,0.975667559344245), (0.7451777701555974,0.6614579426399165,0.08475541861438995), (0.6371689277023062,-0.743724696989383,0.2022111091378109), 0.728819006278746, 1.0023635759227103, 1.0803204166523035,  (gDx*0, gDy*26, gDz*0)), rgb(0.24090532424287606,0.29725148495961484,0.5399080756130807)  );
  draw(  ellipsoid( (-0.32184450235490714,0.01006146310211431,0.9467390787667778), (-0.7344921993606498,0.6283282160698171,-0.256368605661607), (-0.5974423197115162,-0.7778832944926674,-0.1948339158538788), 1.4015335354129759, 1.561680496250017, 1.6850121296424136,  (gDx*0, gDy*27, gDz*0)), rgb(0.28055003577868576,0.16332405040343953,0.4747658078833764)  );
  draw(  ellipsoid( (-0.2825006261462272,0.08588096197000222,0.9554150179885685), (0.8828776297322596,0.41276336293115135,0.22394976476905223), (0.37512729458856586,-0.9067804952649089,0.19242828862147446), 2.0224722368854167, 2.445609128002123, 2.5681076238948655,  (gDx*0, gDy*28, gDz*0)), rgb(0.27228379704478034,0.2074523401823563,0.5033842738688548)  );
  draw(  ellipsoid( (0.25385249306856755,-0.8457657965052534,0.46929641936062866), (0.564183961816844,0.5235754862687517,0.6384083077522488), (-0.7856560118725766,0.102707972622745,0.6100784403404229), 1.3361877266645652, 1.455707378014909, 1.5162875077516424,  (gDx*0, gDy*29, gDz*0)), rgb(0.2832152604898468,0.12243588228540823,0.44201552610549133)  );
  draw(  ellipsoid( (0.4489099311663409,-0.7108931357401606,0.541397103111711), (0.8932893074822456,0.34164589185585253,-0.29208268986009617), (0.02267348314928916,0.6147430635115296,0.7884014707154842), 0.43121325682467027, 0.5506743016825755, 0.7393089286047131,  (gDx*0, gDy*30, gDz*0)), rgb(0.2172613917316572,0.34928819777344294,0.5503044636823198)  );
  draw(  ellipsoid( (-0.7097395437481644,-0.5136669437319978,0.48209547908809086), (0.7014977944808273,-0.5780702085954845,0.41681612045710037), (0.06458037146596578,0.6340197984695755,0.7706155142286693), 0.5009538474602779, 0.5817852922406567, 0.8480213246935787,  (gDx*0, gDy*31, gDz*0)), rgb(0.21678956762723267,0.3502964760549293,0.5504492055560208)  );
  draw(  ellipsoid( (-0.922778409955748,-0.21581241218656488,0.3192256394241493), (0.20713600737966698,-0.9763882867583162,-0.061323632703633245), (0.3249225762644872,0.009535000124570314,0.9456925521575565), 0.8168318341637415, 0.9071620480509237, 1.1858310783225599,  (gDx*0, gDy*32, gDz*0)), rgb(0.24771025580875983,0.28102991561128365,0.5352559233800153)  );
  draw(  ellipsoid( (0.8510614480599858,0.214729931094493,-0.4791507782715104), (0.0624020614168449,0.8647215142288011,0.4983599959474852), (0.5213447941209046,-0.45403497609986354,0.7225315537199938), 1.0408637145994577, 1.201812110124408, 1.4964478766032148,  (gDx*0, gDy*33, gDz*0)), rgb(0.2515103988024327,0.2715246566407212,0.5321679249435233)  );
  draw(  ellipsoid( (-0.6276265094723166,-0.2144724999685076,0.7483892779595754), (0.7738856396496123,-0.27654995177185837,0.5697553342612013), (-0.08477016781690394,-0.9367612667762483,-0.3395472687506889), 0.7751325014062814, 1.0077290697333592, 1.2417592288985007,  (gDx*0, gDy*34, gDz*0)), rgb(0.23005394249614158,0.3216684520304484,0.5455640724255114)  );
  draw(  ellipsoid( (-0.6907086657827569,-0.14495953454407629,0.7084548484959141), (0.7099169945516577,-0.32237763065641534,0.6261713216836887), (-0.13762049214904593,-0.9354460949713354,-0.3255782602440368), 0.07758255557286967, 0.2550893652017304, 0.3312727940966611,  (gDx*0, gDy*35, gDz*0)), rgb(0.12242131554849668,0.5862489064765654,0.5463344254481237)  );
  draw(  ellipsoid( (0.6385684400919587,0.7511515791799149,-0.16733694276531613), (-0.7039046400874246,0.6579961797294226,0.2675056730704567), (0.3110443778336386,-0.053031429897801186,0.9489146760700243), 0.5286653776206616, 0.668075324170591, 1.0526449999087877,  (gDx*0, gDy*36, gDz*0)), rgb(0.19156370879487133,0.4049740235424142,0.5559522819669164)  );
  draw(  ellipsoid( (0.329867647493141,0.9440233227803869,-0.0027020703207325), (0.9069750478678844,-0.31771339899450934,-0.27650399390317015), (0.2618847030324406,-0.0887590116328077,0.9610089698705092), 0.837123321781569, 1.0328776721212152, 1.5124539573343005,  (gDx*0, gDy*37, gDz*0)), rgb(0.2068762241599336,0.37150003643026563,0.5530885377189659)  );
  draw(  ellipsoid( (0.917767642981661,0.35304796751225775,0.1818232277002865), (-0.3706323946406225,0.5970937108154293,0.7114145968052796), (0.14259797172065353,-0.7203028759765748,0.6788443012363227), 0.29447908980393817, 0.3437755170602692, 0.5588006220741789,  (gDx*0, gDy*38, gDz*0)), rgb(0.19613061290689102,0.3948379868235308,0.5552292217553967)  );
  draw(  ellipsoid( (0.9011603974003783,-0.15032345414655068,-0.40658676477554223), (0.4315227093370707,0.4002504514644365,0.8084477270850038), (0.04120788132852979,-0.9039924973338911,0.4255578401115989), 1.4986835037398487, 1.5308179688743568, 1.7499868009818438,  (gDx*0, gDy*39, gDz*0)), rgb(0.2818441584382251,0.1513277247483603,0.4657473717231528)  );
  draw(  ellipsoid( (0.843112892262101,0.34321648442141073,-0.413960258627374), (-0.023995748418823237,0.7930660580021629,0.6086628226717401), (0.5372009446745745,-0.5032381866137714,0.6768799543304761), 1.9548962978018956, 2.0007811256304366, 2.153610342907858,  (gDx*0, gDy*40, gDz*0)), rgb(0.282658917168565,0.10025568710642545,0.4222144614698229)  );
  draw(  ellipsoid( (-0.44178047705601575,0.40251550265283986,0.8017551248456669), (0.8091026462214089,-0.20728630795074576,0.5498957123070357), (0.38753440875575496,0.891635383248265,-0.23410131432789283), 0.6483121608140947, 0.7567595472399087, 0.8722443738768924,  (gDx*0, gDy*41, gDz*0)), rgb(0.2648013948995169,0.23403990947689518,0.5171004965130533)  );
  draw(  ellipsoid( (0.25023650017509613,-0.963771257332983,0.09233990209503261), (-0.6338342720828165,-0.09097825103943835,0.7680996506775999), (-0.7318714432968166,-0.25073476299988007,-0.6336373324781523), 0.4581360958417218, 0.5409798846317055, 0.9742536223608731,  (gDx*0, gDy*42, gDz*0)), rgb(0.17965219693381587,0.4322689704305852,0.5573717930768916)  );
  draw(  ellipsoid( (-0.1876330353326665,-0.8414764108442234,0.5066668471930783), (0.6605463493903273,-0.48986622116640366,-0.5689548362280259), (-0.7269610473463911,-0.22792221338183005,-0.6477492572656226), 0.34264710897584505, 0.6080558882545577, 1.2419927739419836,  (gDx*0, gDy*43, gDz*0)), rgb(0.1355226702937362,0.5436007297459394,0.5541834920367781)  );
  draw(  ellipsoid( (-0.1800853932313351,-0.9638708943895331,0.19627060425197793), (-0.20938148356353145,0.2325223714379416,0.9497856290351053), (0.9611080300806201,-0.12994708819206824,0.2436906005264727), 0.3976942477929581, 0.5156373944470062, 0.5987209204708044,  (gDx*0, gDy*44, gDz*0)), rgb(0.24170722597249958,0.29538387915928005,0.5394099703703668)  );
  draw(  ellipsoid( (-0.16978179360907092,-0.9134145991237439,0.3699296050149236), (0.7674871243387448,0.1129124306964544,0.6310422307329854), (0.6181728371039373,-0.39105569053758704,-0.6818634690061054), 1.056235405372831, 1.088070734362602, 1.1070437402578432,  (gDx*0, gDy*45, gDz*0)), rgb(0.27728635815295105,0.05208265845573916,0.37730712269291433)  );
  draw(  ellipsoid( (0.35466726567575896,-0.3721859966868972,0.8577229823948181), (0.9317108696187194,0.06389192311886298,-0.3575369597601106), (-0.07826867887226827,-0.9259564817151801,-0.3694301123043917), 1.2346376060787168, 1.258862294930599, 1.3871789012920082,  (gDx*0, gDy*46, gDz*0)), rgb(0.28321879764087055,0.11915195548490978,0.43915917678282557)  );
  draw(  ellipsoid( (-0.756730622976086,-0.16855995639000976,-0.6316219639563073), (-0.6218087752830888,0.48380702661001174,0.6158608673911052), (-0.20177366337351843,-0.8587888576970343,0.47092365269144487), 0.9314700400709618, 1.0169786507577574, 1.0823634899508476,  (gDx*0, gDy*47, gDz*0)), rgb(0.28273267957694026,0.1388223373097208,0.455798266399672)  );
  draw(  ellipsoid( (0.7280120141926711,-0.3055343518323843,0.6137159498021008), (-0.6020127254351526,0.14337710257019376,0.7855085517502122), (0.32799266090153567,0.9413244745086263,0.07955531462944067), 0.389266909386465, 0.6109545727635304, 1.2113562405802503,  (gDx*1, gDy*0, gDz*0)), rgb(0.14619454147284858,0.5153754999158496,0.5568253029942983)  );
  draw(  ellipsoid( (0.6318861685935208,-0.3062919250233108,0.7119727007447092), (-0.6974603219041293,0.17593135584509445,0.6946922033533234), (0.338036934830485,0.9355391037770795,0.10245787424297374), 0.537039056037127, 0.708591156167669, 1.0563617421825704,  (gDx*1, gDy*1, gDz*0)), rgb(0.1944269794942004,0.3986003010042957,0.5555113084807819)  );
  draw(  ellipsoid( (0.5324013853143986,0.037050652094923864,0.845680799175818), (-0.7942151756919602,-0.3237816863712568,0.5141864197654135), (0.29286689743960115,-0.9454060866896966,-0.14295562820041763), 0.5028482739993811, 0.8136122073946774, 0.8620821111492551,  (gDx*1, gDy*2, gDz*0)), rgb(0.20818313320864434,0.36869581701455323,0.5527791355767431)  );
  draw(  ellipsoid( (-0.3830983203335021,-0.25625872979580544,-0.8874497959665605), (0.7085381594068142,-0.6979167425165846,-0.10433550296731879), (-0.5926291872849778,-0.6687628009380303,0.4489398205321809), 0.32067099299887936, 0.6339039399359306, 0.8766706351362775,  (gDx*1, gDy*3, gDz*0)), rgb(0.15589859848002638,0.4905656496269297,0.557911495157445)  );
  draw(  ellipsoid( (-0.3653605178135402,0.5998142679140459,0.7118528893175603), (0.8585239630407665,-0.07844419557848217,0.5067377162446284), (-0.35978923956644165,-0.7962847180417204,0.48629451046194194), 0.3316735484301147, 0.4107236304902107, 1.036474672675943,  (gDx*1, gDy*4, gDz*0)), rgb(0.14103164833687792,0.528828575960419,0.5557766234795165)  );
  draw(  ellipsoid( (0.5421168624139069,-0.6763580412331732,-0.49864727768807326), (0.8284747481927331,0.33099015691844635,0.4517467295178679), (-0.14049519242126574,-0.6580161974315888,0.7397809032572983), 0.39940276912557815, 0.5501541245490368, 1.2255605498154263,  (gDx*1, gDy*5, gDz*0)), rgb(0.14527388630655713,0.5177595857789372,0.5566629475460562)  );
  draw(  ellipsoid( (0.6787486292475209,-0.572852305394094,-0.4595003095747414), (0.7285831357795604,0.60369144390342,0.3236097260828647), (0.09201582772672386,-0.5544338344315539,0.8271252690404822), 0.3487040366056017, 0.597584461572287, 1.361189678796812,  (gDx*1, gDy*6, gDz*0)), rgb(0.1304815246653123,0.5579514783354761,0.5521274157997262)  );
  draw(  ellipsoid( (0.6707760104416757,-0.6035905876124867,-0.4309732548100422), (0.7174839877498791,0.6752650356436276,0.17097911849036337), (0.18781978367168986,-0.42390510044445406,0.8860181683682885), 0.33786651969821024, 0.6404826937130461, 1.4133916714857235,  (gDx*1, gDy*7, gDz*0)), rgb(0.12714864899592226,0.568334550761455,0.5502870888180129)  );
  draw(  ellipsoid( (0.6239206820065262,-0.6398344918045248,-0.4487034718628293), (0.7237020936641403,0.6897368934469644,0.022766146891179066), (0.2949207727350706,-0.3389319119165035,0.8933906742819585), 0.4498192027693112, 0.6259702082591446, 1.2340626448174987,  (gDx*1, gDy*8, gDz*0)), rgb(0.1556862817999083,0.49110395631624637,0.5578974866342208)  );
  draw(  ellipsoid( (-0.8832166933336745,-0.2970962699035101,0.36285269604365716), (0.2760703071225584,-0.9548422554533057,-0.10982464534930443), (0.3790955791643928,0.0031738951250646075,0.9253520779939648), 0.57823594467245, 0.7147633082041313, 1.3269607422968819,  (gDx*1, gDy*9, gDz*0)), rgb(0.171711422146099,0.45123256422277114,0.5579372399405782)  );
  draw(  ellipsoid( (-0.802307345106895,-0.5212546708292921,0.29085476122314435), (0.5320447020402079,-0.8453862321224684,-0.04743999967034569), (0.2706129320976221,0.11668627458455666,0.9555903695125361), 0.3966712195242565, 0.6253313147123042, 1.5026883350153974,  (gDx*1, gDy*10, gDz*0)), rgb(0.13152221035506928,0.554884986841415,0.5526129053368584)  );
  draw(  ellipsoid( (-0.7004689738072924,-0.7065362103783733,0.1007462165916222), (0.7066199356792087,-0.7064026630994316,-0.04103101347447076), (0.10015729246575061,0.04244833318515999,0.9940657200485951), 0.4332194240827927, 0.6679430850656223, 1.385652602018095,  (gDx*1, gDy*11, gDz*0)), rgb(0.14372063210765829,0.521791583223035,0.556368872947614)  );
  draw(  ellipsoid( (-0.39933421373808786,-0.9116041697505908,-0.09751934901094932), (0.9097259194800922,-0.4071958000870577,0.08118085868948295), (-0.11371427862974866,-0.05629758507073837,0.9919171561934589), 0.4877955524549817, 0.6024731547868185, 1.3431688237910262,  (gDx*1, gDy*12, gDz*0)), rgb(0.1522647963315691,0.49980122096692103,0.5576198569138485)  );
  draw(  ellipsoid( (-0.4528269112461418,-0.8424566575827178,-0.2919153448276303), (0.8817360552945079,-0.47169873352237374,-0.006467888919043011), (-0.1322471823705869,-0.2603211187897441,0.956422290553235), 0.6153233632097286, 0.7349022311039521, 1.257463605368962,  (gDx*1, gDy*13, gDz*0)), rgb(0.18568272665141383,0.4182806849462648,0.5567374145133187)  );
  draw(  ellipsoid( (-0.18061681347834002,-0.8416052130545782,-0.508997280983198), (0.9602403366257258,-0.26289364444157115,0.09394374715297218), (-0.21287569754634597,-0.47179190017590056,0.8556262854322382), 0.6600778395684724, 0.9377371466269804, 1.1587285867591364,  (gDx*1, gDy*14, gDz*0)), rgb(0.21218378722851877,0.3601344505538425,0.5517653707899867)  );
  draw(  ellipsoid( (-0.13155958012696503,-0.7308677387426706,-0.669719661755568), (0.9886634980205079,-0.04741968645355806,-0.14246354276971904), (0.07236411098514223,-0.6808698273545554,0.7288207692152496), 0.589982054141523, 0.9021312285348038, 1.1694618127518266,  (gDx*1, gDy*15, gDz*0)), rgb(0.19290699273110995,0.40197595248090523,0.5557504876476588)  );
  draw(  ellipsoid( (0.1145632298407431,-0.6011302835711982,-0.790896736965116), (-0.7882846444572212,-0.5395058599441427,0.2958728551234187), (0.604551557504742,-0.589555603195782,0.535669305690599), 0.40876664212209046, 0.887734000960737, 1.10683052610203,  (gDx*1, gDy*16, gDz*0)), rgb(0.15417726166267914,0.49493349707078016,0.5577890160943286)  );
  draw(  ellipsoid( (-0.38292494760081797,0.19390072135181252,0.9032004178277142), (0.585718816877093,0.8070304063024286,0.07506924043465175), (0.7143542203004118,-0.557767365092817,0.4226033771474228), 0.41348150128027333, 0.7013085209537238, 1.1775287254732638,  (gDx*1, gDy*17, gDz*0)), rgb(0.1541594805274442,0.4949786790457018,0.5577875945838618)  );
  draw(  ellipsoid( (-0.5968534665316765,-0.08996245619379634,0.7972908477868663), (0.5156347432565299,0.7183167662852447,0.4670565649043824), (0.6147249393313187,-0.6898751914289196,0.3823420840229575), 0.47650109542424846, 0.7211246800665299, 1.3116744605488622,  (gDx*1, gDy*18, gDz*0)), rgb(0.15665144858502705,0.4886587442248664,0.5579561312824175)  );
  draw(  ellipsoid( (0.6559605697549047,0.507621737994376,-0.5586017383094953), (0.3433073116299037,0.4584372478591494,0.8197410442065086), (0.6722022171253742,-0.7294898634600057,0.12644650410680952), 0.4794111691386973, 0.6300636002487743, 1.461747822783729,  (gDx*1, gDy*19, gDz*0)), rgb(0.1447254899548585,0.5191800882529101,0.5565654447157455)  );
  draw(  ellipsoid( (-0.6053949949070615,-0.7084225379671465,0.3628145639878117), (0.22634717022379847,0.2837824747759948,0.9317909988520444), (0.7630621591149425,-0.6462236568791017,0.011451053080101652), 0.587310709951716, 0.7790269099882656, 1.4514507400342391,  (gDx*1, gDy*20, gDz*0)), rgb(0.16528637731785353,0.4670035088427828,0.5581385157993382)  );
  draw(  ellipsoid( (-0.5005814162986228,-0.3877090997141951,0.7740154388998151), (0.19519912796556382,0.8205253961529604,0.5372479638951745), (-0.8433952490368607,0.42002348537532497,-0.33505928674671276), 0.6258682505039888, 0.7859432982648196, 1.0532945389299395,  (gDx*1, gDy*21, gDz*0)), rgb(0.22056486763346408,0.34221713498533013,0.5492392419742651)  );
  draw(  ellipsoid( (-0.23266016837494957,0.2344964031587627,0.9438647588279495), (0.9582141185895192,0.22133534952255038,0.18120807373690995), (0.16641799478256875,-0.9465844388945622,0.27619368395243116), 0.6924259647003251, 0.8733969782944256, 0.9018746272880768,  (gDx*1, gDy*22, gDz*0)), rgb(0.26629803553177517,0.22918432837201902,0.514791104566903)  );
  draw(  ellipsoid( (-0.07468393474254081,0.20578041895769672,0.9757441924320978), (0.9843678197071188,-0.141297350069105,0.1051430187340171), (-0.15950644318153726,-0.9683436776460325,0.1920109802759505), 1.2245431158273943, 1.4531524517369194, 1.5095425682109083,  (gDx*1, gDy*23, gDz*0)), rgb(0.2764574384976946,0.18871589046826795,0.49213137270388685)  );
  draw(  ellipsoid( (-0.2827404495936649,-0.18408779710682222,0.9413657743512506), (-0.47545038434219544,-0.8254658811075637,-0.3042252638361454), (0.8330694870131968,-0.5335895070966736,0.14586798046143654), 1.6040821473415412, 1.7297199191842307, 1.8449031998671575,  (gDx*1, gDy*24, gDz*0)), rgb(0.2830751683650367,0.13075595010138827,0.4491230541676329)  );
  draw(  ellipsoid( (-0.2231207916686762,-0.31520430061979116,0.9224225502425294), (0.43683801464312666,-0.8782714852257226,-0.19445242914927813), (-0.8714296651410227,-0.3595628555763123,-0.33365384997331193), 1.4226832691599447, 1.5551464874173568, 1.6993405851138998,  (gDx*1, gDy*25, gDz*0)), rgb(0.28115948301561633,0.15812568447040878,0.47091755847104955)  );
  draw(  ellipsoid( (-0.4701117962641672,-0.37907727748181874,0.7970541491707135), (0.8113523471656996,-0.541087558254622,0.22120493450816398), (-0.3474223190325978,-0.7506828038519485,-0.5619368827893296), 1.8301013209434875, 1.9166024527090564, 2.348496150683572,  (gDx*1, gDy*26, gDz*0)), rgb(0.2702221576636874,0.2154447795300299,0.5077834894321595)  );
  draw(  ellipsoid( (0.8142642167211369,0.3228463966746683,-0.4824354770554252), (0.5682948563355158,-0.2738553091263174,0.7759150893789376), (0.11838387402897743,-0.9059654926196202,-0.4064625253973354), 2.643909128010394, 2.9089579331845963, 3.358269902243452,  (gDx*1, gDy*27, gDz*0)), rgb(0.27401762516735184,0.200193093424134,0.49918742894807594)  );
  draw(  ellipsoid( (0.24625447130631156,0.2573956891551907,0.9344015167827873), (0.9640948440983339,-0.16392692620006438,-0.20892365698888227), (-0.09939751981140421,-0.9523000693431265,0.28852159535192223), 2.9079812854490985, 3.4478688274645024, 4.23792909828267,  (gDx*1, gDy*28, gDz*0)), rgb(0.24918288583803005,0.2773918274033603,0.534107895254645)  );
  draw(  ellipsoid( (0.7195472934473827,-0.39901892493051827,0.5683621996929771), (0.6941072824700065,0.3877804764445561,-0.6064992848392614), (0.021604928017671887,0.8309092607714311,0.5559883339150424), 1.6403233545389542, 1.8589890581126107, 1.9737400670112937,  (gDx*1, gDy*29, gDz*0)), rgb(0.2802291850915681,0.1658789734813021,0.4766306378334847)  );
  draw(  ellipsoid( (0.16420147039527128,-0.7679326137190731,0.6191263020633381), (0.9502272149350114,0.29161153462488015,0.1096857003924128), (-0.26477559766126985,0.5703001084168893,0.7775935115616655), 0.7827633645907182, 0.8492028305290342, 1.044290489586044,  (gDx*1, gDy*30, gDz*0)), rgb(0.2647250997104874,0.2342805842466068,0.5172118504225477)  );
  draw(  ellipsoid( (0.19460830106219484,0.7179554021393825,-0.6683319906278342), (0.8274483123127182,0.24573376009664094,0.5049200031684236), (0.5267417769728545,-0.6512718016985256,-0.546249156249999), 0.6526672406470394, 0.6910358745377956, 0.8942013261283456,  (gDx*1, gDy*31, gDz*0)), rgb(0.2574959371414005,0.2556437594093411,0.5263695835926119)  );
  draw(  ellipsoid( (-0.3914567368623642,-0.8384675782456962,0.37912233302176657), (0.8362508487787704,-0.4960729370246852,-0.233658209931705), (0.3839871626524197,0.22557429237947352,0.8953603171548558), 0.6091233648110888, 0.6437485131085718, 0.791269169175127,  (gDx*1, gDy*32, gDz*0)), rgb(0.2684899469725791,0.2217062155766628,0.5110610947087015)  );
  draw(  ellipsoid( (0.5166885218535829,-0.5552700564959302,-0.6516963524094377), (0.6951839820469349,0.7163880884911235,-0.05922278086514596), (0.4997521410560703,-0.42244913424818464,0.7561643515022598), 0.4511828332345339, 0.6495754819882683, 0.7784392285717779,  (gDx*1, gDy*33, gDz*0)), rgb(0.21444050494082517,0.3553146118314173,0.5511424857468411)  );
  draw(  ellipsoid( (0.7895009443020056,-0.07838710146633099,-0.6087230250860802), (0.5741446256106315,0.4448367313657839,0.6873705196691469), (-0.21690137811611443,0.8921747277027707,-0.3962045524975929), 0.7026395382172447, 0.9302064649292405, 1.1258279767700576,  (gDx*1, gDy*34, gDz*0)), rgb(0.22966198242844774,0.3225293094374707,0.545738842805422)  );
  draw(  ellipsoid( (0.9297499875553485,0.25599525950323715,-0.26463444173557515), (-0.04884805217183663,0.7981504513945106,0.6004745829240042), (0.36493674580651225,-0.545364358984532,0.7545852420432987), 0.8354987664512865, 1.0932927088311568, 1.379329103963528,  (gDx*1, gDy*35, gDz*0)), rgb(0.22434998600243505,0.33407538990495333,0.547890943934056)  );
  draw(  ellipsoid( (0.7130281526705409,0.6658578256744498,-0.21960011267604093), (-0.5353778420457594,0.7193035362502592,0.4426883655397983), (0.45272665013853786,-0.1980802330520791,0.8693691974807781), 0.1595564034342895, 0.40029140380577466, 0.6618150154387782,  (gDx*1, gDy*36, gDz*0)), rgb(0.12670220961884965,0.5698096024790653,0.5500008070650022)  );
  draw(  ellipsoid( (0.7302933600860858,-0.6370488510956077,-0.24665840657058735), (0.6449718539701157,0.7619743075118789,-0.05836490622064241), (0.22512866499076978,-0.11646422630816405,0.9673433558927845), 0.8978085358848488, 0.985175381397322, 1.1211885730438196,  (gDx*1, gDy*37, gDz*0)), rgb(0.27642205481626236,0.1888983046387154,0.49224817649482744)  );
  draw(  ellipsoid( (0.9918613417511449,-0.1061914654145068,-0.07024565048982237), (-0.12600687420548703,-0.7395820627771327,-0.6611661213880244), (-0.018257776222235678,-0.66463655112508,0.7469437117453882), 1.153282845868851, 1.277052587165962, 1.3810546833665618,  (gDx*1, gDy*38, gDz*0)), rgb(0.28092338231776914,0.16026838510509905,0.4725225224060475)  );
  draw(  ellipsoid( (-0.7108625109305137,-0.6319107564388686,0.30880946625779176), (0.702987074527867,-0.6520942938890453,0.28387004936079213), (0.021992353223710598,0.4188816393376588,0.9077744811490788), 1.7370454037382521, 2.082341436807864, 2.302257486013551,  (gDx*1, gDy*39, gDz*0)), rgb(0.2668039807753906,0.22750146585416728,0.5139712341533218)  );
  draw(  ellipsoid( (-0.55690433622278,-0.7313177544821159,0.3937409075464485), (0.8304780401528613,-0.4975971799429736,0.2504062126558814), (0.012797856075429492,0.46644548287236764,0.8844573626737676), 1.5934879397226538, 1.7210853353736135, 1.7812305278248772,  (gDx*1, gDy*40, gDz*0)), rgb(0.2830945399867873,0.11072422181376153,0.43170631962016115)  );
  draw(  ellipsoid( (-0.39646950372872564,0.06449951630614587,0.9157793102103646), (0.902158425175961,-0.15741583289875416,0.40165959647047045), (0.1700650125602785,0.9854238011886379,0.004221795093049319), 0.5904854152484692, 0.685006075340657, 0.6899502871820824,  (gDx*1, gDy*41, gDz*0)), rgb(0.28131009190868755,0.15675885339487058,0.4698937502236644)  );
  draw(  ellipsoid( (-0.12465925417067791,-0.9125171224212636,0.3895799938878114), (0.7878470466468147,-0.3297087437100354,-0.5201818676300068), (-0.6031227913447661,-0.24208396396532927,-0.7600251659986865), 0.5188102111573434, 0.6646109533605521, 1.144263015993832,  (gDx*1, gDy*42, gDz*0)), rgb(0.177734303714113,0.43679145720180446,0.5575386679189189)  );
  draw(  ellipsoid( (0.37989983029432217,-0.9147090921853284,0.13778024392429308), (-0.7633124655914296,-0.22585191442867636,0.6052643989378812), (-0.5225229170238161,-0.33510922013933686,-0.7840099564179831), 0.30411354719822425, 0.5166012034981586, 1.13707922801412,  (gDx*1, gDy*43, gDz*0)), rgb(0.13314991278966223,0.5502156420486939,0.5533022127705876)  );
  draw(  ellipsoid( (-0.7478951078493478,0.6614240565050534,-0.056312743952076916), (-0.005672624276459939,0.07846056812012353,0.9969010786352303), (-0.6637926852480606,-0.7458968807594435,0.054928264896155675), 0.7500588409823791, 0.844509599275726, 0.9402799704684535,  (gDx*1, gDy*44, gDz*0)), rgb(0.27604203263257127,0.19080595847661824,0.49345614453814146)  );
  draw(  ellipsoid( (0.8818106463630555,0.07131718616606153,-0.4661800541830648), (0.45150366116740703,0.15784485159271652,0.8781967016438291), (-0.13621463912956433,0.9848852023373222,-0.10698929994991967), 1.0702515703016404, 1.164449215273292, 1.3210976718778242,  (gDx*1, gDy*45, gDz*0)), rgb(0.27780455455920755,0.18151551057823695,0.48745330165828765)  );
  draw(  ellipsoid( (-0.8589935116701531,-0.018801146409117786,0.5116411474874565), (0.511957423704631,-0.02089721274451045,0.8587566027770777), (0.005453734710717972,-0.9996048336183719,-0.027575956637830874), 1.1155652465366426, 1.2806390441256346, 1.4923865160240366,  (gDx*1, gDy*46, gDz*0)), rgb(0.2658130515806556,0.23077074974244086,0.5155515323648256)  );
  draw(  ellipsoid( (-0.7473936729143713,-0.12855363862539004,0.6518256359516236), (0.6643563237018342,-0.15314138263912275,0.7315588780684448), (-0.0057769234848504825,-0.9798069600281224,-0.19986232320149724), 0.730558538441648, 0.8770053331607978, 1.0592513099684837,  (gDx*1, gDy*47, gDz*0)), rgb(0.25032973238937184,0.2745279038049373,0.5331800734065939)  );
  draw(  ellipsoid( (0.7708797712917745,-0.35152412413244183,0.5312016268480934), (-0.5048812319142266,0.17127567344196032,0.846025759269643), (0.38838038039261746,0.9203778755706389,0.04544498086877366), 0.17295096715308836, 0.3789887994189851, 1.1408703994683902,  (gDx*2, gDy*0, gDz*0)), rgb(0.122355174610872,0.6332924402626748,0.5303356409109755)  );
  draw(  ellipsoid( (0.6928144391113034,-0.4434302594492554,0.5686631322352946), (0.6090079300513231,-0.062493524995438254,-0.7906983625051005), (0.3861573437000686,0.8941275995843156,0.2267561279615094), 0.17504437348038426, 0.5618082161273092, 1.0208250211817549,  (gDx*2, gDy*1, gDz*0)), rgb(0.11992109497302825,0.6206243210627924,0.5355324579654122)  );
  draw(  ellipsoid( (0.7776033182889267,-0.265354786533448,0.5700174704777373), (-0.09183016286475199,0.8489297945729248,0.520466545586366), (0.622013103217515,0.4570613100560578,-0.6357630519899352), 0.38423021293487114, 0.7433549197869629, 0.8319108456409944,  (gDx*2, gDy*2, gDz*0)), rgb(0.17483816514142775,0.4436924518564647,0.5577534769175924)  );
  draw(  ellipsoid( (0.9009824053488168,-0.3674476628934811,0.23067925846503656), (0.09553873240733002,0.6866796672933344,0.7206548307864977), (-0.42320568977964,-0.6272585189218506,0.6537917822809531), 0.59425837390055, 0.6856236105818746, 1.042554837925715,  (gDx*2, gDy*3, gDz*0)), rgb(0.2094657458704357,0.3659477169529236,0.5524647618014711)  );
  draw(  ellipsoid( (0.7776921323543242,-0.5771565082903503,-0.24916924411386587), (-0.5939040269157663,-0.5445987110376399,-0.5921910593291475), (-0.2060896748685399,-0.6085249451536335,0.7663057072985605), 0.6793834965280126, 0.8738315094158887, 1.37573915281877,  (gDx*2, gDy*4, gDz*0)), rgb(0.1895343385650816,0.40953234066920435,0.5562411714051966)  );
  draw(  ellipsoid( (0.9186790303033922,-0.36789976644555494,-0.1438005602566464), (-0.3946358424519444,-0.8391078946264052,-0.374380145077014), (-0.017070182572634353,-0.400684043886138,0.9160572612244218), 0.5901402320647011, 0.7662545763022686, 1.2540723913678924,  (gDx*2, gDy*5, gDz*0)), rgb(0.18298211121878571,0.42450315423714713,0.5570421707828829)  );
  draw(  ellipsoid( (0.9967869064683379,0.019069802110446343,-0.07779592367694761), (-0.010526781725487877,-0.9316339232904812,-0.36324567422185455), (0.07940434471604796,-0.3628974726032879,0.9284397527133148), 0.5332418932524808, 0.7215061320846803, 1.178507540141931,  (gDx*2, gDy*6, gDz*0)), rgb(0.178755940732763,0.43437755168969344,0.5574522512538076)  );
  draw(  ellipsoid( (0.9652903065984414,-0.11062624084734096,-0.2365934462809), (0.1694467437588515,0.9546057897838112,0.24498078932999623), (0.19875216984126035,-0.27656757031006346,0.9402169717869269), 0.4936305318303008, 0.7412944633137954, 1.1808769206983172,  (gDx*2, gDy*7, gDz*0)), rgb(0.1706823374653279,0.45373414939829815,0.5579859725913423)  );
  draw(  ellipsoid( (0.961236312212302,0.027512214916517785,-0.2743498316290369), (0.017236238753603472,0.9870676312719071,0.15937503998084168), (0.27518659879820145,-0.1579258348898413,0.9483310426829991), 0.5031758301060929, 0.833087344811795, 1.1638702271631787,  (gDx*2, gDy*8, gDz*0)), rgb(0.17376833190594335,0.4462624812530099,0.5578222425290978)  );
  draw(  ellipsoid( (0.9735797318966266,0.037471409732864225,-0.2252518570239192), (0.0909681813985086,0.8411424553475411,0.5331080188713708), (0.2094452090956972,-0.5395139138748334,0.8155105401662924), 0.6561286017111767, 0.9986062698976702, 1.1541677073654837,  (gDx*2, gDy*9, gDz*0)), rgb(0.2090541091288932,0.366829013700109,0.5525674520311431)  );
  draw(  ellipsoid( (-0.9588771113972935,-0.25418725171320056,0.12626767719758134), (0.11656635192807735,0.05293668801939108,0.9917711392552806), (0.25877977285051135,-0.9657052076736604,0.021130097856141707), 0.5354537309898357, 0.8837748990082582, 0.9815359811095858,  (gDx*2, gDy*10, gDz*0)), rgb(0.1992418614919757,0.38801819904680224,0.5546762928049743)  );
  draw(  ellipsoid( (0.9699135972388231,0.23128702391946046,-0.07598635704996586), (0.026711584495963794,0.20913575344448335,0.977521727576898), (0.2419795552210165,-0.9501413311700985,0.19666556805234578), 0.5141639987877649, 0.6123133607616783, 1.0181181656145113,  (gDx*2, gDy*11, gDz*0)), rgb(0.1902592795699907,0.407898676776994,0.5561405794741875)  );
  draw(  ellipsoid( (0.8009605403545207,-0.2630571552812977,-0.5378318936715314), (0.5953948917793114,0.2554615192623896,0.7617377074946821), (-0.06298520173895092,-0.930344207931378,0.36123748300867214), 0.5524934225351169, 0.6419481252292288, 1.2207080010287963,  (gDx*2, gDy*12, gDz*0)), rgb(0.17399503256974477,0.44571621283676294,0.5578086842257323)  );
