import settings;
import three;
surface ellipsoid(triple v1,triple v2,triple v3,real l1,real l2, real l3, triple pos=O) {
  transform3 T = identity(4);
  T[0][0] = l1*v1.x;
  T[1][0] = l1*v1.y;
  T[2][0] = l1*v1.z;
  T[0][1] = l2*v2.x;
  T[1][1] = l2*v2.y;
  T[2][1] = l2*v2.z;
  T[0][2] = l3*v3.x;
  T[1][2] = l3*v3.y;
  T[2][2] = l3*v3.z;
  T[0][3] = pos.x;
  T[1][3] = pos.y;
  T[2][3] = pos.z;
  return T*unitsphere;
}

size(200);

real gDx=0.3383967790021426;
real gDy=0.3383967790021426;
real gDz=0.3383967790021426;

currentprojection=perspective(up=Y, camera = (gDx*4.5,gDy*4.5,gDz*11.0), target = (gDx*4.5,gDy*4.5,gDz*0.0) );
currentlight=Viewport;

  draw(  ellipsoid( (-0.415772249782404,-0.405487411669164,0.8140721069344657), (0.909422290976685,-0.19441192942009577,0.3676344629844618), (-0.009194182160259634,-0.8931875282811546,-0.4495903761619082), 0.6768846899024326, 0.717224682917122, 0.9169472194969679,  (gDx*0, gDy*0, gDz*0)), rgb(0.2600382808002669,0.24845282136162392,0.5234608942920863)  );
  draw(  ellipsoid( (-0.045383937403649335,-0.2079846743366628,0.9770786424166756), (0.9404111623520788,0.32105739965206775,0.11202228283812392), (0.33699724620440713,-0.9239396740965963,-0.18102026041557176), 0.5752855870570316, 0.7101166608883447, 0.7958643795371206,  (gDx*0, gDy*1, gDz*0)), rgb(0.25869541462623236,0.25229062484583975,0.5250357763103308)  );
  draw(  ellipsoid( (0.030699127452341393,0.04986927787015936,0.9982838367410212), (0.027963452717189585,-0.9984064945891408,0.04901547586586744), (0.9991374324314941,0.02641073052629872,-0.032044725420400016), 0.5776070301184462, 0.770492005561456, 0.8431918592771236,  (gDx*0, gDy*2, gDz*0)), rgb(0.24553409254169323,0.28631852001085667,0.5368568460780351)  );
  draw(  ellipsoid( (-0.14335487082317966,0.3846295071673588,0.9118714400766502), (0.5149831292125093,-0.7578267176775806,0.40061333302889024), (0.8451282492247916,0.5270282802565904,-0.08943955596948788), 0.6135122068526901, 0.825435646363979, 1.0686899903770495,  (gDx*0, gDy*3, gDz*0)), rgb(0.21447204998240554,0.35524723215055215,0.551133296108682)  );
  draw(  ellipsoid( (0.40668866174303675,-0.524270076245666,-0.7481612256479359), (0.7176378224716404,-0.32344495884744734,0.6167489881259112), (0.5653320158701611,0.7877336134439973,-0.24469463844278053), 0.3304309726381944, 0.5708256449774394, 1.0854290556871733,  (gDx*0, gDy*4, gDz*0)), rgb(0.14256043520695158,0.5248183398000129,0.5561260371469554)  );
  draw(  ellipsoid( (0.6595115886931647,-0.52502263004066,-0.5379551118119489), (0.7206339149353769,0.23800724388895633,0.6511830099912734), (-0.21384860304507447,-0.8171314397338848,0.5353176488535558), 0.28117955793182825, 0.5846221825328477, 1.0989058468203483,  (gDx*0, gDy*5, gDz*0)), rgb(0.1309111633248916,0.5566743522795998,0.5523337394498068)  );
  draw(  ellipsoid( (0.7389136535608831,-0.47372854628999117,-0.4791532917671327), (0.6547092678177322,0.6728652637973623,0.34439528366177574), (0.1592557289860441,-0.5681844781449746,0.8073438001125954), 0.48623051922323046, 0.6427750268709078, 1.1226389043495006,  (gDx*0, gDy*6, gDz*0)), rgb(0.17291515121850595,0.44831834494164513,0.5578732687695684)  );
  draw(  ellipsoid( (0.7066648244484536,-0.5339134021682356,-0.46428580085156157), (0.640383394030511,0.7616752749693461,0.09879212595310584), (0.30088857495292076,-0.36713383729303806,0.8801584010718125), 0.5760953070986949, 0.6145640773007639, 0.9585967459995695,  (gDx*0, gDy*7, gDz*0)), rgb(0.21464997671519986,0.3548671836271568,0.5510814628502269)  );
  draw(  ellipsoid( (0.3672740832482491,-0.7475174097878124,-0.5534685807146396), (0.8715617711753232,0.48438248439244014,-0.07585306743659753), (0.3247919746543805,-0.45452319069319913,0.8294087305557988), 0.6305065331192056, 0.6923845733998115, 0.9611092396650873,  (gDx*0, gDy*8, gDz*0)), rgb(0.2359129208234047,0.3086531448766448,0.5427373054818052)  );
  draw(  ellipsoid( (0.5666005538238771,0.7930358832938527,-0.22373622910654123), (-0.7050842438671955,0.6071319998977472,0.3663972485573372), (0.42640358987314,-0.049847994026848697,0.9031584335180612), 0.6091261740006341, 0.6350527300610193, 0.9379736341573797,  (gDx*0, gDy*9, gDz*0)), rgb(0.22927525784128197,0.32337443343203587,0.5459037547873522)  );
  draw(  ellipsoid( (0.7280120141926711,-0.3055343518323843,0.6137159498021008), (-0.6020127254351526,0.14337710257019376,0.7855085517502122), (0.32799266090153567,0.9413244745086263,0.07955531462944067), 0.389266909386465, 0.6109545727635304, 1.2113562405802503,  (gDx*1, gDy*0, gDz*0)), rgb(0.14619454147284858,0.5153754999158496,0.5568253029942983)  );
  draw(  ellipsoid( (0.6318861685935208,-0.3062919250233108,0.7119727007447092), (-0.6974603219041293,0.17593135584509445,0.6946922033533234), (0.338036934830485,0.9355391037770795,0.10245787424297374), 0.537039056037127, 0.708591156167669, 1.0563617421825704,  (gDx*1, gDy*1, gDz*0)), rgb(0.1944269794942004,0.3986003010042957,0.5555113084807819)  );
  draw(  ellipsoid( (0.5324013853143986,0.037050652094923864,0.845680799175818), (-0.7942151756919602,-0.3237816863712568,0.5141864197654135), (0.29286689743960115,-0.9454060866896966,-0.14295562820041763), 0.5028482739993811, 0.8136122073946774, 0.8620821111492551,  (gDx*1, gDy*2, gDz*0)), rgb(0.20818313320864434,0.36869581701455323,0.5527791355767431)  );
  draw(  ellipsoid( (-0.3830983203335021,-0.25625872979580544,-0.8874497959665605), (0.7085381594068142,-0.6979167425165846,-0.10433550296731879), (-0.5926291872849778,-0.6687628009380303,0.4489398205321809), 0.32067099299887936, 0.6339039399359306, 0.8766706351362775,  (gDx*1, gDy*3, gDz*0)), rgb(0.15589859848002638,0.4905656496269297,0.557911495157445)  );
  draw(  ellipsoid( (-0.3653605178135402,0.5998142679140459,0.7118528893175603), (0.8585239630407665,-0.07844419557848217,0.5067377162446284), (-0.35978923956644165,-0.7962847180417204,0.48629451046194194), 0.3316735484301147, 0.4107236304902107, 1.036474672675943,  (gDx*1, gDy*4, gDz*0)), rgb(0.14103164833687792,0.528828575960419,0.5557766234795165)  );
  draw(  ellipsoid( (0.5421168624139069,-0.6763580412331732,-0.49864727768807326), (0.8284747481927331,0.33099015691844635,0.4517467295178679), (-0.14049519242126574,-0.6580161974315888,0.7397809032572983), 0.39940276912557815, 0.5501541245490368, 1.2255605498154263,  (gDx*1, gDy*5, gDz*0)), rgb(0.14527388630655713,0.5177595857789372,0.5566629475460562)  );
  draw(  ellipsoid( (0.6787486292475209,-0.572852305394094,-0.4595003095747414), (0.7285831357795604,0.60369144390342,0.3236097260828647), (0.09201582772672386,-0.5544338344315539,0.8271252690404822), 0.3487040366056017, 0.597584461572287, 1.361189678796812,  (gDx*1, gDy*6, gDz*0)), rgb(0.1304815246653123,0.5579514783354761,0.5521274157997262)  );
  draw(  ellipsoid( (0.6707760104416757,-0.6035905876124867,-0.4309732548100422), (0.7174839877498791,0.6752650356436276,0.17097911849036337), (0.18781978367168986,-0.42390510044445406,0.8860181683682885), 0.33786651969821024, 0.6404826937130461, 1.4133916714857235,  (gDx*1, gDy*7, gDz*0)), rgb(0.12714864899592226,0.568334550761455,0.5502870888180129)  );
  draw(  ellipsoid( (0.6239206820065262,-0.6398344918045248,-0.4487034718628293), (0.7237020936641403,0.6897368934469644,0.022766146891179066), (0.2949207727350706,-0.3389319119165035,0.8933906742819585), 0.4498192027693112, 0.6259702082591446, 1.2340626448174987,  (gDx*1, gDy*8, gDz*0)), rgb(0.1556862817999083,0.49110395631624637,0.5578974866342208)  );
  draw(  ellipsoid( (-0.8832166933336745,-0.2970962699035101,0.36285269604365716), (0.2760703071225584,-0.9548422554533057,-0.10982464534930443), (0.3790955791643928,0.0031738951250646075,0.9253520779939648), 0.57823594467245, 0.7147633082041313, 1.3269607422968819,  (gDx*1, gDy*9, gDz*0)), rgb(0.171711422146099,0.45123256422277114,0.5579372399405782)  );
  draw(  ellipsoid( (0.7708797712917745,-0.35152412413244183,0.5312016268480934), (-0.5048812319142266,0.17127567344196032,0.846025759269643), (0.38838038039261746,0.9203778755706389,0.04544498086877366), 0.17295096715308836, 0.3789887994189851, 1.1408703994683902,  (gDx*2, gDy*0, gDz*0)), rgb(0.122355174610872,0.6332924402626748,0.5303356409109755)  );
  draw(  ellipsoid( (0.6928144391113034,-0.4434302594492554,0.5686631322352946), (0.6090079300513231,-0.062493524995438254,-0.7906983625051005), (0.3861573437000686,0.8941275995843156,0.2267561279615094), 0.17504437348038426, 0.5618082161273092, 1.0208250211817549,  (gDx*2, gDy*1, gDz*0)), rgb(0.11992109497302825,0.6206243210627924,0.5355324579654122)  );
  draw(  ellipsoid( (0.7776033182889267,-0.265354786533448,0.5700174704777373), (-0.09183016286475199,0.8489297945729248,0.520466545586366), (0.622013103217515,0.4570613100560578,-0.6357630519899352), 0.38423021293487114, 0.7433549197869629, 0.8319108456409944,  (gDx*2, gDy*2, gDz*0)), rgb(0.17483816514142775,0.4436924518564647,0.5577534769175924)  );
  draw(  ellipsoid( (0.9009824053488168,-0.3674476628934811,0.23067925846503656), (0.09553873240733002,0.6866796672933344,0.7206548307864977), (-0.42320568977964,-0.6272585189218506,0.6537917822809531), 0.59425837390055, 0.6856236105818746, 1.042554837925715,  (gDx*2, gDy*3, gDz*0)), rgb(0.2094657458704357,0.3659477169529236,0.5524647618014711)  );
  draw(  ellipsoid( (0.7776921323543242,-0.5771565082903503,-0.24916924411386587), (-0.5939040269157663,-0.5445987110376399,-0.5921910593291475), (-0.2060896748685399,-0.6085249451536335,0.7663057072985605), 0.6793834965280126, 0.8738315094158887, 1.37573915281877,  (gDx*2, gDy*4, gDz*0)), rgb(0.1895343385650816,0.40953234066920435,0.5562411714051966)  );
  draw(  ellipsoid( (0.9186790303033922,-0.36789976644555494,-0.1438005602566464), (-0.3946358424519444,-0.8391078946264052,-0.374380145077014), (-0.017070182572634353,-0.400684043886138,0.9160572612244218), 0.5901402320647011, 0.7662545763022686, 1.2540723913678924,  (gDx*2, gDy*5, gDz*0)), rgb(0.18298211121878571,0.42450315423714713,0.5570421707828829)  );
  draw(  ellipsoid( (0.9967869064683379,0.019069802110446343,-0.07779592367694761), (-0.010526781725487877,-0.9316339232904812,-0.36324567422185455), (0.07940434471604796,-0.3628974726032879,0.9284397527133148), 0.5332418932524808, 0.7215061320846803, 1.178507540141931,  (gDx*2, gDy*6, gDz*0)), rgb(0.178755940732763,0.43437755168969344,0.5574522512538076)  );
  draw(  ellipsoid( (0.9652903065984414,-0.11062624084734096,-0.2365934462809), (0.1694467437588515,0.9546057897838112,0.24498078932999623), (0.19875216984126035,-0.27656757031006346,0.9402169717869269), 0.4936305318303008, 0.7412944633137954, 1.1808769206983172,  (gDx*2, gDy*7, gDz*0)), rgb(0.1706823374653279,0.45373414939829815,0.5579859725913423)  );
  draw(  ellipsoid( (0.961236312212302,0.027512214916517785,-0.2743498316290369), (0.017236238753603472,0.9870676312719071,0.15937503998084168), (0.27518659879820145,-0.1579258348898413,0.9483310426829991), 0.5031758301060929, 0.833087344811795, 1.1638702271631787,  (gDx*2, gDy*8, gDz*0)), rgb(0.17376833190594335,0.4462624812530099,0.5578222425290978)  );
  draw(  ellipsoid( (0.9735797318966266,0.037471409732864225,-0.2252518570239192), (0.0909681813985086,0.8411424553475411,0.5331080188713708), (0.2094452090956972,-0.5395139138748334,0.8155105401662924), 0.6561286017111767, 0.9986062698976702, 1.1541677073654837,  (gDx*2, gDy*9, gDz*0)), rgb(0.2090541091288932,0.366829013700109,0.5525674520311431)  );
  draw(  ellipsoid( (0.5430941305119202,-0.6358883447443751,0.5483564337379111), (0.6355332897569258,-0.11551079916828394,-0.7633837127462466), (-0.5487678953931625,-0.7630879820137145,-0.3413949746144426), 0.6091995852485489, 0.6547722886361882, 1.17984874043014,  (gDx*3, gDy*0, gDz*0)), rgb(0.18818264445455873,0.41258848928623687,0.5564227012857816)  );
  draw(  ellipsoid( (0.13250805119242698,-0.655990916594195,0.7430461181616476), (0.9043774141880677,-0.2267782728239013,-0.3614873548016752), (-0.4056391365187648,-0.7198941118809875,-0.5632134218956389), 0.5323474908399675, 0.6972903842932667, 1.182756266646243,  (gDx*3, gDy*1, gDz*0)), rgb(0.17739151067487793,0.437601901599516,0.5575673885708057)  );
  draw(  ellipsoid( (0.8839554195419981,-0.27343693499005517,0.3792822944003247), (0.4466911314218702,0.7335550876490113,-0.512214765985227), (-0.13816602104489956,0.6221970555760419,0.7705718491231849), 0.5130382079757713, 0.5907994212629815, 0.9777779413403829,  (gDx*3, gDy*2, gDz*0)), rgb(0.19473185379957042,0.39792645949981315,0.5554612467340478)  );
  draw(  ellipsoid( (0.9679281792478706,-0.005129658210409005,0.25117469304160933), (-0.18982402717443103,-0.6698442892924146,0.7178269058830418), (0.16456572706728168,-0.7424838817839651,-0.6493348956939184), 0.45868726681130767, 0.6476308552605936, 1.0565276932600527,  (gDx*3, gDy*3, gDz*0)), rgb(0.17440267448507799,0.4447357396190283,0.5577832136758752)  );
  draw(  ellipsoid( (0.9885863719820119,0.14068377151656863,0.05389862301874775), (0.02546465564514931,-0.5086510999610786,0.8605960782046702), (0.1484874959190744,-0.8494010448193827,-0.5064280093117126), 0.5793487582650838, 0.8396159447953732, 1.1109629771763578,  (gDx*3, gDy*4, gDz*0)), rgb(0.1984130651878398,0.3898296317717281,0.5548273610276346)  );
  draw(  ellipsoid( (0.9840858084979875,0.17751502146882894,0.007971114463057287), (0.04669001683101318,-0.3015959467859742,0.9522919338157767), (0.17145017888932534,-0.9367648061467687,-0.3050844704727286), 0.6019968258982393, 0.9016113178039994, 1.1642348268337377,  (gDx*3, gDy*5, gDz*0)), rgb(0.19663130625158226,0.39373708169345234,0.5551426717234034)  );
  draw(  ellipsoid( (0.9624274408924138,0.17981394063398354,0.2034708032395746), (-0.17811939076684924,-0.1475256453135066,0.9728872836087847), (0.2049558578087637,-0.9725755141522494,-0.10995437972796851), 0.5666123752614536, 0.7795015219176167, 1.2743988225272045,  (gDx*3, gDy*6, gDz*0)), rgb(0.17687233050672466,0.4388368415317289,0.5576067701259121)  );
  draw(  ellipsoid( (0.9151768393713343,0.17030452444402022,-0.3653049707192486), (0.34028248203696737,0.15926344770060086,0.9267378197987168), (-0.21600737278402282,0.9724358709860582,-0.0878025724140811), 0.5579002900001073, 0.7470354449665528, 1.307462642208385,  (gDx*3, gDy*7, gDz*0)), rgb(0.17145784276378567,0.45184703817641303,0.557950387283796)  );
  draw(  ellipsoid( (0.957246876149286,0.07705443137188173,-0.2788207895914319), (0.273534580070614,0.07247641303269924,0.959127730315158), (-0.09411297258096984,0.994389151268189,-0.04830076844216917), 0.5999935108339087, 0.7162601612584366, 1.37747203883902,  (gDx*3, gDy*8, gDz*0)), rgb(0.1704076383669494,0.45440419974806856,0.557997642814476)  );
  draw(  ellipsoid( (0.9385707100933721,0.17957326242526103,0.2946836703598819), (-0.31420829234234643,0.09162599918561234,0.9449221265779232), (0.14268206326700533,-0.9794682841701339,0.14242088725564028), 0.6683527396046083, 0.6976472327641181, 1.3232527055075751,  (gDx*3, gDy*9, gDz*0)), rgb(0.18303361781599486,0.42438392367929567,0.5570366499783099)  );
  draw(  ellipsoid( (-0.5240742930198834,-0.5743717217180946,0.6288427948909818), (0.5143024218642098,-0.8019657095250938,-0.3038815881400538), (-0.6788513491629208,-0.16415884391803248,-0.7156903797754846), 0.4265685016181767, 0.5587821718973587, 1.0213643668410786,  (gDx*4, gDy*0, gDz*0)), rgb(0.16847783892429086,0.45912553168953435,0.5580699634052216)  );
  draw(  ellipsoid( (-0.5773020095811409,-0.5715692444664329,0.5831217613103179), (0.60602608641603,-0.7785366830571304,-0.16313496166570757), (0.5472246086542953,0.25920885770835855,0.7958366640012767), 0.5581071822852209, 0.8968158639722372, 1.1725810253906364,  (gDx*4, gDy*1, gDz*0)), rgb(0.18470203801460666,0.42053390654421274,0.5568513755966286)  );
  draw(  ellipsoid( (0.7727704707247113,0.5094850588235087,-0.3784848403985475), (0.5647666052439952,-0.27989836611969043,0.776334712765506), (0.28959364837144025,-0.8136841398719367,-0.5040373392356812), 0.5478731314521685, 0.7798373256406175, 1.392475254695622,  (gDx*4, gDy*2, gDz*0)), rgb(0.16370985594384493,0.47092199761952763,0.558147601882301)  );
  draw(  ellipsoid( (0.8947870530294708,0.3820240706246194,-0.23111412590802602), (0.3303725674812387,-0.21828373511912952,0.9182625864306441), (0.30034995652852936,-0.8980032407769125,-0.32152773312340105), 0.44519416883092944, 0.5424734182232145, 1.3928133049047848,  (gDx*4, gDy*3, gDz*0)), rgb(0.14046656455507583,0.530315961437956,0.5556409537828527)  );
  draw(  ellipsoid( (0.8464503039263128,0.10083068155933078,0.5228336797102242), (-0.47540885499756735,-0.299112335910921,0.8273561694311673), (-0.2398088896870892,0.9488756420955243,0.2052479287711626), 0.5085789444082398, 0.604321496972716, 1.3471161619283052,  (gDx*4, gDy*4, gDz*0)), rgb(0.15476243489983,0.4934465682455733,0.5578357976901311)  );
  draw(  ellipsoid( (0.9926777138969244,0.12033783440540775,0.010476733412313966), (0.010976189306339416,-0.17623657070506038,0.984286642403742), (0.12029330654981366,-0.9769644193913806,-0.17626696696368174), 0.5550558868707163, 0.615421361475499, 1.2346563124079692,  (gDx*4, gDy*5, gDz*0)), rgb(0.17101895290928715,0.45291307172715056,0.5579716719352265)  );
  draw(  ellipsoid( (0.959590171477389,-0.025811314572647737,-0.28021505820356446), (0.2813587713913484,0.07068853973233183,0.9569954922107322), (0.004893318418636716,0.9971644329750949,-0.07509426771939032), 0.585996811405795, 0.7470292988435391, 1.1691547096225954,  (gDx*4, gDy*6, gDz*0)), rgb(0.191505565686023,0.405104121274959,0.5559608046821762)  );
  draw(  ellipsoid( (0.8445701731014665,-0.1024694574323115,-0.5255485068011199), (0.492979255704735,0.5318878669895428,0.6885250542965883), (0.2089800855396628,-0.8405922360115171,0.4997319447513769), 0.6000879536766117, 0.8509297390474282, 1.133812681015387,  (gDx*4, gDy*7, gDz*0)), rgb(0.20085256391385625,0.38451101651251957,0.5543683392802531)  );
  draw(  ellipsoid( (0.8403064462995666,-0.21193561178886078,-0.4989673063068108), (0.41115435309462617,0.8490376030380957,0.33179398210134003), (0.3533230451566,-0.4839612020431038,0.8005900203464074), 0.5693673269754218, 0.7491337015154819, 1.2186465430973508,  (gDx*4, gDy*8, gDz*0)), rgb(0.1823330029748479,0.4260057488992711,0.5571117463315631)  );
  draw(  ellipsoid( (0.9120211012303205,-0.2874119954756885,-0.2925950371542826), (0.3718836070746113,0.8803584013277957,0.29440052309862447), (0.17297425733272903,-0.3773107871082544,0.9097892482503518), 0.6526985284310991, 0.7364591452853304, 1.3027134651634493,  (gDx*4, gDy*9, gDz*0)), rgb(0.1864632495035926,0.4164987629243354,0.5566414218520955)  );
  draw(  ellipsoid( (0.696479880800695,0.6011121148332186,-0.3918928438241573), (-0.29031731493738744,0.7354891507823651,0.6121858914814856), (0.6562252908014106,-0.312601878564686,0.6867666512218205), 0.35228254809964044, 0.6883833782200451, 1.2452022035698986,  (gDx*5, gDy*0, gDz*0)), rgb(0.13733549561599684,0.538666310306546,0.5547710548058492)  );
  draw(  ellipsoid( (-0.7164955817125856,-0.5116865348239508,0.47414235358824636), (0.39893198770053034,0.2570272571051754,0.8802217097381171), (0.5722651051528894,-0.8198255175248258,-0.019969232321352382), 0.3316673146203932, 0.6638410179713734, 1.2024284129018168,  (gDx*5, gDy*1, gDz*0)), rgb(0.1355936962480961,0.5434059640886784,0.5542075201912336)  );
  draw(  ellipsoid( (0.9255250087007914,0.36620567974597973,0.09642021775118124), (-0.04036758477270916,-0.15775839340893139,0.9866522930641022), (0.3765287722990348,-0.9170636234366827,-0.13122649961103067), 0.44084383807123234, 0.5145157262175157, 1.5601071279854168,  (gDx*5, gDy*2, gDz*0)), rgb(0.1300775437473464,0.5591523352530454,0.5519334136639799)  );
  draw(  ellipsoid( (0.8872442023457072,0.3134496832892588,-0.33844795973649017), (0.3504352270404055,0.019135944765318828,0.9363914604838502), (0.2999881281868817,-0.9494119820519448,-0.09286555487977781), 0.5432859533450859, 0.5909055129068372, 1.6666805365183865,  (gDx*5, gDy*3, gDz*0)), rgb(0.13835586797046895,0.5359262816765971,0.5550727830387973)  );
  draw(  ellipsoid( (0.9816547256486325,0.0033266297752252982,0.1906382258258997), (-0.1871780526226069,-0.17359081212084454,0.9668663850624005), (-0.0363094509476079,0.9848122478328365,0.16978356896448793), 0.5378502331737339, 0.6922567840836851, 1.1903065429846822,  (gDx*5, gDy*4, gDz*0)), rgb(0.17743091564299293,0.43750829706157496,0.5575643304437318)  );
  draw(  ellipsoid( (0.9071766859053068,-0.4157204401574077,-0.06486120709018273), (-0.09304604628088575,-0.3485575476594013,0.9326575305229458), (-0.41033266238670263,-0.8400500887476863,-0.3548844242477329), 0.5374378399072427, 0.8397008194376756, 1.193114097503122,  (gDx*5, gDy*5, gDz*0)), rgb(0.17887977808195035,0.4340849510356925,0.5574417762900606)  );
  draw(  ellipsoid( (0.807673698093848,-0.44063938030926886,-0.39179093140101007), (0.051625031813328226,-0.6090706170776071,0.7914340398940242), (-0.5873653492483877,-0.6594466770963116,-0.4691822956687017), 0.5459431394362325, 0.8533570185842813, 1.2515908171524621,  (gDx*5, gDy*6, gDz*0)), rgb(0.17530376981581028,0.44257702113047115,0.5577216838734578)  );
  draw(  ellipsoid( (-0.7296271388791306,0.5208033136316141,0.44317958743762625), (-0.2766554142119879,-0.8174689417311383,0.5051794840372742), (-0.6253846976048002,-0.24598462922569753,-0.7405305815335711), 0.4824198077459653, 0.8123231060480993, 1.286046692224937,  (gDx*5, gDy*7, gDz*0)), rgb(0.160003699461043,0.4802020177379498,0.5580961185434152)  );
  draw(  ellipsoid( (0.6652231093906741,-0.6385728776488447,-0.3869145831625842), (0.587692182117854,0.7674506393128631,-0.25619800017922206), (0.46053893842992033,-0.0569578453731443,0.8858101884942908), 0.37987253475260574, 0.6931579081566593, 1.4249667235389687,  (gDx*5, gDy*8, gDz*0)), rgb(0.13336295063687037,0.5496119528142265,0.5533879855143058)  );
  draw(  ellipsoid( (0.5582373718500104,-0.7952655745441805,-0.23648192872798346), (0.7837451688545354,0.5989808927135543,-0.1642114504571752), (0.2722398702746694,-0.09367260063106786,0.9576590713421157), 0.3853395615611438, 0.649364289224228, 1.407014889299286,  (gDx*5, gDy*9, gDz*0)), rgb(0.1346802138725094,0.5459266693283602,0.5538866994480609)  );
  draw(  ellipsoid( (0.7693050720240722,0.5044452109888443,-0.39205195480759636), (0.19784323991135283,0.39538675533105455,0.8969544950164193), (0.6074765498185224,-0.7675964713436354,0.20437196138752226), 0.44207035979792203, 0.6048876916277636, 1.4953859190293257,  (gDx*6, gDy*0, gDz*0)), rgb(0.13718404122573738,0.5390756374802208,0.5547240172088743)  );
  draw(  ellipsoid( (0.8590391420630632,0.5094410493083713,-0.0502152335764951), (0.005041721239547624,0.08966939198588897,0.9959588250464091), (0.5118850783628088,-0.8558207858076753,0.07446105780227916), 0.42663850766992456, 0.5006727601028369, 1.6129233344466147,  (gDx*6, gDy*1, gDz*0)), rgb(0.12625883175644917,0.5713086468153775,0.5497025703268358)  );
  draw(  ellipsoid( (0.7842152377776694,0.36708724210714394,0.5002533533315738), (-0.4958736768248232,-0.11385726577683009,0.8608982632472058), (0.3729822481962702,-0.923192005875265,0.09274029770526142), 0.3357069834422223, 0.5162995891819665, 1.3359511552571557,  (gDx*6, gDy*2, gDz*0)), rgb(0.1281887159044542,0.5649793898432307,0.5509158120617551)  );
  draw(  ellipsoid( (0.6838994647437048,0.10438241945768423,0.7220705177691676), (-0.693065686770386,-0.2162178978288165,0.687684356721876), (-0.22790672641404508,0.9707492627690466,0.0755274313649423), 0.5021194584291966, 0.7399914300738183, 1.2675810342197131,  (gDx*6, gDy*3, gDz*0)), rgb(0.16486338537630507,0.46805363689940227,0.5581421898809422)  );
  draw(  ellipsoid( (0.6226650657254555,-0.2623683297966647,0.7371913424917731), (-0.7501582748784015,0.06785574262486671,0.6577675583549926), (0.22260004168143144,0.9625790656941051,0.15456637322163128), 0.5199208798144149, 0.7248371500450198, 1.3862485178755959,  (gDx*6, gDy*4, gDz*0)), rgb(0.1585041337873176,0.4839769697309635,0.5580447460936786)  );
  draw(  ellipsoid( (0.6896464056717378,-0.524829534482259,0.49894067270486986), (-0.4668495702676006,0.20447401287397018,0.8603730916295396), (0.553569610694996,0.8262834488202891,0.10400167460497727), 0.2919960737346702, 0.4900922600532053, 1.6000972501142159,  (gDx*6, gDy*5, gDz*0)), rgb(0.11947164569897878,0.6141213598240995,0.5379361174719562)  );
  draw(  ellipsoid( (0.7559506669449356,-0.6538794546938232,0.03130891046994809), (-0.11942841915625557,-0.09073115350428299,0.9886883788543385), (-0.6436423244654942,-0.751138813078575,-0.1466800655970838), 0.42997943102222674, 0.4745014622637123, 1.5516992788505783,  (gDx*6, gDy*6, gDz*0)), rgb(0.12741484262278222,0.5674550374687626,0.5504577869733537)  );
  draw(  ellipsoid( (0.6894549013846935,-0.4652708561937459,-0.5551350910664551), (0.17436944202371585,-0.6372610883359208,0.750662109727976), (-0.7030271948118085,-0.6143462669127697,-0.35823376123054457), 0.3378067270116913, 0.578639899372386, 1.4450158676072662,  (gDx*6, gDy*7, gDz*0)), rgb(0.1254478595077077,0.5741305851880049,0.5491243984214536)  );
  draw(  ellipsoid( (0.681831189611882,-0.5958118151375799,-0.42439899836699446), (-0.01986017406120999,-0.5950323980438523,0.8034562954911989), (-0.7312399075260487,-0.5393929237769484,-0.4175445741722085), 0.3070142799764357, 0.7212062964353001, 1.541773831538474,  (gDx*6, gDy*8, gDz*0)), rgb(0.12060008962418062,0.5962003274685126,0.5436729936756536)  );
  draw(  ellipsoid( (0.6102934251861598,-0.7593739829846998,-0.22559496701056542), (-0.43921965373484667,-0.5613630328918091,0.7013969212047846), (-0.6592632485946616,-0.3289721861623902,-0.6761281459782246), 0.39349367574231103, 0.8757584718190173, 1.60645571494032,  (gDx*6, gDy*9, gDz*0)), rgb(0.12830942716681654,0.5645963577239,0.5509857850846404)  );
  draw(  ellipsoid( (0.7657087200081021,0.6114323951233676,0.19960105785605461), (-0.24142186286306294,-0.014419746338905533,0.9703131221658553), (0.5961590729287632,-0.7911652779977286,0.1365718223335029), 0.36670926911441293, 0.5565413701096472, 1.4973254021576943,  (gDx*7, gDy*0, gDz*0)), rgb(0.12658611904902756,0.5701931698864418,0.549926363336372)  );
  draw(  ellipsoid( (0.5874131183897808,0.6005878327369678,0.5424390136337034), (0.7210208225224565,-0.08399350287445476,-0.6878037983058245), (0.367525239721891,-0.7951347977816031,0.4823752186049525), 0.4648234928509162, 0.7129975336075691, 1.2053837976913626,  (gDx*7, gDy*1, gDz*0)), rgb(0.16250050336131644,0.47394234595166723,0.5581419339358669)  );
  draw(  ellipsoid( (-0.5370586069363146,-0.3499031404050441,-0.7675518517014424), (-0.7847521232829522,-0.12650345482303293,0.6067627056112918), (0.309406137170101,-0.9282050787689782,0.20664746315634236), 0.5032147541950095, 0.7717899882995471, 0.863808574623697,  (gDx*7, gDy*2, gDz*0)), rgb(0.21189345598067172,0.3607550105783105,0.5518414829987246)  );
  draw(  ellipsoid( (0.5677563465861775,0.13432929738166238,0.8121627735719393), (0.4421673785649166,0.782426939320832,-0.4385157853008998), (0.694363550486448,-0.6080820047411235,-0.38483182725168347), 0.5506561266301676, 0.6975482341706971, 0.8350667743525931,  (gDx*7, gDy*3, gDz*0)), rgb(0.24097051486115484,0.2971008329226618,0.5398689474524533)  );
  draw(  ellipsoid( (0.5621476029610476,-0.2655245658545691,0.7832539673776897), (-0.6998548280621674,0.35190025110245315,0.6215862232322271), (0.44067367986212036,0.8975872760917306,-0.01199123325620373), 0.49821956492637265, 0.7059870547479234, 0.912994762979697,  (gDx*7, gDy*4, gDz*0)), rgb(0.2055198246746207,0.3744184787898611,0.5533945223612293)  );
  draw(  ellipsoid( (0.4384171349056225,-0.4538916037443279,0.7757401806478422), (-0.6027794648859619,0.49172704037437165,0.6283800080178031), (0.6666688327295184,0.7430928137285829,0.05801497782468373), 0.31037943997078526, 0.5437399860294595, 1.448356557870281,  (gDx*7, gDy*5, gDz*0)), rgb(0.12204802586750477,0.5880233570375645,0.5458845511745154)  );
  draw(  ellipsoid( (0.6791985506322082,-0.7213269353708566,-0.13556098674617156), (0.06256797134195438,-0.12712310142695693,0.9899115950658139), (-0.731282830224572,-0.6808282965565399,-0.0412098632205968), 0.32087591052932674, 0.35454584117284416, 1.7985979003276578,  (gDx*7, gDy*6, gDz*0)), rgb(0.12389325896919534,0.6380370641882496,0.5281930194964176)  );
  draw(  ellipsoid( (0.5692585917195264,-0.5463148876072974,-0.6143978347391266), (0.42989414741032084,-0.4392103713298481,0.7888506016595602), (0.7008107289246184,0.7131860159137466,0.015166704626335252), 0.23589910989820811, 0.35797670949123417, 1.72560619994981,  (gDx*7, gDy*7, gDz*0)), rgb(0.13310954705702016,0.6562714601652339,0.518962488168843)  );
  draw(  ellipsoid( (0.5771049473892421,-0.4552392475148058,-0.6780170405093175), (0.409450305186079,-0.5570490014840277,0.7225281015494652), (-0.7066118646625508,-0.6945888261898554,-0.13507788586705144), 0.2768450808786095, 0.44042917429280987, 1.9523418803127623,  (gDx*7, gDy*8, gDz*0)), rgb(0.12932983595902398,0.650030671066188,0.5223090504490696)  );
  draw(  ellipsoid( (0.7161063704463837,-0.6392326318345251,-0.2803093088072769), (-0.04989377650998994,-0.44744653272600843,0.8929178077611871), (-0.6962056285837381,-0.6254384404155054,-0.3523130425898853), 0.12745981926074385, 0.36366387590237687, 1.6249385986676077,  (gDx*7, gDy*9, gDz*0)), rgb(0.17682546719565578,0.6986919272380078,0.4903898700557127)  );
  draw(  ellipsoid( (-0.6262293902881534,-0.6346918859768375,-0.4527725263468321), (-0.6807605982134322,0.16208685352006894,0.7143478563249516), (0.38000231401850393,-0.7555753184105003,0.5335767794324014), 0.5017891766099447, 0.9551123356314651, 1.0851002319662622,  (gDx*8, gDy*0, gDz*0)), rgb(0.17571644648077686,0.44158838794586064,0.5576935049307957)  );
  draw(  ellipsoid( (-0.554150298275657,-0.5088097508980458,-0.6588095964025334), (0.8283662516014992,-0.4150528479475043,-0.3762186686201889), (-0.0820170721781848,-0.7542173233238116,0.6514824856199769), 0.5822597211977079, 0.6898661731884417, 0.9577496360575475,  (gDx*8, gDy*1, gDz*0)), rgb(0.22354357603784292,0.33581496779458087,0.5481907145400557)  );
  draw(  ellipsoid( (0.2746602643162024,-0.6959972582506356,0.6634376803538908), (0.8978393671397846,-0.06132130618884382,-0.43603230180953895), (-0.34416015170235015,-0.7154212143310341,-0.6080512117127336), 0.657858938647909, 0.7494251399629993, 0.8003330900124396,  (gDx*8, gDy*2, gDz*0)), rgb(0.2791757005392037,0.17320338858657036,0.4818074520945286)  );
  draw(  ellipsoid( (-0.3151155793123778,-0.7760346240846591,0.5463263071612118), (0.9490512360710028,-0.2588687460264354,0.17969063315265585), (0.0019806531059203686,0.5751149750723615,0.8180701940914307), 0.7430400745357849, 0.8827803390773388, 1.0157674477250056,  (gDx*8, gDy*3, gDz*0)), rgb(0.2617715337965823,0.24337019739568883,0.5213026248953443)  );
  draw(  ellipsoid( (-0.8448200596807545,-0.3352136351829086,-0.4170262408391905), (0.10790391276155276,-0.8701419321972702,0.48084276374169205), (-0.5240570697660264,0.3612268492505248,0.7712842219368842), 0.6685589956372398, 0.7786277990230341, 0.7856846726153742,  (gDx*8, gDy*4, gDz*0)), rgb(0.2808718632145553,0.16073593990761095,0.4728727386628206)  );
  draw(  ellipsoid( (0.6451384075350735,-0.5982324682718925,0.4753044803370028), (0.13782337898856267,0.7029825623324283,0.6977250413025955), (0.7515325351089495,0.38462115251485135,-0.5359714709859688), 0.47421274944465347, 0.6479272718840747, 0.7958383343609742,  (gDx*8, gDy*5, gDz*0)), rgb(0.2206601659409005,0.3420126283690614,0.5492066373256029)  );
  draw(  ellipsoid( (0.6364608638959706,-0.7229963193851303,0.2686892087232938), (-0.1818464773447841,0.19787963304444767,0.9632110409995764), (0.7495661594589819,0.661906317375616,0.005531691618543566), 0.39680047917411915, 0.5973654185348652, 1.7730250471186666,  (gDx*8, gDy*6, gDz*0)), rgb(0.12242289055039608,0.5862414196288269,0.5463363235794451)  );
  draw(  ellipsoid( (-0.34570193666792826,0.4411093353532879,0.8281984817954113), (0.5553374391221567,-0.6152675087870044,0.5595053362929423), (-0.7563666436942396,-0.6533517022976325,0.032265359311452586), 0.14305432385491307, 0.2474058614575592, 1.9923478312505876,  (gDx*8, gDy*7, gDz*0)), rgb(0.20227246108010974,0.7153035467292542,0.4760544588662481)  );
  draw(  ellipsoid( (-0.5517089415382127,0.517984338089086,0.6536891228414288), (0.4570452367065265,-0.46784164412143514,0.7564613986381775), (-0.6976581508379731,-0.7161120174387272,-0.021370143873534534), 0.35432989326928577, 0.3865574307874871, 2.017092155846713,  (gDx*8, gDy*8, gDz*0)), rgb(0.12496643508597825,0.6409006780876304,0.5268561200219509)  );
  draw(  ellipsoid( (0.5357147263661451,-0.27270790178846055,-0.7991496307054026), (0.45346009187516895,-0.7054512345227175,0.5447132280263968), (-0.7123086950409979,-0.6541933628618598,-0.25425846486691706), 9.999885328991667e-6, 0.0004898380675630704, 1.8391186574696445,  (gDx*8, gDy*9, gDz*0)), rgb(0.7293540064390001,0.8716870230599614,0.15699023525147776)  );
  draw(  ellipsoid( (-0.7007476923621682,-0.499112555148262,-0.509744376077333), (0.08777749794714129,-0.7694105068063282,0.6326946995748965), (0.707988546872925,-0.39861526477218884,-0.58297348840866), 0.5293804134703811, 0.7844834734462512, 0.8503980178832304,  (gDx*9, gDy*0, gDz*0)), rgb(0.22331865837139286,0.33629907518925933,0.5482719218999982)  );
  draw(  ellipsoid( (0.8232235145630816,-0.566890170279679,0.030636251576916903), (-0.5632757297956531,-0.8223298089359878,-0.08058621196256696), (-0.07087663432741483,-0.04908380767195872,0.9962767098205398), 0.650702533429496, 0.68712724274098, 0.7482470590996629,  (gDx*9, gDy*1, gDz*0)), rgb(0.2830551174926803,0.13134624786851912,0.4496169051895763)  );
  draw(  ellipsoid( (0.19865252139689749,-0.9514923596253225,0.23494566460629054), (-0.44688171104832136,0.12541447794621313,0.8857584010620522), (0.8722579389568088,0.28095106032210526,0.40029063145507776), 0.6661221990752364, 0.7737313676184098, 0.8043910252462622,  (gDx*9, gDy*2, gDz*0)), rgb(0.27921414233104,0.17295202654930925,0.48163271667709084)  );
  draw(  ellipsoid( (0.4471238466958473,-0.6713638451714623,0.5910590944334561), (0.8793366261669413,0.4509644112178679,-0.15296469428029005), (-0.16385165118865688,0.5881340724796601,0.7919917608101996), 0.6907515833428158, 0.7759437050764229, 0.8834676886943785,  (gDx*9, gDy*3, gDz*0)), rgb(0.273219043734356,0.20360877283317777,0.5011874412713543)  );
  draw(  ellipsoid( (-0.8473702926172885,-0.44158241044863833,-0.29490432681135914), (-0.2420274240760909,-0.1731433918777795,0.9546958111587951), (0.47263761296027074,-0.8803558034291749,-0.03984151332202884), 0.8829613856520935, 0.9847075859450964, 1.015190337006428,  (gDx*9, gDy*4, gDz*0)), rgb(0.28288935496128675,0.135776868720927,0.4533077666598608)  );
  draw(  ellipsoid( (0.7651776893976058,0.541120077263787,0.34884404198749713), (-0.5881829188491765,0.36720688860033956,0.7205553101174961), (0.26180900981861627,-0.7565369541182316,0.5992561050429981), 0.7244966069181815, 0.8074980990215728, 0.9022247551693171,  (gDx*9, gDy*5, gDz*0)), rgb(0.2769025742395661,0.18642107365432195,0.4906619512070493)  );
  draw(  ellipsoid( (0.6114045026394228,-0.7075046666622575,0.3544314895764314), (0.055682010691625095,-0.40832440721467533,-0.9111370325906646), (-0.7893567304062076,-0.5768087422394987,0.21025609869516312), 0.5445060552736694, 0.7048190284523448, 1.0710884682420507,  (gDx*9, gDy*6, gDz*0)), rgb(0.19403964957491354,0.39945720438762766,0.5555743832273083)  );
  draw(  ellipsoid( (0.5854940777514557,-0.8075048470932835,-0.07164221408377258), (0.12190210872817461,0.0003282345517546109,0.9925420737428229), (-0.8014590200413223,-0.5898608430663388,0.0986287230550592), 0.30504426486472636, 0.42077539070091907, 1.8902664661635713,  (gDx*9, gDy*7, gDz*0)), rgb(0.12440285706364627,0.6394300673626019,0.527546485985868)  );
  draw(  ellipsoid( (0.5780318678664966,-0.7177962895295944,-0.3881335420551998), (0.2992765363144953,-0.2560224766980205,0.9191768307768697), (-0.7591526292797567,-0.6474727624873176,0.06683043688825033), 0.2547827901798566, 0.34040691706987297, 2.1746387389063733,  (gDx*9, gDy*8, gDz*0)), rgb(0.15240001153187296,0.6787784066182194,0.5051359535844802)  );
  draw(  ellipsoid( (-0.43620641558779366,0.495121123192099,0.7513847458985597), (0.4574298189136958,-0.5970681712097681,0.6589898024224704), (0.7749076872561225,0.6311613678745055,0.033961801102864606), 0.1906955152457473, 0.42292611195596264, 1.9711316137930808,  (gDx*9, gDy*9, gDz*0)), rgb(0.1571446439494312,0.6831291545989068,0.5021297708217625)  );
