import settings;
import three;
surface ellipsoid(triple v1,triple v2,triple v3,real l1,real l2, real l3, triple pos=O) {
  transform3 T = identity(4);
  T[0][0] = l1*v1.x;
  T[1][0] = l1*v1.y;
  T[2][0] = l1*v1.z;
  T[0][1] = l2*v2.x;
  T[1][1] = l2*v2.y;
  T[2][1] = l2*v2.z;
  T[0][2] = l3*v3.x;
  T[1][2] = l3*v3.y;
  T[2][2] = l3*v3.z;
  T[0][3] = pos.x;
  T[1][3] = pos.y;
  T[2][3] = pos.z;
  return T*unitsphere;
}

size(200);

real gDx=1.1113982831696785;
real gDy=1.1113982831696785;
real gDz=1.1113982831696785;

currentprojection=perspective(up=Y, camera = (gDx*4.5,gDy*4.5,gDz*11.0), target = (gDx*4.5,gDy*4.5,gDz*0.0) );
currentlight=Viewport;

  draw(  ellipsoid( (0.8464503039263128,0.10083068155933078,0.5228336797102242), (-0.47540885499756735,-0.299112335910921,0.8273561694311673), (-0.2398088896870892,0.9488756420955243,0.2052479287711626), 0.5085789444082398, 0.604321496972716, 1.3471161619283052,  (gDx*0, gDy*0, gDz*0)), rgb(0.15476243489983,0.4934465682455733,0.5578357976901311)  );
  draw(  ellipsoid( (0.9926777138969244,0.12033783440540775,0.010476733412313966), (0.010976189306339416,-0.17623657070506038,0.984286642403742), (0.12029330654981366,-0.9769644193913806,-0.17626696696368174), 0.5550558868707163, 0.615421361475499, 1.2346563124079692,  (gDx*0, gDy*1, gDz*0)), rgb(0.17101895290928715,0.45291307172715056,0.5579716719352265)  );
  draw(  ellipsoid( (0.959590171477389,-0.025811314572647737,-0.28021505820356446), (0.2813587713913484,0.07068853973233183,0.9569954922107322), (0.004893318418636716,0.9971644329750949,-0.07509426771939032), 0.585996811405795, 0.7470292988435391, 1.1691547096225954,  (gDx*0, gDy*2, gDz*0)), rgb(0.191505565686023,0.405104121274959,0.5559608046821762)  );
  draw(  ellipsoid( (0.8445701731014665,-0.1024694574323115,-0.5255485068011199), (0.492979255704735,0.5318878669895428,0.6885250542965883), (0.2089800855396628,-0.8405922360115171,0.4997319447513769), 0.6000879536766117, 0.8509297390474282, 1.133812681015387,  (gDx*0, gDy*3, gDz*0)), rgb(0.20085256391385625,0.38451101651251957,0.5543683392802531)  );
  draw(  ellipsoid( (0.8403064462995666,-0.21193561178886078,-0.4989673063068108), (0.41115435309462617,0.8490376030380957,0.33179398210134003), (0.3533230451566,-0.4839612020431038,0.8005900203464074), 0.5693673269754218, 0.7491337015154819, 1.2186465430973508,  (gDx*0, gDy*4, gDz*0)), rgb(0.1823330029748479,0.4260057488992711,0.5571117463315631)  );
  draw(  ellipsoid( (0.9120211012303205,-0.2874119954756885,-0.2925950371542826), (0.3718836070746113,0.8803584013277957,0.29440052309862447), (0.17297425733272903,-0.3773107871082544,0.9097892482503518), 0.6526985284310991, 0.7364591452853304, 1.3027134651634493,  (gDx*0, gDy*5, gDz*0)), rgb(0.1864632495035926,0.4164987629243354,0.5566414218520955)  );
  draw(  ellipsoid( (0.6062379104471163,-0.6599433975991521,-0.4437908380104317), (0.7487222802753546,0.661751799077181,0.03872342233568332), (0.26812411856449525,-0.35575169484262675,0.8952933534102725), 0.4810167804017416, 0.6072910595979214, 1.4891665845566542,  (gDx*0, gDy*6, gDz*0)), rgb(0.14236043317239072,0.5253410723903424,0.5560828548894935)  );
  draw(  ellipsoid( (0.634948326672956,-0.5978628610339894,-0.48928582837791845), (0.729022899824557,0.6732797251450159,0.12336945829517831), (0.2556682107470675,-0.43503380455420304,0.8633535515120606), 0.529711058327937, 0.6844080373452731, 1.6464110743922384,  (gDx*0, gDy*7, gDz*0)), rgb(0.14264825734375158,0.5245888046697402,0.5561449987446736)  );
  draw(  ellipsoid( (0.326990442011213,-0.6758808491327906,-0.6605015735097456), (0.9330464046720635,0.1199565963375539,0.33916783710081544), (-0.15000552510440335,-0.7271832594130914,0.6698528567286286), 0.5035494336110068, 0.6753387738750865, 1.304636424680033,  (gDx*0, gDy*8, gDz*0)), rgb(0.16057144334016907,0.4787751318636268,0.5581123287697397)  );
  draw(  ellipsoid( (0.06362110261947504,0.42151153652659057,0.9045885141192513), (0.8966596399371242,-0.422077349661671,0.13361212897939476), (-0.4381253763585363,-0.8026074603924215,0.4048054089474577), 0.3412309549342937, 0.6219421232022424, 1.4189576052369866,  (gDx*0, gDy*9, gDz*0)), rgb(0.1272866249838548,0.5678786731475147,0.5503755666936827)  );
  draw(  ellipsoid( (0.9816547256486325,0.0033266297752252982,0.1906382258258997), (-0.1871780526226069,-0.17359081212084454,0.9668663850624005), (-0.0363094509476079,0.9848122478328365,0.16978356896448793), 0.5378502331737339, 0.6922567840836851, 1.1903065429846822,  (gDx*1, gDy*0, gDz*0)), rgb(0.17743091564299293,0.43750829706157496,0.5575643304437318)  );
  draw(  ellipsoid( (0.9071766859053068,-0.4157204401574077,-0.06486120709018273), (-0.09304604628088575,-0.3485575476594013,0.9326575305229458), (-0.41033266238670263,-0.8400500887476863,-0.3548844242477329), 0.5374378399072427, 0.8397008194376756, 1.193114097503122,  (gDx*1, gDy*1, gDz*0)), rgb(0.17887977808195035,0.4340849510356925,0.5574417762900606)  );
  draw(  ellipsoid( (0.807673698093848,-0.44063938030926886,-0.39179093140101007), (0.051625031813328226,-0.6090706170776071,0.7914340398940242), (-0.5873653492483877,-0.6594466770963116,-0.4691822956687017), 0.5459431394362325, 0.8533570185842813, 1.2515908171524621,  (gDx*1, gDy*2, gDz*0)), rgb(0.17530376981581028,0.44257702113047115,0.5577216838734578)  );
  draw(  ellipsoid( (-0.7296271388791306,0.5208033136316141,0.44317958743762625), (-0.2766554142119879,-0.8174689417311383,0.5051794840372742), (-0.6253846976048002,-0.24598462922569753,-0.7405305815335711), 0.4824198077459653, 0.8123231060480993, 1.286046692224937,  (gDx*1, gDy*3, gDz*0)), rgb(0.160003699461043,0.4802020177379498,0.5580961185434152)  );
  draw(  ellipsoid( (0.6652231093906741,-0.6385728776488447,-0.3869145831625842), (0.587692182117854,0.7674506393128631,-0.25619800017922206), (0.46053893842992033,-0.0569578453731443,0.8858101884942908), 0.37987253475260574, 0.6931579081566593, 1.4249667235389687,  (gDx*1, gDy*4, gDz*0)), rgb(0.13336295063687037,0.5496119528142265,0.5533879855143058)  );
  draw(  ellipsoid( (0.5582373718500104,-0.7952655745441805,-0.23648192872798346), (0.7837451688545354,0.5989808927135543,-0.1642114504571752), (0.2722398702746694,-0.09367260063106786,0.9576590713421157), 0.3853395615611438, 0.649364289224228, 1.407014889299286,  (gDx*1, gDy*5, gDz*0)), rgb(0.1346802138725094,0.5459266693283602,0.5538866994480609)  );
  draw(  ellipsoid( (0.31289293741068214,-0.9255345796523464,-0.21326919980688464), (0.902539515277718,0.3596755324702836,-0.23676134546095065), (0.2958385253491775,-0.11840292737079017,0.9478714647615738), 0.40521071109798257, 0.727619404312137, 1.6780103023425432,  (gDx*1, gDy*6, gDz*0)), rgb(0.12742192632002092,0.5674316326789622,0.5504623294339148)  );
  draw(  ellipsoid( (-0.08684604771795779,0.9557464762014406,0.2810808375259668), (0.9287390452271131,0.17975042028143262,-0.32424307591570617), (0.3604185759175019,-0.23289151903231087,0.9032496833635884), 0.3909293743650136, 0.5351717267392586, 1.7430352792553907,  (gDx*1, gDy*7, gDz*0)), rgb(0.12154813320500929,0.5905807412485297,0.5452163013284321)  );
  draw(  ellipsoid( (0.30322063309596775,-0.8695657259265613,-0.3897597926398934), (0.9195066844141186,0.37435629799018677,-0.11985332483013089), (0.25012937648871814,-0.3220447336145939,0.9130840512069359), 0.3800088791038777, 0.5247689129937534, 1.4343210909306288,  (gDx*1, gDy*8, gDz*0)), rgb(0.1297010766891466,0.5602914464733164,0.5517416816425317)  );
  draw(  ellipsoid( (0.4190512023336686,-0.7587442852834738,-0.4987015133046793), (0.9057838260832609,0.3113146381203261,0.2874697488397332), (-0.06286294797951786,-0.5721803086804726,0.8177150751512677), 0.308810760213597, 0.5555099901104614, 1.1598058622166016,  (gDx*1, gDy*9, gDz*0)), rgb(0.1332248182506957,0.5500033810771279,0.5533323710124047)  );
  draw(  ellipsoid( (0.6226650657254555,-0.2623683297966647,0.7371913424917731), (-0.7501582748784015,0.06785574262486671,0.6577675583549926), (0.22260004168143144,0.9625790656941051,0.15456637322163128), 0.5199208798144149, 0.7248371500450198, 1.3862485178755959,  (gDx*2, gDy*0, gDz*0)), rgb(0.1585041337873176,0.4839769697309635,0.5580447460936786)  );
  draw(  ellipsoid( (0.6896464056717378,-0.524829534482259,0.49894067270486986), (-0.4668495702676006,0.20447401287397018,0.8603730916295396), (0.553569610694996,0.8262834488202891,0.10400167460497727), 0.2919960737346702, 0.4900922600532053, 1.6000972501142159,  (gDx*2, gDy*1, gDz*0)), rgb(0.11947164569897878,0.6141213598240995,0.5379361174719562)  );
  draw(  ellipsoid( (0.7559506669449356,-0.6538794546938232,0.03130891046994809), (-0.11942841915625557,-0.09073115350428299,0.9886883788543385), (-0.6436423244654942,-0.751138813078575,-0.1466800655970838), 0.42997943102222674, 0.4745014622637123, 1.5516992788505783,  (gDx*2, gDy*2, gDz*0)), rgb(0.12741484262278222,0.5674550374687626,0.5504577869733537)  );
  draw(  ellipsoid( (0.6894549013846935,-0.4652708561937459,-0.5551350910664551), (0.17436944202371585,-0.6372610883359208,0.750662109727976), (-0.7030271948118085,-0.6143462669127697,-0.35823376123054457), 0.3378067270116913, 0.578639899372386, 1.4450158676072662,  (gDx*2, gDy*3, gDz*0)), rgb(0.1254478595077077,0.5741305851880049,0.5491243984214536)  );
  draw(  ellipsoid( (0.681831189611882,-0.5958118151375799,-0.42439899836699446), (-0.01986017406120999,-0.5950323980438523,0.8034562954911989), (-0.7312399075260487,-0.5393929237769484,-0.4175445741722085), 0.3070142799764357, 0.7212062964353001, 1.541773831538474,  (gDx*2, gDy*4, gDz*0)), rgb(0.12060008962418062,0.5962003274685126,0.5436729936756536)  );
  draw(  ellipsoid( (0.6102934251861598,-0.7593739829846998,-0.22559496701056542), (-0.43921965373484667,-0.5613630328918091,0.7013969212047846), (-0.6592632485946616,-0.3289721861623902,-0.6761281459782246), 0.39349367574231103, 0.8757584718190173, 1.60645571494032,  (gDx*2, gDy*5, gDz*0)), rgb(0.12830942716681654,0.5645963577239,0.5509857850846404)  );
  draw(  ellipsoid( (0.6299834113714566,-0.7609137930324452,-0.1553418841451303), (-0.5686996316569387,-0.5882220131055331,0.5749570351350923), (0.528868254246787,0.2738705220921932,0.8033015042802456), 1.2174407816000863, 1.5294641981489154, 2.290440029810505,  (gDx*2, gDy*6, gDz*0)), rgb(0.20041919554749962,0.3854541736481448,0.5544517069925208)  );
  draw(  ellipsoid( (0.8412153961190858,-0.32497333712669263,-0.4321446372326628), (0.24739403313321762,0.941995956396614,-0.22680346228069054), (0.48078357886089407,0.08388055966175179,0.8728179661352885), 1.6495755063406854, 2.0702905046116578, 2.813833372349457,  (gDx*2, gDy*7, gDz*0)), rgb(0.21796606299372187,0.3477823299670621,0.5500882910920302)  );
  draw(  ellipsoid( (-0.9052555105138393,0.18495664413811264,0.382496405830821), (-0.16446000699722096,-0.982634030592501,0.08592594497594969), (0.3917465593758324,0.01487957360623865,0.9199528420014222), 1.6163342494612618, 1.6860516616964234, 2.6085289814993233,  (gDx*2, gDy*8, gDz*0)), rgb(0.2190714273127592,0.3454167495251004,0.5497326590189546)  );
  draw(  ellipsoid( (0.43120706451943713,-0.8666480557605561,-0.25096138140155677), (0.8897734884285269,0.4545639323422873,-0.04092396245778732), (0.1495446648940037,-0.20565208207057922,0.9671316427156005), 1.1746303737123873, 1.4060890828197012, 2.360912004829153,  (gDx*2, gDy*9, gDz*0)), rgb(0.1882203543224293,0.41250299575600546,0.5564177758243163)  );
  draw(  ellipsoid( (0.5621476029610476,-0.2655245658545691,0.7832539673776897), (-0.6998548280621674,0.35190025110245315,0.6215862232322271), (0.44067367986212036,0.8975872760917306,-0.01199123325620373), 0.49821956492637265, 0.7059870547479234, 0.912994762979697,  (gDx*3, gDy*0, gDz*0)), rgb(0.2055198246746207,0.3744184787898611,0.5533945223612293)  );
  draw(  ellipsoid( (0.4384171349056225,-0.4538916037443279,0.7757401806478422), (-0.6027794648859619,0.49172704037437165,0.6283800080178031), (0.6666688327295184,0.7430928137285829,0.05801497782468373), 0.31037943997078526, 0.5437399860294595, 1.448356557870281,  (gDx*3, gDy*1, gDz*0)), rgb(0.12204802586750477,0.5880233570375645,0.5458845511745154)  );
  draw(  ellipsoid( (0.6791985506322082,-0.7213269353708566,-0.13556098674617156), (0.06256797134195438,-0.12712310142695693,0.9899115950658139), (-0.731282830224572,-0.6808282965565399,-0.0412098632205968), 0.32087591052932674, 0.35454584117284416, 1.7985979003276578,  (gDx*3, gDy*2, gDz*0)), rgb(0.12389325896919534,0.6380370641882496,0.5281930194964176)  );
  draw(  ellipsoid( (0.5692585917195264,-0.5463148876072974,-0.6143978347391266), (0.42989414741032084,-0.4392103713298481,0.7888506016595602), (0.7008107289246184,0.7131860159137466,0.015166704626335252), 0.23589910989820811, 0.35797670949123417, 1.72560619994981,  (gDx*3, gDy*3, gDz*0)), rgb(0.13310954705702016,0.6562714601652339,0.518962488168843)  );
  draw(  ellipsoid( (0.5771049473892421,-0.4552392475148058,-0.6780170405093175), (0.409450305186079,-0.5570490014840277,0.7225281015494652), (-0.7066118646625508,-0.6945888261898554,-0.13507788586705144), 0.2768450808786095, 0.44042917429280987, 1.9523418803127623,  (gDx*3, gDy*4, gDz*0)), rgb(0.12932983595902398,0.650030671066188,0.5223090504490696)  );
  draw(  ellipsoid( (0.7161063704463837,-0.6392326318345251,-0.2803093088072769), (-0.04989377650998994,-0.44744653272600843,0.8929178077611871), (-0.6962056285837381,-0.6254384404155054,-0.3523130425898853), 0.12745981926074385, 0.36366387590237687, 1.6249385986676077,  (gDx*3, gDy*5, gDz*0)), rgb(0.17682546719565578,0.6986919272380078,0.4903898700557127)  );
  draw(  ellipsoid( (0.5797074952117025,-0.8059846671697705,0.11969935790390965), (-0.5521236735806045,-0.28051068918377375,0.785158074737503), (-0.5992484201624831,-0.5212508700624667,-0.6076173642942483), 1.728945138724869, 1.8558772884622985, 2.8507041528945214,  (gDx*3, gDy*6, gDz*0)), rgb(0.2170292147829483,0.3497843550758142,0.550375688798356)  );
  draw(  ellipsoid( (0.52192172240722,-0.7721736579734457,0.3624162766921333), (0.7990473104095511,0.2938913968100167,-0.5245486084323547), (0.2985315919743555,0.5633610643388179,0.770391588596534), 2.669393528977253, 2.8260553076408983, 3.1608886119997437,  (gDx*3, gDy*7, gDz*0)), rgb(0.2815810983485298,0.15407074922048808,0.4678496371978544)  );
  draw(  ellipsoid( (0.4963033132344479,-0.6115158750668326,0.6162234625635049), (-0.6530173410013277,0.2047638993265252,0.7291365426887837), (-0.5720588899965329,-0.7642774889226046,-0.29770546904968387), 2.4792330085431686, 2.5790343958241855, 2.9197526420032087,  (gDx*3, gDy*8, gDz*0)), rgb(0.2816671216850772,0.15317375219750043,0.46716217491252)  );
  draw(  ellipsoid( (0.8716879550663772,-0.3961870616704072,-0.2884370315288363), (-0.1928805738851952,-0.8184319192179801,0.5412635936610656), (-0.4505077060494252,-0.41617905493926843,-0.7898340338450488), 2.5723168892402084, 2.841365760464593, 3.158530313757383,  (gDx*3, gDy*9, gDz*0)), rgb(0.27855744931346155,0.1770989947152924,0.4844857189994802)  );
  draw(  ellipsoid( (-0.8448200596807545,-0.3352136351829086,-0.4170262408391905), (0.10790391276155276,-0.8701419321972702,0.48084276374169205), (-0.5240570697660264,0.3612268492505248,0.7712842219368842), 0.6685589956372398, 0.7786277990230341, 0.7856846726153742,  (gDx*4, gDy*0, gDz*0)), rgb(0.2808718632145553,0.16073593990761095,0.4728727386628206)  );
  draw(  ellipsoid( (0.6451384075350735,-0.5982324682718925,0.4753044803370028), (0.13782337898856267,0.7029825623324283,0.6977250413025955), (0.7515325351089495,0.38462115251485135,-0.5359714709859688), 0.47421274944465347, 0.6479272718840747, 0.7958383343609742,  (gDx*4, gDy*1, gDz*0)), rgb(0.2206601659409005,0.3420126283690614,0.5492066373256029)  );
  draw(  ellipsoid( (0.6364608638959706,-0.7229963193851303,0.2686892087232938), (-0.1818464773447841,0.19787963304444767,0.9632110409995764), (0.7495661594589819,0.661906317375616,0.005531691618543566), 0.39680047917411915, 0.5973654185348652, 1.7730250471186666,  (gDx*4, gDy*2, gDz*0)), rgb(0.12242289055039608,0.5862414196288269,0.5463363235794451)  );
  draw(  ellipsoid( (-0.34570193666792826,0.4411093353532879,0.8281984817954113), (0.5553374391221567,-0.6152675087870044,0.5595053362929423), (-0.7563666436942396,-0.6533517022976325,0.032265359311452586), 0.14305432385491307, 0.2474058614575592, 1.9923478312505876,  (gDx*4, gDy*3, gDz*0)), rgb(0.20227246108010974,0.7153035467292542,0.4760544588662481)  );
  draw(  ellipsoid( (-0.5517089415382127,0.517984338089086,0.6536891228414288), (0.4570452367065265,-0.46784164412143514,0.7564613986381775), (-0.6976581508379731,-0.7161120174387272,-0.021370143873534534), 0.35432989326928577, 0.3865574307874871, 2.017092155846713,  (gDx*4, gDy*4, gDz*0)), rgb(0.12496643508597825,0.6409006780876304,0.5268561200219509)  );
  draw(  ellipsoid( (0.5357147263661451,-0.27270790178846055,-0.7991496307054026), (0.45346009187516895,-0.7054512345227175,0.5447132280263968), (-0.7123086950409979,-0.6541933628618598,-0.25425846486691706), 9.999885328991667e-6, 0.0004898380675630704, 1.8391186574696445,  (gDx*4, gDy*5, gDz*0)), rgb(0.7293540064390001,0.8716870230599614,0.15699023525147776)  );
  draw(  ellipsoid( (-0.2712764731646602,-0.15247554738741625,0.950347453595921), (0.6059004770112776,-0.7942367774271841,0.04552530438764454), (-0.7478594032736697,-0.5881659194742491,-0.30784275873270295), 1.0586119614582732, 1.2224301897525784, 2.369678570208583,  (gDx*4, gDy*6, gDz*0)), rgb(0.17210978543273903,0.45026724968696613,0.55791658597886)  );
  draw(  ellipsoid( (0.0648254784443768,-0.8106424578932486,0.5819419754625456), (-0.39821344560838745,0.5137090483515772,0.7599533310529094), (0.9149992945795934,0.2810014574739945,0.2895072914735262), 2.331717295908062, 2.567939551650242, 2.610259198805741,  (gDx*4, gDy*7, gDz*0)), rgb(0.2832048622784254,0.1169323135354505,0.4372130163213514)  );
  draw(  ellipsoid( (-0.33574678303438876,-0.24285860991179326,0.9101064735918376), (0.3548737297369917,-0.9276129739363036,-0.11661392081395376), (-0.8725472672724474,-0.28382012997100436,-0.39762721259821565), 1.7599599724747157, 1.8996151383463773, 2.0641152126545066,  (gDx*4, gDy*8, gDz*0)), rgb(0.28234370815182247,0.14510782929433383,0.46086598603535395)  );
  draw(  ellipsoid( (-0.608263628484895,-0.08569045946597187,0.7890960039303837), (0.2527726945980384,-0.9633084389877503,0.0902375544916339), (-0.7524103422521758,-0.2543501455307121,-0.6076056947893668), 2.1380907275117504, 2.4048788521179656, 2.57722487840016,  (gDx*4, gDy*9, gDz*0)), rgb(0.28022495763132066,0.16590942857671168,0.47665235866080596)  );
  draw(  ellipsoid( (-0.8473702926172885,-0.44158241044863833,-0.29490432681135914), (-0.2420274240760909,-0.1731433918777795,0.9546958111587951), (0.47263761296027074,-0.8803558034291749,-0.03984151332202884), 0.8829613856520935, 0.9847075859450964, 1.015190337006428,  (gDx*5, gDy*0, gDz*0)), rgb(0.28288935496128675,0.135776868720927,0.4533077666598608)  );
  draw(  ellipsoid( (0.7651776893976058,0.541120077263787,0.34884404198749713), (-0.5881829188491765,0.36720688860033956,0.7205553101174961), (0.26180900981861627,-0.7565369541182316,0.5992561050429981), 0.7244966069181815, 0.8074980990215728, 0.9022247551693171,  (gDx*5, gDy*1, gDz*0)), rgb(0.2769025742395661,0.18642107365432195,0.4906619512070493)  );
  draw(  ellipsoid( (0.6114045026394228,-0.7075046666622575,0.3544314895764314), (0.055682010691625095,-0.40832440721467533,-0.9111370325906646), (-0.7893567304062076,-0.5768087422394987,0.21025609869516312), 0.5445060552736694, 0.7048190284523448, 1.0710884682420507,  (gDx*5, gDy*2, gDz*0)), rgb(0.19403964957491354,0.39945720438762766,0.5555743832273083)  );
  draw(  ellipsoid( (0.5854940777514557,-0.8075048470932835,-0.07164221408377258), (0.12190210872817461,0.0003282345517546109,0.9925420737428229), (-0.8014590200413223,-0.5898608430663388,0.0986287230550592), 0.30504426486472636, 0.42077539070091907, 1.8902664661635713,  (gDx*5, gDy*3, gDz*0)), rgb(0.12440285706364627,0.6394300673626019,0.527546485985868)  );
  draw(  ellipsoid( (0.5780318678664966,-0.7177962895295944,-0.3881335420551998), (0.2992765363144953,-0.2560224766980205,0.9191768307768697), (-0.7591526292797567,-0.6474727624873176,0.06683043688825033), 0.2547827901798566, 0.34040691706987297, 2.1746387389063733,  (gDx*5, gDy*4, gDz*0)), rgb(0.15240001153187296,0.6787784066182194,0.5051359535844802)  );
  draw(  ellipsoid( (-0.43620641558779366,0.495121123192099,0.7513847458985597), (0.4574298189136958,-0.5970681712097681,0.6589898024224704), (0.7749076872561225,0.6311613678745055,0.033961801102864606), 0.1906955152457473, 0.42292611195596264, 1.9711316137930808,  (gDx*5, gDy*5, gDz*0)), rgb(0.1571446439494312,0.6831291545989068,0.5021297708217625)  );
  draw(  ellipsoid( (-0.4159898071310598,0.3976215557573021,0.8178322436540433), (0.4299164542195224,-0.706497367618588,0.5621684017617133), (-0.8013266018012735,-0.5854558633621739,-0.12295165432182849), 0.1486695239410543, 0.4049363387688587, 1.8665602288199967,  (gDx*5, gDy*6, gDz*0)), rgb(0.17566356127796387,0.6978679070084725,0.49105828372768234)  );
  draw(  ellipsoid( (0.6028802873821901,-0.7665078929398887,0.2213617156303681), (-0.3370005327303933,0.006831732501837162,0.9414796696532828), (-0.7231638818590147,-0.6421985498986083,-0.25419485140876796), 1.9012227709284657, 1.9586698637335214, 2.695747198097059,  (gDx*5, gDy*7, gDz*0)), rgb(0.24716486340868063,0.28236849695845273,0.5356714175901965)  );
  draw(  ellipsoid( (0.9634277540182425,-0.2643611275690049,-0.043819596276198344), (0.07149278089269102,0.09598040832935478,0.9928124412481746), (-0.2582551936894869,-0.9596358452284774,0.11137010139633965), 2.2435739884302057, 2.3737735534838382, 2.4872593848500957,  (gDx*5, gDy*8, gDz*0)), rgb(0.28274556868747774,0.1020286317670148,0.42383218392133615)  );
  draw(  ellipsoid( (-0.8166587035013275,-0.2338665207418199,0.5276125590541288), (0.19317480224643935,-0.9722511878259752,-0.13195121654622666), (0.5438309091735959,-0.005837657672045249,0.8391745134239506), 1.8331196093050939, 2.0228178556415304, 2.2010825557064506,  (gDx*5, gDy*9, gDz*0)), rgb(0.28072584156780345,0.16191244176716385,0.4737336300121948)  );
  draw(  ellipsoid( (-0.9135411900239931,0.16276693552408894,-0.37275919684112907), (0.05409111878804018,-0.8596865725863058,-0.5079499461394482), (-0.40313353246511835,-0.48419616026452256,0.7765548489239431), 0.9462796362993531, 1.083436414528087, 1.1226819824493457,  (gDx*6, gDy*0, gDz*0)), rgb(0.28095183827972037,0.1600101367886406,0.4723290846352831)  );
  draw(  ellipsoid( (-0.7491351265879947,-0.298055451055103,-0.5915737572005101), (-0.6478233600345431,0.14322226661104853,0.7482060388291106), (0.13828035401149152,-0.9437427247100412,0.30038011460701547), 0.8927800900641756, 0.9754003193366475, 1.126451490385353,  (gDx*6, gDy*1, gDz*0)), rgb(0.2748790499069942,0.19631831293312899,0.4968578005364769)  );
  draw(  ellipsoid( (-0.6986756212997718,-0.47788455204474056,-0.5324272073423516), (0.6674778418114029,-0.7032922659880172,-0.24464938032259964), (-0.2575377776019854,-0.5263139210760416,0.8103505103283348), 0.6119579833889445, 0.7286017151292647, 0.7775939779351559,  (gDx*6, gDy*2, gDz*0)), rgb(0.2729943190868392,0.20456742768051658,0.501747901797458)  );
  draw(  ellipsoid( (0.4899522510298498,-0.858790440193478,-0.14975236740390846), (0.4270003040118253,0.08665582409855649,0.9000897224852691), (-0.7600115341786541,-0.5049452920684497,0.40916099512699894), 0.301539555278661, 0.5501946156808231, 1.3676736216965335,  (gDx*6, gDy*3, gDz*0)), rgb(0.12329155037042051,0.5824240133434898,0.5472673485751848)  );
  draw(  ellipsoid( (0.4368051734595883,-0.7869207035542453,-0.43584062081984803), (0.439157783390011,-0.2363010689883988,0.8667769298284951), (-0.7850743160535257,-0.5700154481350762,0.24236482244842658), 0.03377655026849424, 0.13211301227950717, 1.7665948700369376,  (gDx*6, gDy*4, gDz*0)), rgb(0.34112920676835945,0.7789462337989412,0.39905962923498567)  );
  draw(  ellipsoid( (-0.1668687865864789,0.3475585848982763,0.9226905429918874), (0.6001485538086234,-0.7066819953676138,0.3747295968890981), (-0.7822892824426103,-0.6162820681203987,0.09066361502096673), 0.31673584558954676, 0.5934801779701684, 1.9535236902476232,  (gDx*6, gDy*5, gDz*0)), rgb(0.12097936075446603,0.627513641245773,0.532791016788388)  );
  draw(  ellipsoid( (-0.2721571829082414,0.350091808986256,0.8963069747983561), (0.4649348529355841,-0.7676799437312565,0.4410250406933168), (0.8424761422836949,0.5367524841800978,0.0461597271360785), 0.011775442964812975, 0.2738612453804365, 1.5186653906193586,  (gDx*6, gDy*6, gDz*0)), rgb(0.4232963262113057,0.8061869027486848,0.3510786870928666)  );
  draw(  ellipsoid( (0.5353153164811186,-0.8445447072513453,-0.013481446304430423), (-0.11525475737571736,-0.08884735993261755,0.9893545812979634), (-0.8367519661422878,-0.5280628599766728,-0.14489914792804104), 1.1390206296795127, 1.163524912214113, 2.416587566392422,  (gDx*6, gDy*7, gDz*0)), rgb(0.1724313763418169,0.4494879700958824,0.5578999124385318)  );
  draw(  ellipsoid( (0.6280482809073168,-0.7735969393004851,0.08428008278522837), (-0.7383673439293186,-0.5582192627492631,0.3784242594158468), (0.2457010831643349,0.299898366452019,0.9217873656821746), 2.737080903301801, 3.1113548575429553, 3.661000390564182,  (gDx*6, gDy*8, gDz*0)), rgb(0.2657451427740517,0.23099288489101133,0.5156580095877238)  );
  draw(  ellipsoid( (0.1448492569400539,-0.970091086083655,0.19478700538010538), (-0.9360789623688149,-0.070569798258178,0.3446390572531251), (0.32058519768454236,0.23225672923477364,0.9183038401045309), 2.8098360310062658, 2.959047878713882, 3.334194849509036,  (gDx*6, gDy*9, gDz*0)), rgb(0.281329481647187,0.15658288438940735,0.46976194277334987)  );
  draw(  ellipsoid( (0.8916305165123686,-0.01643027768005012,0.45246554343866136), (0.1856100811294089,0.9247720628825885,-0.3321829759259434), (-0.41296963545401366,0.3801666446273767,0.827604617257384), 0.8496562849424827, 0.9106633660504471, 0.9422804611523228,  (gDx*7, gDy*0, gDz*0)), rgb(0.28283238488838697,0.10380494592498868,0.42545298086901984)  );
  draw(  ellipsoid( (0.9643273839551453,0.1932999972716387,0.18085300000002796), (-0.16573210654191028,-0.09185988124703112,0.981883206434687), (-0.2064111562280646,0.9768300124750803,0.056546983231005654), 0.8150378790856025, 0.8812189338385626, 1.041659715679018,  (gDx*7, gDy*1, gDz*0)), rgb(0.2725404893700398,0.20641009961213902,0.5027930970620391)  );
  draw(  ellipsoid( (0.9551538502793278,0.1295737301096933,0.26625508588951946), (-0.27184290934557087,0.027211534771850426,0.961956841554701), (0.11739912663691732,-0.9911963381897757,0.06121490197711957), 0.6260017553938884, 0.7135974678502496, 0.8987707345832684,  (gDx*7, gDy*2, gDz*0)), rgb(0.25139346146136654,0.27182258575105755,0.5322686668925254)  );
  draw(  ellipsoid( (0.20152369429460582,-0.8926537597526274,-0.4031841587133018), (0.7583551158835943,-0.11832107743047005,0.6410129802499112), (-0.6199078309321754,-0.4349360732742128,0.6531040447844233), 0.4809790182106699, 0.6346613303283299, 1.504726820928744,  (gDx*7, gDy*3, gDz*0)), rgb(0.14263200448559898,0.5246312837308209,0.5561414896048452)  );
  draw(  ellipsoid( (0.36484527586186466,-0.8814199392339529,-0.29997802486531366), (0.5092570244730392,-0.08080697235067358,0.8568124160190396), (-0.7794518636234993,-0.46536987863454626,0.41938725344664635), 0.28423461055987786, 0.34134563465026835, 2.007440191580401,  (gDx*7, gDy*4, gDz*0)), rgb(0.13757979845518772,0.6625545287453368,0.5153911769808699)  );
  draw(  ellipsoid( (0.06474846328827556,0.15327116284930523,0.9860606407014878), (0.5725711020026845,-0.8150007556034341,0.08908479958591652), (-0.8172942980672495,-0.5588217238123919,0.1405286851219655), 0.1679092841874841, 0.3999693563307546, 1.807394597688018,  (gDx*7, gDy*5, gDz*0)), rgb(0.16023059806190876,0.68579380017235,0.500225103902929)  );
  draw(  ellipsoid( (-0.10221305401826489,0.23221559993078222,0.9672788670993729), (0.45280956473554806,-0.8549312694507971,0.2530929129771353), (0.8857290723874106,0.4638625223749329,-0.01776430870318354), 0.279471996259569, 0.588142721160915, 1.6659901047406152,  (gDx*7, gDy*6, gDz*0)), rgb(0.1199189274439303,0.6206034912216445,0.5355404074634912)  );
  draw(  ellipsoid( (-0.07730488239139019,0.07516487839413948,0.9941701042650838), (0.5082799161323184,-0.8548702032741633,0.10415595235277791), (-0.8577152686148108,-0.5133684608641101,-0.027880842437743903), 0.020288848032161026, 0.16916058084429164, 1.3313534294612857,  (gDx*7, gDy*7, gDz*0)), rgb(0.35724083286506936,0.7847307350495825,0.38982781767386177)  );
  draw(  ellipsoid( (0.5402841686327922,-0.8394515134955952,0.058430930291475024), (-0.4302198713566603,-0.21588444561575565,0.8765299586614461), (-0.7231900714297944,-0.4987134073103835,-0.47778767036648845), 2.0824100060582404, 2.4479695737064926, 3.162348232324746,  (gDx*7, gDy*8, gDz*0)), rgb(0.24023121716002827,0.2988093104234143,0.5403126824555092)  );
  draw(  ellipsoid( (0.18934842129024113,-0.7484647289101395,0.6355688199812547), (0.9724674951260079,0.053393492177361,-0.2268393835215876), (-0.13584603887578456,-0.6610216975036276,-0.737967593564366), 2.6657883555697315, 3.187691398434083, 4.069849539386829,  (gDx*7, gDy*9, gDz*0)), rgb(0.2395301505859363,0.3004294378315486,0.5407334706953794)  );
  draw(  ellipsoid( (-0.9876729021337065,-0.009013046388130719,0.15627220925547525), (0.019516595075138254,-0.9976413123164881,0.06580968375633132), (0.15531046618774513,0.06804834277365357,0.985519194200856), 0.6966444099981395, 0.7243215806590101, 0.823678281571623,  (gDx*8, gDy*0, gDz*0)), rgb(0.2813445760340957,0.1564458972788042,0.4696593342388126)  );
  draw(  ellipsoid( (-0.5181647581545269,-0.390319888020635,0.761022777860308), (0.8105418641520826,-0.5081149464508827,0.2912749348125981), (-0.2729966480811214,-0.7677692271827357,-0.5796578679942995), 0.7174971124151249, 0.8031275378394991, 0.8804389439135873,  (gDx*8, gDy*1, gDz*0)), rgb(0.27859411239740955,0.17687933149611013,0.48433708487536675)  );
  draw(  ellipsoid( (0.8281764031957267,0.19493789425935587,0.5254741312105834), (-0.42021021336727354,-0.40444079132480837,0.8123121462186769), (0.3708735927126916,-0.8935473483225673,-0.2530334257249225), 0.5413478241600957, 0.6413659221404834, 0.7984404628266376,  (gDx*8, gDy*2, gDz*0)), rgb(0.24666009991728044,0.28360116235296867,0.5360492312175678)  );
  draw(  ellipsoid( (-0.6145841128729264,-0.6853186659701401,-0.39067210583442674), (0.6727880364911015,-0.7139441550730028,0.19401031259070842), (-0.4118769551196647,-0.14360386314442802,0.899852934835104), 0.45770869013633175, 0.6375836410514322, 1.3110273363347777,  (gDx*8, gDy*3, gDz*0)), rgb(0.15164659625642932,0.5013783782186647,0.5575574504939386)  );
  draw(  ellipsoid( (0.42093467863453204,-0.903363806342608,-0.0821451746181001), (0.577961590563043,0.19730384417653757,0.7918532647574285), (-0.6991240205833876,-0.3807952553057292,0.6051616126126669), 0.4350951854761822, 0.6400367575623058, 1.59557179467619,  (gDx*8, gDy*4, gDz*0)), rgb(0.13269221152560232,0.5515126384713303,0.5531179342785912)  );
  draw(  ellipsoid( (0.09747405588146887,0.274318300632554,0.9566860918650819), (0.510573114439657,-0.8389115928334441,0.18852701191352575), (-0.8542914626995902,-0.4700817049702335,0.2218316645812164), 0.19720393386318572, 0.27069314983186765, 1.60769552697549,  (gDx*8, gDy*5, gDz*0)), rgb(0.14632555855464258,0.672735187072056,0.5091357935568879)  );
  draw(  ellipsoid( (0.0727227779701139,-0.056445505322749195,0.9957536354405988), (0.267023440772835,-0.9608471132848406,-0.07396828354115531), (-0.9609421832983219,-0.2712687409582015,0.05480319823519648), 0.2746586736299918, 0.5434614606051877, 1.7440808689046414,  (gDx*8, gDy*6, gDz*0)), rgb(0.12154331123112774,0.6301335047394406,0.5316970180375256)  );
  draw(  ellipsoid( (0.24972180090230586,-0.5556045740204355,0.7930590012613686), (-0.2912025960782526,0.7380040493047008,0.6087290622659238), (0.9234934056025496,0.38295375770115503,-0.022502205917861555), 9.993712424096025e-6, 0.2323587911675805, 1.3745906449182266,  (gDx*8, gDy*7, gDz*0)), rgb(0.7367480825837134,0.8727715075341302,0.15241946136284806)  );
  draw(  ellipsoid( (0.40851521199337526,-0.8238886762839082,0.3928393700498429), (-0.2851782102604389,0.293634727877646,0.91238809449536), (-0.8670575009551907,-0.4847536443136563,-0.11500084504893339), 0.8685538362498227, 1.0836823070390373, 2.271780683690028,  (gDx*8, gDy*8, gDz*0)), rgb(0.15763930743108273,0.4861589670763828,0.5580082663962943)  );
  draw(  ellipsoid( (0.16420819130313713,-0.7287252682854182,0.6648271604494641), (0.6911151218804857,-0.3959089690126947,-0.6046618696126179), (-0.7038434188206023,-0.55876253598255,-0.43862155688620214), 2.2228385509421753, 2.521872343126784, 3.5284737117622638,  (gDx*8, gDy*9, gDz*0)), rgb(0.2289963385009527,0.32398396650772704,0.546022695094586)  );
  draw(  ellipsoid( (0.6174479226017928,0.7751514076184427,-0.1337847455499969), (0.7850992776812677,-0.5967403762449632,0.16589167412311945), (-0.04875640531337419,0.2074637766603285,0.9770269158599222), 0.6282209881756701, 0.647409478698134, 0.7822967746292658,  (gDx*9, gDy*0, gDz*0)), rgb(0.27443833501294634,0.19831500430635032,0.4980626147247205)  );
  draw(  ellipsoid( (0.510022624672358,-0.6635461453798552,0.5473421555789898), (0.8554572193441069,0.3248348134483212,-0.40333024910616716), (0.08983244510959079,0.6739353507002956,0.7333084445730199), 1.1772187303867194, 1.2285834030386695, 1.35857903068961,  (gDx*9, gDy*1, gDz*0)), rgb(0.2828763805257314,0.13606614210034107,0.4535464009569307)  );
  draw(  ellipsoid( (-0.6512975961514387,-0.15107254763874167,-0.7436319833071312), (-0.7129178171680554,-0.2138552770204959,0.6678428755739048), (0.2599223484267803,-0.9651129497838203,-0.03158111695112021), 0.7831044272141754, 0.9887799872730076, 1.016168897729654,  (gDx*9, gDy*2, gDz*0)), rgb(0.2666632174991288,0.22797943222377962,0.5142086454139334)  );
  draw(  ellipsoid( (0.7993967366624962,0.6008011492572753,-0.0016841806579484587), (0.20647735569478884,-0.27209407788416656,0.939857390440514), (0.5642091447314898,-0.7516666760150421,-0.3415629505228263), 0.5646168331246616, 0.7132050902824254, 0.7388453781868727,  (gDx*9, gDy*3, gDz*0)), rgb(0.2656081654485885,0.2314409486998784,0.5158727823976835)  );
  draw(  ellipsoid( (0.43217612128353866,-0.8985279516231987,0.076624541395917), (0.4537748155618685,0.2901102742984939,0.8425701427823351), (-0.7793023912154434,-0.3293684090775417,0.5331080886158274), 0.5093106910460465, 0.8082098531849815, 1.1253954603633851,  (gDx*9, gDy*4, gDz*0)), rgb(0.17923175638482944,0.433256352862708,0.5574104422702144)  );
  draw(  ellipsoid( (0.46012137974215117,-0.6323420044124515,0.6232430548027169), (-0.0107240883383255,0.6979546754207541,0.7160616349083518), (-0.887791253523874,-0.33615898101040387,0.31436257673672974), 0.22940801178498857, 0.35694495659781444, 1.6305404744337706,  (gDx*9, gDy*5, gDz*0)), rgb(0.13033411359512506,0.65182453718778,0.5213717118720088)  );
  draw(  ellipsoid( (0.16465844304544014,0.04498797692612044,0.985324149235137), (0.2525683855388129,-0.9675770392146916,0.0019707386555180943), (-0.9534656825288306,-0.24853723084605528,0.1706822695044955), 0.05524928649699424, 0.35563655083610646, 1.6328902100645528,  (gDx*9, gDy*6, gDz*0)), rgb(0.27389618226399254,0.7518744635111743,0.43674031632178434)  );
  draw(  ellipsoid( (0.13530185413064372,-0.17382311291651456,0.9754378164110836), (-0.23248899706210724,0.9514347227828127,0.20179403987295508), (0.9631418766276676,0.25408166738118854,-0.08831892088861562), 0.17475101352741837, 0.4172069203006857, 1.8443289152084834,  (gDx*9, gDy*7, gDz*0)), rgb(0.15799348111114558,0.6838864766928399,0.5015985272025932)  );
  draw(  ellipsoid( (0.2339131136940461,-0.7516415508453037,0.6167006034412669), (0.31402786808684086,-0.5418932994318564,-0.7795756217941208), (-0.92014735412693,-0.3760141368003641,-0.10928044481739198), 0.2892386421422016, 0.47543189963210253, 2.017803233609976,  (gDx*9, gDy*8, gDz*0)), rgb(0.12797562745954147,0.6475186656488643,0.5236061039316494)  );
  draw(  ellipsoid( (0.3047127593838227,-0.8106692167099447,0.49996555416106553), (-0.4881480391150263,0.31781805649424366,0.8128364994722964), (-0.8178396090779972,-0.4917388575708722,-0.2988833715315091), 0.8609593773549834, 0.9602993553793502, 2.192879646290272,  (gDx*9, gDy*9, gDz*0)), rgb(0.156276948249818,0.4896064174514544,0.557936366699956)  );
