import settings;
import three;
surface ellipsoid(triple v1,triple v2,triple v3,real l1,real l2, real l3, triple pos=O) {
  transform3 T = identity(4);
  T[0][0] = l1*v1.x;
  T[1][0] = l1*v1.y;
  T[2][0] = l1*v1.z;
  T[0][1] = l2*v2.x;
  T[1][1] = l2*v2.y;
  T[2][1] = l2*v2.z;
  T[0][2] = l3*v3.x;
  T[1][2] = l3*v3.y;
  T[2][2] = l3*v3.z;
  T[0][3] = pos.x;
  T[1][3] = pos.y;
  T[2][3] = pos.z;
  return T*unitsphere;
}

size(200);

real gDx=2;
real gDy=2;
real gDz=2;

currentprojection=perspective(up=Y, camera = (gDx*4.5,gDy*0.0,gDz*11.0), target = (gDx*4.5,gDy*0.0,gDz*0.0) );
currentlight=Viewport;

  draw(  ellipsoid( (-0.0033789347517159426,-0.9996855164890904,0.024848559754727537), (0.03638047859743671,0.024709361850359515,0.999032486065378), (-0.9993322988760871,0.004279668081593078,0.036285546215350246), 0.41121630393634745, 0.9502597024203424, 0.9991074601796189,  (gDx*0, gDy*0, gDz*0)), rgb(0.15851538172950397,0.4839486003477699,0.5580452067602528)  );
  draw(  ellipsoid( (-0.005044483646101801,-0.99998226690427,-0.003165290151245143), (-0.20373174618565976,0.004126670838429252,-0.97901805202148), (0.9790137531112042,-0.004293770462963344,-0.20374895031465895), 0.2421384593787667, 0.9331921219027308, 1.091202924861924,  (gDx*1, gDy*0, gDz*0)), rgb(0.11990692607178963,0.6020284551687638,0.5419392272913058)  );
  draw(  ellipsoid( (-0.6646357854357798,0.011741899375249196,0.7470752308283451), (-0.7471114457728223,0.0018033905839962344,-0.6646963482505713), (-0.009152066073066047,-0.9999294353010433,0.007573909501119788), 0.9588179574629084, 1.0333901197653061, 5.218491171970939,  (gDx*2, gDy*0, gDz*0)), rgb(0.12306522237853268,0.6355856687419748,0.5293100860522076)  );
  draw(  ellipsoid( (0.969347178451087,-0.0378312460487316,-0.24276499840651872), (0.24268423552542115,-0.00678236856925562,0.9700816261037174), (0.0383459183793916,0.9992611251814969,-0.0026065771904873023), 0.9472424973159806, 0.9857972734251654, 3.009804642272105,  (gDx*3, gDy*0, gDz*0)), rgb(0.1340822130768733,0.5475909466749452,0.553666121679149)  );
  draw(  ellipsoid( (-0.6459054489848931,-0.08972676586867422,0.7581261494358125), (-0.7612241632596132,0.0004750085600910876,-0.6484886642313572), (-0.057826674133365445,0.9959663055814769,0.06860899288764956), 0.9542265700195841, 1.05522769503209, 1.6714746749884908,  (gDx*4, gDy*0, gDz*0)), rgb(0.2072091314394943,0.37078572118553066,0.5530097241048438)  );
  draw(  ellipsoid( (-0.22639895581723302,0.16591332484337204,0.959800125778427), (0.941486677060746,-0.2153271240597859,0.25930111176247644), (0.2496925103441841,0.9623445320068896,-0.10745534884062335), 0.9648968114658175, 1.0146958755079092, 1.2182805980530005,  (gDx*5, gDy*0, gDz*0)), rgb(0.2733349776450483,0.20311290221159806,0.5008970898550928)  );
  draw(  ellipsoid( (-0.00789549446506553,0.9999673312352279,-0.0017313663529514886), (0.11504520811057097,0.002628289172036752,0.9933567799068086), (0.9933288786992696,0.007643857555198652,-0.11506220136833617), 0.15190984786462458, 0.9797839918538856, 1.0182035054578424,  (gDx*6, gDy*0, gDz*0)), rgb(0.1388445084843179,0.6641434556262398,0.5144467191952707)  );
  draw(  ellipsoid( (-0.9227567864091315,-0.04973874925214151,0.3821596131967965), (-0.38535905644522056,0.10807597034256368,-0.9164158347879867), (-0.004279106395229011,0.9928975986763922,0.11889511256192352), 0.9876469735526101, 1.0573902410114184, 2.8678095390276175,  (gDx*7, gDy*0, gDz*0)), rgb(0.14234957798889808,0.5253694438926528,0.5560805111566939)  );
  draw(  ellipsoid( (0.015233156079300758,0.9997768507196518,0.014635563568186549), (0.9448310295281528,-0.009602964272998338,-0.3274173311203035), (0.32720372338442993,-0.018815733901878073,0.9447664746174576), 0.31549898166391316, 0.9984298735288228, 1.0370250986102154,  (gDx*8, gDy*0, gDz*0)), rgb(0.13159892721000926,0.5546628577716477,0.5526466197408767)  );
  draw(  ellipsoid( (0.35037303181155743,0.16711654232808074,-0.9215805986778824), (0.8224582267037437,0.4158623599004227,0.3880991663806876), (-0.44810847337058024,0.8939410265215251,-0.008260580798606343), 0.9053164740994645, 1.1026296454121252, 1.241389973139512,  (gDx*9, gDy*0, gDz*0)), rgb(0.2606853013779211,0.24658383714866472,0.5226827708720861)  );
