import settings;
import three;
surface ellipsoid(triple v1,triple v2,triple v3,real l1,real l2, real l3, triple pos=O) {
  transform3 T = identity(4);
  T[0][0] = l1*v1.x;
  T[1][0] = l1*v1.y;
  T[2][0] = l1*v1.z;
  T[0][1] = l2*v2.x;
  T[1][1] = l2*v2.y;
  T[2][1] = l2*v2.z;
  T[0][2] = l3*v3.x;
  T[1][2] = l3*v3.y;
  T[2][2] = l3*v3.z;
  T[0][3] = pos.x;
  T[1][3] = pos.y;
  T[2][3] = pos.z;
  return T*unitsphere;
}

size(200);

real gDx=0.5378550416940932;
real gDy=0.5378550416940932;
real gDz=0.5378550416940932;

currentprojection=perspective(up=Y, camera = (gDx*9.5,gDy*0.0,gDz*11.0), target = (gDx*9.5,gDy*0.0,gDz*0.0) );
currentlight=Viewport;

  draw(  ellipsoid( (-0.9988397347190052,-0.03641309565612341,-0.03151619918716842), (-0.04806608272364267,0.7941962570484195,0.6057573416656912), (-0.0029725474043695924,-0.6065693626907169,0.7950250135730991), 0.39378106771427, 0.953249470464734, 1.053318365138417,  (gDx*0, gDy*0, gDz*0)), rgb(0.1510605359759243,0.5028756362445873,0.5574936422664494)  );
  draw(  ellipsoid( (-0.9995307168723687,-0.019674416153633904,-0.02347899865033842), (-0.027151754223183767,0.9238837803331507,0.38170871444064575), (-0.014181969934137723,-0.3821670809820494,0.923984412175036), 0.24309855975817818, 0.9641567884060829, 1.0757722270750554,  (gDx*1, gDy*0, gDz*0)), rgb(0.11987618722693646,0.6023480870554996,0.5418411061198819)  );
  draw(  ellipsoid( (0.05650263241395103,-0.9300436380378705,-0.36307889483633765), (-0.012388110755662573,-0.364284943685144,0.9312051409416815), (0.9983255917996892,0.048117680218333195,0.03210454186259102), 0.9487517095591319, 1.1276644081974332, 5.333007531288968,  (gDx*2, gDy*0, gDz*0)), rgb(0.12259002640014795,0.634050936854188,0.5299964336004931)  );
  draw(  ellipsoid( (0.12309883615542756,-0.7103260807156434,0.6930249170068362), (-0.01400411282302708,0.6970232721712564,0.7169117399483109), (0.9922956018048347,0.09795619994073233,-0.075855267002049), 0.9679799732675324, 1.0626527064027995, 2.1652184564294124,  (gDx*3, gDy*0, gDz*0)), rgb(0.16986213242708276,0.45573480639354713,0.5580208179034246)  );
  draw(  ellipsoid( (-0.12131036233753242,-0.08785989800156853,-0.988718581959847), (0.0005740715092730613,-0.9960810114497922,0.08844370566106632), (0.9926144601160305,-0.010161542811626071,-0.12088538628076044), 1.0449669364272016, 1.1197421338730122, 1.6135651250822796,  (gDx*4, gDy*0, gDz*0)), rgb(0.23110633197084718,0.3193542829271552,0.545089817323732)  );
  draw(  ellipsoid( (0.1004199719356113,-0.7655506004545813,0.635490446332658), (-0.03908531327107173,0.6351906952472299,0.7713657491474735), (0.9941771308589596,0.10229887005716592,-0.03386404674686398), 0.9403452269048035, 1.0527159852363646, 1.3023645480402901,  (gDx*5, gDy*0, gDz*0)), rgb(0.25841411281580995,0.25307700294399565,0.5253485811841236)  );
  draw(  ellipsoid( (-0.9998887200196261,-0.01410471383484084,-0.004858459133395741), (0.005467048723689114,-0.6494736476432263,0.7603644470878785), (-0.013880164111653626,0.7602532723143274,0.6494784853862295), 0.15197093591303068, 1.0461137017388522, 1.1135486600633162,  (gDx*6, gDy*0, gDz*0)), rgb(0.14651796805285994,0.6729437420096047,0.5090034358006437)  );
  draw(  ellipsoid( (0.1175522717790321,-0.36182702064182465,-0.9248041254952581), (0.05641697760428052,0.9321900552307836,-0.3575455573305682), (-0.9914628525757215,0.010144361107703725,-0.12999424564237327), 0.9881693548271046, 1.0285442277472188, 2.669456445101641,  (gDx*7, gDy*0, gDz*0)), rgb(0.14763014304487088,0.511673493930716,0.5570522484301809)  );
  draw(  ellipsoid( (-0.9999803621178782,-0.006204983607910734,0.00087952090527544), (-0.0019425628690170594,0.4403221607792002,0.8978377476895455), (-0.005958341052438524,0.8978184075330395,-0.4403255673552694), 0.3104600863467242, 0.8976806221829535, 0.9795859164976204,  (gDx*8, gDy*0, gDz*0)), rgb(0.13624813337492245,0.5416113823996166,0.5544289169539602)  );
  draw(  ellipsoid( (-0.11011460075294487,-0.9167872455339413,-0.3838957164742896), (-0.29169894291703274,0.3990448150101957,-0.8692956702495213), (0.9501507782463292,0.01625982902013727,-0.31136653088945), 1.0000023885046727, 1.038329998316003, 1.2176120387278502,  (gDx*9, gDy*0, gDz*0)), rgb(0.27814296117328396,0.1795823591620319,0.48616607632452435)  );
  draw(  ellipsoid( (0.10985030826995046,-0.894682231236239,0.43298569824318883), (0.016597518864332025,0.4372124287593967,0.8992051014678784), (0.9938095552672781,0.09159146929958083,-0.0628774252891997), 0.9140886918066911, 0.9961528951932979, 1.1630670786450188,  (gDx*10, gDy*0, gDz*0)), rgb(0.27351922357114117,0.20232484855801564,0.500435653979584)  );
  draw(  ellipsoid( (-0.9998063390359178,0.004246580145297646,0.019215904367610705), (0.012992780785474597,-0.5909410247610367,0.8066101244726825), (0.0147808007582877,0.8067035836113817,0.5907714076675498), 0.32643420001110945, 0.8273118461286083, 1.0736150824583564,  (gDx*11, gDy*0, gDz*0)), rgb(0.13814453549522104,0.536491062728821,0.5550126215788864)  );
  draw(  ellipsoid( (0.01623342685387557,-0.9998500013953998,-0.006037430098884778), (-0.014561474258787403,-0.006273994865334133,0.9998742923267108), (0.9997621913835262,0.01614347230458213,0.014661138494695657), 0.930090435267157, 1.0292760855404426, 4.9199862173785105,  (gDx*12, gDy*0, gDz*0)), rgb(0.12149038773653033,0.6299256153470361,0.531786454200606)  );
  draw(  ellipsoid( (-0.9999793062628355,-0.005434711074037414,-0.003442522569281207), (-0.006210075182607953,0.6757241186109189,0.7371284491143474), (0.0016798846164640547,-0.7371345734959384,0.6757438853179778), 0.20757628305216003, 0.9826987366162161, 1.0887661379099598,  (gDx*13, gDy*0, gDz*0)), rgb(0.12120909115983217,0.6286480512259098,0.5323219580766231)  );
  draw(  ellipsoid( (-0.9994201227946474,-0.02968812031848449,0.016674341518845028), (0.00906409675799414,0.24006812816279355,0.9707137250448116), (-0.032821643820710865,0.9703019681276378,-0.2396598221324111), 0.3590488249625119, 0.9759596336123505, 1.1127450789395312,  (gDx*14, gDy*0, gDz*0)), rgb(0.1391527042186509,0.5337968873112776,0.55529948252191)  );
  draw(  ellipsoid( (-0.9687988626064431,0.18810608051001565,0.1613842194504211), (0.238442150654282,0.5296901951591357,0.8139862639772475), (-0.06763212700945277,-0.8270697670858465,0.558015676991911), 0.7243125514434787, 0.9564935415710719, 1.049519811875235,  (gDx*15, gDy*0, gDz*0)), rgb(0.24740309299336927,0.28178379926489894,0.5354899280551064)  );
  draw(  ellipsoid( (-0.026585809407972325,0.7747880723244814,0.6316618064453773), (-0.17027176017984008,-0.6261610528584441,0.7608744072239937), (0.9850384370284145,-0.08732570564797117,0.14857152725102468), 0.9825746230705842, 1.0422835237872214, 1.5963163897777797,  (gDx*16, gDy*0, gDz*0)), rgb(0.2191425617495033,0.3452644767946543,0.5497095873931295)  );
  draw(  ellipsoid( (0.018737160033729352,-0.3457506946870601,0.9381393158573441), (-0.012293459324137394,0.9381534408838273,0.3460014338347183), (0.9997488633110397,0.018016061757527242,-0.013327859056606411), 0.9458277206608947, 1.0949018835191793, 3.8637993555762407,  (gDx*17, gDy*0, gDz*0)), rgb(0.12242165844890907,0.5862472764828632,0.5463348386984271)  );
  draw(  ellipsoid( (8.437624072038318e-5,-0.9524894481848186,0.30457157447343874), (0.002124591583704554,0.30457105890370023,0.9524872472578734), (-0.9999977394930714,0.000566722910504188,0.0020493496261633835), 0.9632453197641778, 1.0708101952485407, 2.8138504572787246,  (gDx*18, gDy*0, gDz*0)), rgb(0.14324757790971185,0.5230223986450714,0.5562743975032333)  );
  draw(  ellipsoid( (-0.015029632248364556,-0.17183225063498825,0.9850115673413148), (-0.02313238417027795,-0.9847994156230478,-0.17214820298539824), (0.9996194290614192,-0.025372990170994245,0.0108262834206867), 0.9702955798359837, 1.0673908547935056, 3.111768428604961,  (gDx*19, gDy*0, gDz*0)), rgb(0.13527471252943882,0.5442806735407341,0.5540996076664421)  );
