import settings;
import three;
surface ellipsoid(triple v1,triple v2,triple v3,real l1,real l2, real l3, triple pos=O) {
  transform3 T = identity(4);
  T[0][0] = l1*v1.x;
  T[1][0] = l1*v1.y;
  T[2][0] = l1*v1.z;
  T[0][1] = l2*v2.x;
  T[1][1] = l2*v2.y;
  T[2][1] = l2*v2.z;
  T[0][2] = l3*v3.x;
  T[1][2] = l3*v3.y;
  T[2][2] = l3*v3.z;
  T[0][3] = pos.x;
  T[1][3] = pos.y;
  T[2][3] = pos.z;
  return T*unitsphere;
}

size(200);

real gDx=0.43451553693626166;
real gDy=0.43451553693626166;
real gDz=0.43451553693626166;

currentprojection=perspective(up=Y, camera = (gDx*49.5,gDy*0.0,gDz*11.0), target = (gDx*49.5,gDy*0.0,gDz*0.0) );
currentlight=Viewport;

  draw(  ellipsoid( (-0.9986145034983177,-0.009874884127390626,0.05168713637143175), (-0.052282388913467016,0.29759829048657327,-0.9532585217604772), (0.005968685978452201,0.9546401123789735,0.29770225162862246), 0.39727599453380746, 0.9102168127334833, 0.9774747108175524,  (gDx*0, gDy*0, gDz*0)), rgb(0.15818791357329087,0.4847745353902323,0.5580317950951519)  );
  draw(  ellipsoid( (-0.9999445287027143,0.010320826655737624,0.0021023926010090856), (0.010523824428943833,0.9872195557746929,0.159018231078725), (0.00043432349156664104,-0.15903153534176886,0.9872734079929147), 0.23584596861191676, 0.9178466184107319, 0.9912264886765613,  (gDx*1, gDy*0, gDz*0)), rgb(0.12058652427722895,0.5962860241628916,0.5436490274537663)  );
  draw(  ellipsoid( (-0.04515310065752753,-0.49558089724396964,0.8673873251252137), (-0.008826293314818594,0.868436914309562,0.495721113541482), (0.998941086374633,-0.014727530388689122,0.043586761766828554), 0.9356244891878914, 1.0120615209036612, 6.517259850007784,  (gDx*2, gDy*0, gDz*0)), rgb(0.14066400835323536,0.6663874287331546,0.5131023099006283)  );
  draw(  ellipsoid( (0.03544034918095356,0.48924094659474887,0.8714282975810496), (0.030527532521992442,-0.8720991408388067,0.4883760419045285), (0.9989054266586255,0.009294338238281503,-0.04584281697999843), 1.0089775646916233, 1.033807652777605, 3.2712810109304993,  (gDx*3, gDy*0, gDz*0)), rgb(0.13209675983543095,0.5532214131494558,0.5528653999591242)  );
  draw(  ellipsoid( (0.11309173252359878,-0.9649546564281271,0.23679689835909215), (0.1814966039274047,-0.21425289461477276,-0.9597680344291583), (0.9768670548225228,0.1515196627070806,0.15090576203545983), 0.9511657286413371, 0.9927642093323543, 1.4715444922404575,  (gDx*4, gDy*0, gDz*0)), rgb(0.22833164439401898,0.32543654789887333,0.5463061423492723)  );
  draw(  ellipsoid( (-0.12274125236103782,-0.495785720877356,0.8597273427912854), (0.010874524805916294,0.8655536424996332,0.5006981492534827), (0.9923791259791237,-0.07080544420973468,0.10084770394596287), 0.9295665612689107, 1.1055826887072209, 1.304762846563826,  (gDx*5, gDy*0, gDz*0)), rgb(0.256790564426722,0.2575791680838404,0.527117252127408)  );
  draw(  ellipsoid( (-0.9999241255280504,0.0024312919592032215,0.01207609234697359), (0.008775477149055818,-0.5473880481874929,0.8368329078748596), (0.008644893739654552,0.8368753870923066,0.5473251796613527), 0.1503460448070577, 0.945539313781234, 1.0426757121225299,  (gDx*6, gDy*0, gDz*0)), rgb(0.13940383945616855,0.6648461748235458,0.5140290230602489)  );
  draw(  ellipsoid( (0.03860132709423046,-0.0750448359905153,-0.9964327424054876), (0.031649905243003026,-0.996583810734655,0.07628231564197964), (0.9987533334335726,0.03448160049576078,0.03609429570690653), 0.9699359858371048, 1.0315210474077336, 2.4782477009747668,  (gDx*7, gDy*0, gDz*0)), rgb(0.15391032013621747,0.4956117971452558,0.5577676754898699)  );
  draw(  ellipsoid( (-0.9992669290925205,0.028246539495231586,0.02584061587014147), (0.03827654174334186,0.7497624475388028,0.660599105821976), (0.0007146846675922513,-0.6611039292480166,0.7502939983490866), 0.31859031663175696, 0.8395181111423587, 0.9696676545445393,  (gDx*8, gDy*0, gDz*0)), rgb(0.1410797346633921,0.5287021216392997,0.5557880349594326)  );
  draw(  ellipsoid( (-0.056185294640015065,0.33252803058951647,0.9414182500559847), (0.03609991632855881,0.942967755537794,-0.33092084862862037), (0.997767512353096,-0.015392234674476398,0.06498515526210671), 0.9499352950800198, 1.0287840500270409, 1.239277473144343,  (gDx*9, gDy*0, gDz*0)), rgb(0.2689768870495776,0.21998702639436446,0.5101776981958782)  );
  draw(  ellipsoid( (-0.05426845929950275,-0.9909017688190288,0.1231609470432014), (-0.20807094101778392,-0.10941312855403688,-0.9719749229295948), (0.9766070949103492,-0.07837379569306237,-0.20024018158059587), 0.9161043350700608, 0.9774002823845358, 1.2606021510897292,  (gDx*10, gDy*0, gDz*0)), rgb(0.25710764706637984,0.25671451757033104,0.5267865559218257)  );
  draw(  ellipsoid( (-0.9998304534983453,0.01018077756783705,-0.015343272969203682), (0.018115271537340574,0.6932464694102893,-0.720472879147645), (-0.0033016956888374228,0.7206286730475575,0.6933133594467186), 0.3270716988025626, 0.968140857433011, 1.0282183167666346,  (gDx*11, gDy*0, gDz*0)), rgb(0.1355944096519805,0.5434040078097704,0.554207761536512)  );
  draw(  ellipsoid( (0.02791679693468834,0.6992879401597509,0.7142947775225855), (0.03144153799570523,0.7136054396966159,-0.6998419150950194), (-0.9991156500312522,0.04199587101770119,-0.0020651101889717985), 0.9522191038816664, 0.9892929600518697, 10.36928762896674,  (gDx*12, gDy*0, gDz*0)), rgb(0.19710660306295896,0.7121536913158452,0.47892351649991105)  );
  draw(  ellipsoid( (0.9997871734996147,0.009018659643333208,0.018554554262747318), (-0.00012024979307151407,-0.8968224608272701,0.4423906184535413), (0.020629911430706308,-0.44229869718772424,-0.8966305087495088), 0.20974847648198347, 0.956103039320486, 1.0280832943610925,  (gDx*13, gDy*0, gDz*0)), rgb(0.11993913263144501,0.6207976620157976,0.5354663041448836)  );
  draw(  ellipsoid( (-0.9994873756629395,0.015402643435327764,0.028066785808387795), (-0.021027655961293912,-0.9768880646449272,-0.21271470762282071), (0.02414173927419524,-0.21319584360276503,0.9767111695354579), 0.35704928199759145, 0.9938831107574185, 1.0658820725667602,  (gDx*14, gDy*0, gDz*0)), rgb(0.14007330998377204,0.5313578453993656,0.5555387472312036)  );
  draw(  ellipsoid( (-0.9991323076300186,-0.02857723421593262,0.030298078065801794), (-0.028713053437572657,0.9995794617427761,-0.004057120199505345), (-0.030169395290671162,-0.004923550201827046,-0.9995326739237719), 0.7272337572239572, 1.0360704909789842, 1.0956243631117817,  (gDx*15, gDy*0, gDz*0)), rgb(0.23556247373772787,0.3094446245871159,0.5429245155959814)  );
  draw(  ellipsoid( (0.06877815161862853,-0.9975962255503251,-0.008446101329601571), (0.14060584194707482,0.018074858995471853,-0.9899006499051549), (0.9876738141057902,0.0668959657979368,0.14151101260920326), 0.9276464691440839, 1.0224484303206083, 1.4383234393130018,  (gDx*16, gDy*0, gDz*0)), rgb(0.2323440062753183,0.31662010738941854,0.5445144532020255)  );
  draw(  ellipsoid( (-0.034237515978892054,0.7370996587448944,0.6749162063380576), (-0.050501283594553976,0.6731734431334309,-0.737758182479316), (-0.9981369709889006,-0.059343142300032674,0.014176692387878238), 0.9649704623188956, 0.9989012082571155, 4.4183041737611575,  (gDx*17, gDy*0, gDz*0)), rgb(0.11945697569758762,0.6132225777388673,0.5382515225018664)  );
  draw(  ellipsoid( (0.04615241760359205,0.01426823772123403,0.998832504347788), (-0.03882529756822607,0.999168088680452,-0.012479055709106793), (0.9981796184144828,0.03820403061173415,-0.046667991460264194), 0.9353913047148394, 0.9690320350665216, 2.6538422475847723,  (gDx*18, gDy*0, gDz*0)), rgb(0.1430386225873634,0.5235685318739366,0.5562292821495444)  );
  draw(  ellipsoid( (-0.017150840908179463,-0.8987431669327338,0.43813989609240417), (-0.12902867751566924,-0.4325507981386396,-0.8923292034939702), (0.9914925360458845,-0.0718368075665032,-0.10854503233199303), 0.8814793383523385, 1.0468441859288868, 2.3719170518203225,  (gDx*19, gDy*0, gDz*0)), rgb(0.1531960448693625,0.4974280184345777,0.5577080872386602)  );
  draw(  ellipsoid( (-0.9950918732757527,-0.04243556646247847,0.08939455486528089), (-0.09190026068494342,0.061312952612404985,-0.9938787974033797), (-0.036694765656597364,0.9972160972131154,0.06491186049135941), 0.6877013888850211, 1.0241802531042632, 1.170216456504077,  (gDx*20, gDy*0, gDz*0)), rgb(0.21487490014644317,0.35438675094243,0.551015938607966)  );
  draw(  ellipsoid( (-0.9999870089106937,0.004767627933174299,-0.0018032564251416225), (0.002497904383702768,0.7667322838002008,0.6419621215089084), (0.004443251459671945,0.6419492773595286,-0.7667342321913408), 0.13715894358337577, 0.9422947049933647, 1.0190610703730512,  (gDx*21, gDy*0, gDz*0)), rgb(0.14720317677884218,0.6736453227760572,0.5085458233578872)  );
  draw(  ellipsoid( (-0.9999740940608682,0.006832140414513736,0.0022656267349140608), (0.0036389997807416904,0.20827729409002677,0.9780630482985913), (0.006210385474457381,0.9780459552719867,-0.20829676062859362), 0.1263801992633633, 0.9370905472024472, 1.0655998142473466,  (gDx*22, gDy*0, gDz*0)), rgb(0.158812315841667,0.6845845996527634,0.5010958236237353)  );
  draw(  ellipsoid( (-0.07425267748843792,-0.689856937393083,0.7201277288206822), (0.049650973703703034,0.7186681819362365,0.6935782761035258), (0.9960026710285833,-0.08725508697548497,0.01911096807669227), 0.9332333305530512, 0.999372886544951, 1.6540749695624233,  (gDx*23, gDy*0, gDz*0)), rgb(0.20276228649181527,0.38036787566412406,0.5539858351340571)  );
  draw(  ellipsoid( (-0.9998978300091714,0.013249792212845099,0.005364004965182167), (0.011399554221641425,0.9655355632539324,-0.2600213957647701), (0.008624367020131257,0.2599336821157038,0.9655879562190459), 0.16223456975434725, 0.9068873720104259, 1.014460539894365,  (gDx*24, gDy*0, gDz*0)), rgb(0.13017642805243998,0.6515644742527746,0.5215112001735117)  );
  draw(  ellipsoid( (0.9999729596646809,0.0043445724633571214,0.005933348933676788), (-0.0017098015178328985,-0.647363920495896,0.762179133156342), (0.007152378501431578,-0.7621686684260209,-0.6473389872018204), 0.16135992640971553, 0.9665566570988634, 1.0030386346054125,  (gDx*25, gDy*0, gDz*0)), rgb(0.13239320142372613,0.6552010790250562,0.5195570786862471)  );
  draw(  ellipsoid( (-0.9982082886682723,-0.044929151365043156,-0.039516879830981004), (0.03679211243194532,-0.9817111527034347,0.18678745439801026), (-0.04718636346185481,0.1849988757136398,0.9816052480951469), 0.5555005440346015, 0.9679594350434209, 1.0662723317674336,  (gDx*26, gDy*0, gDz*0)), rgb(0.19109490606296758,0.4060229900259671,0.5560209998644665)  );
  draw(  ellipsoid( (-0.9999560446786794,-0.003427851203694664,-0.008726886426221643), (-0.009260419821757827,0.21540410489331424,0.9764810885111063), (0.001467424715491958,-0.9765189816031401,0.21542638007790593), 0.2055075311864657, 0.9971022098036995, 1.0662249510085724,  (gDx*27, gDy*0, gDz*0)), rgb(0.12136537998681159,0.6294198062960615,0.5320028508355532)  );
  draw(  ellipsoid( (-0.9999970309842273,-0.0015706196772846681,0.0018631093794111342), (0.0015767136728986886,-0.9999933976662353,0.003273926989439974), (0.001857954984389564,0.003276854859131726,0.9999929050875852), 0.09722773485018574, 0.909355950424142, 0.9432518037112959,  (gDx*28, gDy*0, gDz*0)), rgb(0.18182566760051688,0.7021995511224568,0.4875224310481272)  );
  draw(  ellipsoid( (-0.00692409537726168,0.9470548530612715,0.3209971373646504), (0.03758043039512708,-0.32053162030058313,0.9464920452062974), (0.9992696173478526,0.018616811772595204,-0.03337133747544698), 0.9263300239835482, 1.0740858752551525, 4.689512471821115,  (gDx*29, gDy*0, gDz*0)), rgb(0.11991799743336977,0.6205945538688493,0.5355438183137406)  );
  draw(  ellipsoid( (-0.999998575455639,0.001682590432534881,0.00013407508731703996), (0.001406294000707019,0.7865868929458494,0.6174780013757402), (-0.0009335008710614319,-0.6174773102999276,0.7865881386347564), 0.04977738242614904, 0.9362105366775537, 1.1109246866076303,  (gDx*30, gDy*0, gDz*0)), rgb(0.2850827005006513,0.7567486461979551,0.43055346154410434)  );
  draw(  ellipsoid( (-0.004576786185185352,-0.9936938361753497,-0.11203398134196736), (-0.0037226593053632114,-0.11201744769833977,0.9936992669911988), (0.999982597266528,-0.004965013420553701,0.0031865036987947493), 0.9987191930292143, 1.0366805802515786, 6.557633766040512,  (gDx*31, gDy*0, gDz*0)), rgb(0.13700190488868705,0.6617915028626719,0.5158356330341173)  );
  draw(  ellipsoid( (0.014764754438014496,-0.657367378217457,-0.7534255982390643), (-0.009196150103228683,-0.7535651409898647,0.6573089145205654), (0.9998487049797404,0.0027763898197927053,0.017171453342816834), 0.9260151025824064, 1.0635224690150675, 3.9302411998913014,  (gDx*32, gDy*0, gDz*0)), rgb(0.121048284282931,0.5933689365110895,0.5444648298652126)  );
  draw(  ellipsoid( (0.008212793647227134,0.1831283834142966,0.9830547010256218), (0.022125096852514833,-0.9828804682769723,0.18291108541831605), (0.9997214762671527,0.020247969471180943,-0.012123927685334523), 0.862087244824654, 0.9895975589273408, 4.822505828220875,  (gDx*33, gDy*0, gDz*0)), rgb(0.12302058816395076,0.6354415144235017,0.5293745533144352)  );
  draw(  ellipsoid( (-0.0025436877798285483,0.7838300576050864,0.6209701848295824), (-0.03514542024825904,-0.6206586342566104,0.7832928310397668), (0.9993789717059549,-0.01983180570513158,0.029126798561151458), 0.9264477096682334, 1.0290976223651178, 3.787598147972737,  (gDx*34, gDy*0, gDz*0)), rgb(0.12175704459162476,0.5894539044281909,0.5455166687979144)  );
  draw(  ellipsoid( (-0.9988891435771511,-0.035578222413153046,0.030897717288269014), (0.019529699786875385,0.284159054627508,0.9585782297232894), (-0.042884375592284266,0.9581168100827379,-0.2831485627138849), 0.5028431330831724, 1.005246380532963, 1.1241120353117378,  (gDx*35, gDy*0, gDz*0)), rgb(0.17081931931157057,0.4534000211302082,0.5579801531011425)  );
  draw(  ellipsoid( (-0.9999929473394927,0.0037272280765256634,0.00046156488173027774), (0.0010918592057533362,0.1709257712745001,0.9852833037039103), (0.0035934822594942055,0.9852768587991311,-0.17092863540135078), 0.111946532584273, 0.9305420963173349, 1.1001176916615396,  (gDx*36, gDy*0, gDz*0)), rgb(0.1755788307552072,0.697805307193803,0.49110760155664557)  );
  draw(  ellipsoid( (0.017046258566839084,-0.7431114622746441,0.6689505061698605), (-0.021679215043734067,0.6686157346785749,0.7432920092233719), (-0.999619646017404,-0.027172669656758113,-0.004712676496927618), 0.952201089688049, 0.9928172717451208, 21.399629489569605,  (gDx*37, gDy*0, gDz*0)), rgb(0.29380451312581113,0.7604403199350944,0.4257102808060619)  );
  draw(  ellipsoid( (-0.999972239926225,0.00034494514030805785,0.007443143810143909), (0.002342685143451564,-0.9337157956740616,0.35800743670358676), (0.007073273870490035,0.3580149353331556,0.9336890675568338), 0.0927383875826513, 0.9110123067716553, 1.0107234310869135,  (gDx*38, gDy*0, gDz*0)), rgb(0.19301290767062224,0.7095802279598656,0.4812094029930458)  );
  draw(  ellipsoid( (0.024760284160102775,-0.9227715185444267,-0.38455123571706784), (0.0014284865805479763,-0.38463611776177525,0.9230671786707828), (0.9996923965672642,0.02340473192250787,0.008205532842867722), 0.9480163816295948, 0.9907421853981537, 8.49028747044268,  (gDx*39, gDy*0, gDz*0)), rgb(0.17103470738972865,0.6944480603450907,0.4937525315256255)  );
  draw(  ellipsoid( (-0.999714066632442,0.02383406027758144,-0.001929390554003985), (0.020968461160429597,0.9125752104868645,0.4083709206608846), (-0.011493851129574498,-0.4082136974374324,0.9128140383510059), 0.215140480193878, 0.9641772170939569, 1.007795114053441,  (gDx*40, gDy*0, gDz*0)), rgb(0.11955266505785501,0.6160016285069513,0.5372582060054861)  );
  draw(  ellipsoid( (0.043663315184317174,-0.9115905410999594,-0.40877402104854693), (0.0015588296382225818,-0.4091015770979606,0.9124875175398951), (0.9990450865487873,0.040479439139445475,0.0164417167498395), 0.9544053286846977, 1.0891580509954564, 1.8250614682662727,  (gDx*41, gDy*0, gDz*0)), rgb(0.1937105297481112,0.40018908531056846,0.5556255544683085)  );
  draw(  ellipsoid( (-0.003300201610555878,0.7514496452523495,0.6597821908171271), (0.022735986704153947,-0.6595588455941068,0.7513089937616597), (0.999736056955994,0.017480270269293108,-0.014908271978812587), 0.9847119940540228, 1.0423804154908294, 3.76086409740484,  (gDx*42, gDy*0, gDz*0)), rgb(0.12354596490182093,0.5813589681725213,0.5475199532696708)  );
  draw(  ellipsoid( (-0.09071647765088424,-0.9913400792836312,0.09494929114290777), (0.0746932530598256,0.08830089616169094,0.9932894188927934), (0.9930717187746096,-0.0971997888010361,-0.06603606913707487), 0.9785148727610119, 1.1156334737526221, 1.927605470623485,  (gDx*43, gDy*0, gDz*0)), rgb(0.18898146726507536,0.4107782432650614,0.5563178871534995)  );
  draw(  ellipsoid( (0.07171822593500637,-0.5677554576443805,0.8200672145524144), (-0.060926546217162425,0.8181554209803376,0.5717601447167638), (-0.9955623797807867,-0.09096948628803615,0.024085276201601533), 0.9206163789415985, 0.9806444957084185, 5.384908861292079,  (gDx*44, gDy*0, gDz*0)), rgb(0.1272097839157777,0.6459347916077582,0.5243976060609226)  );
  draw(  ellipsoid( (-0.9084834644640337,0.032414145113424914,0.4166618748961713), (-0.41005294429239025,-0.26168089605901235,-0.8737160245267878), (-0.08071169476952163,0.9646099894954018,-0.25102428267622334), 0.7840661834541438, 0.9545956494222106, 1.0758360158810365,  (gDx*45, gDy*0, gDz*0)), rgb(0.26058440008201056,0.2468823555965534,0.5228109741140504)  );
  draw(  ellipsoid( (-0.9999859600055624,0.0030838927391093523,0.004309222357644497), (0.005266571685671457,0.4885190497917908,0.872537335139996), (-0.00058567434094202,-0.8725477795491191,0.4885284325292318), 0.1769154193747018, 1.0016752167125904, 1.0809687159813972,  (gDx*46, gDy*0, gDz*0)), rgb(0.12971268580733494,0.6507335292473043,0.5219449563761557)  );
  draw(  ellipsoid( (0.003520261138473264,0.9581776553822161,0.2861523868286897), (0.02136053350903381,-0.28616092023257644,0.9579434510136048), (0.9997656402226106,0.0027401565440860706,-0.021474547082243778), 0.9196418022701022, 0.9414556265192834, 22.014198281672687,  (gDx*47, gDy*0, gDz*0)), rgb(0.30288439370845216,0.7641861339712694,0.42064820731879315)  );
  draw(  ellipsoid( (0.9996483523016849,0.00950546740927423,-0.024755157641546642), (0.011784207294449359,0.6770549901374291,0.7358380751146594), (0.02375508785435332,-0.7358710392584671,0.676704890910133), 0.8125580583961385, 0.987908808448579, 1.085599840154251,  (gDx*48, gDy*0, gDz*0)), rgb(0.2650323451984106,0.2333113719280907,0.5167634212792428)  );
  draw(  ellipsoid( (-0.05138780794248133,0.0014924969792914859,0.9986776585303356), (-0.06934359691787731,-0.9975906728474866,-0.0020772612233226737), (0.9962684170249289,-0.06935864690480766,0.051367493010430525), 0.9321440767578276, 1.0869190908601942, 3.5936634092550737,  (gDx*49, gDy*0, gDz*0)), rgb(0.12510317784016967,0.575390461298113,0.5488534004947903)  );
  draw(  ellipsoid( (0.847633581691746,0.49825105687437865,-0.18238200435346316), (-0.46788401972074906,0.8640183478943944,0.18589469758924065), (-0.25020362762832954,0.07223696301344674,-0.9654946741936065), 0.9092116101225114, 0.9729108406581168, 1.0936335773882713,  (gDx*50, gDy*0, gDz*0)), rgb(0.28040163774608684,0.1645155921921052,0.4756370713733008)  );
  draw(  ellipsoid( (0.009625156648281613,-0.7484063799184224,-0.6631706016229144), (0.006519615358597933,-0.6631402581703072,0.7484667611921015), (0.9999324232042244,0.011527727062217337,0.0015035071356823114), 0.9183084356228471, 1.0997149845287348, 2.8100922724910817,  (gDx*51, gDy*0, gDz*0)), rgb(0.14178871709063867,0.5268376853635027,0.5559562852566777)  );
  draw(  ellipsoid( (0.9972386407049608,0.06576513117223504,0.03449697098037305), (-0.02097218343129184,-0.19621866300502097,0.9803358627585987), (0.07124086613065739,-0.9783522800149345,-0.1942975943817449), 0.6005790408744076, 0.9306055470643906, 1.0317030737145998,  (gDx*52, gDy*0, gDz*0)), rgb(0.21112664943681841,0.36239399877246636,0.5520425062787199)  );
  draw(  ellipsoid( (-0.9990063095879682,-0.0395508959442878,0.020545559944496066), (0.005994100454343714,0.33756599587453584,0.9412827785469019), (-0.044164059631922416,0.9404705870250473,-0.33699348773765797), 0.6860136992562692, 0.9354964156702648, 1.0799693993805677,  (gDx*53, gDy*0, gDz*0)), rgb(0.2317075577860103,0.3180315779115852,0.5448179952498033)  );
  draw(  ellipsoid( (0.014648264016339823,0.05652888440935676,-0.9982935007244819), (0.013488621769322402,-0.9983209427632932,-0.05633251568120906), (0.9998017230651646,0.012640429883642368,0.015386165483477585), 0.9187610614088345, 0.9868109395188854, 7.888774916986359,  (gDx*54, gDy*0, gDz*0)), rgb(0.16418491619772663,0.6890741780031949,0.4978242729902844)  );
  draw(  ellipsoid( (-0.301560712305357,-0.6392417661129065,0.707411550125341), (-0.4534335353507996,0.7488297599199729,0.4833756506874036), (-0.8387247258863668,-0.17499701458896447,-0.5156712897493798), 0.9211049804004143, 0.9986912090297948, 1.1144254840508963,  (gDx*55, gDy*0, gDz*0)), rgb(0.27999907440109334,0.16753671657597058,0.4778129539949696)  );
  draw(  ellipsoid( (0.03224097867416789,0.0007616061610576166,0.9994798343389362), (0.008407649907659076,-0.9999645346581802,0.0004907635674175495), (-0.9994447612135261,-0.008387453839175718,0.0322462385548083), 0.8910303434864659, 0.9731501226598096, 14.744351009197496,  (gDx*56, gDy*0, gDz*0)), rgb(0.250759662109646,0.7411768874833711,0.4494556391433481)  );
  draw(  ellipsoid( (-0.13826446897215736,-0.8424812059227329,0.5206806644065295), (-0.059625589676381874,0.5318573671625012,0.8447322238737646), (0.9885988699546399,-0.08575056070924586,0.12377041513406514), 0.9633196045823909, 1.1673534805665462, 2.6398858435729187,  (gDx*57, gDy*0, gDz*0)), rgb(0.15211439287409456,0.5001845105525322,0.5576056070703672)  );
  draw(  ellipsoid( (-0.9999982003178024,-0.0006955874896594407,0.0017650833409407754), (-0.0017738262636050185,0.6728177901275452,-0.7398061062388396), (0.0006729796005693191,0.7398079057741473,0.6728178131207047), 0.03554527805850394, 0.9544838087881863, 1.0849607286481766,  (gDx*58, gDy*0, gDz*0)), rgb(0.3263986659086777,0.7734436000595976,0.40742937916865485)  );
  draw(  ellipsoid( (0.0018914654084141774,0.4084721250713987,0.9127688345897139), (0.05169661752968451,-0.9115898805838252,0.4078374055345549), (0.9986610446465799,0.046415650989974314,-0.02284086794713825), 0.8972959180165265, 0.9582229732984984, 8.08876477278602,  (gDx*59, gDy*0, gDz*0)), rgb(0.1705538213426625,0.6940793642271442,0.4940360532740753)  );
  draw(  ellipsoid( (-0.9996814040071612,-0.002164386056435676,-0.025147682105311875), (-0.023667556600139587,0.42661049401624757,0.9041257286239521), (-0.008771387966012198,-0.9044328619793796,0.42652580335184676), 0.29810407441961406, 0.9669051969655875, 1.142835983086808,  (gDx*60, gDy*0, gDz*0)), rgb(0.12567034298069696,0.5733564099302472,0.5492830150617811)  );
  draw(  ellipsoid( (-0.9989939734780817,0.03244518524474958,0.03095724323817536), (0.04409074314876093,0.5845767304759178,0.8101395265969167), (-0.008188242977810354,-0.8106894326069138,0.5854191631100029), 0.47341670804238356, 0.9515602144918149, 1.0558555465563582,  (gDx*61, gDy*0, gDz*0)), rgb(0.17073450478989144,0.4536069020419118,0.5579837563324557)  );
  draw(  ellipsoid( (-0.9937370196714329,0.020489876191870066,-0.10984944564348077), (0.11133742640966646,0.26534130975725867,-0.9577045300178834), (-0.009524348534690207,0.963936799956276,0.265960772436546), 0.6971941931433923, 0.9192484880119774, 1.0169447374521776,  (gDx*62, gDy*0, gDz*0)), rgb(0.24641447327492422,0.2841939252886821,0.5362254038881864)  );
  draw(  ellipsoid( (-0.9307854122770441,-0.1345584991726892,-0.3399007599177242), (-0.36472984409639225,0.4046742880007639,0.8385766878804205), (-0.024711477448229425,-0.9045068993277323,0.42574242441980953), 0.7958596258071664, 0.9728901859197723, 1.128918745743816,  (gDx*63, gDy*0, gDz*0)), rgb(0.254462425736626,0.2638503072939271,0.5294676032714023)  );
  draw(  ellipsoid( (-0.04259724988572064,-0.29480258765329204,0.954608248767575), (-0.03023300200436879,0.9554182965971397,0.2937036671838192), (-0.9986347880441464,-0.01634970459499538,-0.04961095914895301), 0.9312788840366937, 0.9716165646781844, 13.962940570760493,  (gDx*64, gDy*0, gDz*0)), rgb(0.24040437654714103,0.7360991874088415,0.45512418583203035)  );
  draw(  ellipsoid( (-0.04052236494697975,-0.4040318173149649,0.9138469393373655), (0.1098890045514996,-0.9108521909434688,-0.3978350071727765), (0.9931174878219517,0.08430051512687829,0.08130853910604209), 1.0097738765038704, 1.035611849120267, 2.0336671901898673,  (gDx*65, gDy*0, gDz*0)), rgb(0.17949069369735915,0.4326482522548355,0.5573866393371372)  );
  draw(  ellipsoid( (0.9981283317473462,-0.04311278212842384,0.04337189620487717), (-0.060398897680192076,-0.8060951953886158,0.5886955997206084), (-0.009581572014928874,0.5902133715772089,0.8071904171192733), 0.5717693540439626, 0.8814699201986373, 1.0012411710156393,  (gDx*66, gDy*0, gDz*0)), rgb(0.20894356748251144,0.3670656786611125,0.5525950286439905)  );
  draw(  ellipsoid( (-0.02696982953036889,0.8353938805841608,0.54898970170454), (0.26877166243173883,-0.5229065116232992,0.8089070240612526), (0.9628262676977516,0.16936895932988344,-0.21042750259110618), 1.031115651762356, 1.0966882310047512, 1.303546610808785,  (gDx*67, gDy*0, gDz*0)), rgb(0.27367892567554186,0.20164177333607353,0.500035687033625)  );
  draw(  ellipsoid( (-0.9998604555806851,-0.016624762307437466,0.0016390985955200656), (-0.008130217861185183,0.5699808323645116,0.8216177641060277), (-0.014593454817632967,0.8214897857035598,-0.5700364576596878), 0.351291128195401, 0.9069327086668978, 1.007881813469933,  (gDx*68, gDy*0, gDz*0)), rgb(0.14481746681501667,0.5189415869955938,0.5565823273543766)  );
  draw(  ellipsoid( (-0.999982537656491,0.0047762465309486015,0.0034802084937660236), (0.005212964778039634,0.9903131035245133,0.13875439447408383), (0.0027837708791135832,-0.13877011370139078,0.990320708741868), 0.2504364331076543, 1.0336419060803894, 1.0354437127556189,  (gDx*69, gDy*0, gDz*0)), rgb(0.12016462471384629,0.5995386634325962,0.5426959774115598)  );
  draw(  ellipsoid( (-0.990936781564205,-0.1259633861511061,-0.04666390781452623), (-0.1330602263537722,0.872812905388375,0.4695664046225905), (0.018419313392690012,-0.47151973186373697,0.8816631280468132), 0.5941345971174741, 0.948691488506856, 1.0822970711258215,  (gDx*70, gDy*0, gDz*0)), rgb(0.20193318708908836,0.38216516680358803,0.5541535641250692)  );
  draw(  ellipsoid( (-0.9999816742891732,-0.005874490479960755,-0.0014633685191186429), (-0.0051443626905849525,0.9519639753857225,-0.3061668256038187), (-0.003191648215203961,0.30615368678069443,0.9519767504788438), 0.0763683349827391, 0.9311660158781453, 1.0068779408137563,  (gDx*71, gDy*0, gDz*0)), rgb(0.2205155747816775,0.7257199247867508,0.46601145472268046)  );
  draw(  ellipsoid( (0.26630764507105603,0.8129536666779137,-0.5178673324430149), (0.3880668952421938,-0.5822299047560077,-0.7144315382350463), (-0.8823175862430664,-0.010708587336650316,-0.4705326802289744), 0.9551534796842946, 0.9873104536723329, 1.0657756046785916,  (gDx*72, gDy*0, gDz*0)), rgb(0.2830505124525282,0.10939876936489289,0.43051340292354295)  );
  draw(  ellipsoid( (-0.9999507307536213,0.009832684273897179,-0.001361758153435913), (0.009665992466087379,0.9332753761184973,-0.35903153193072457), (0.0022593483450181234,0.35902700546177235,0.9333244369961651), 0.21606143273340195, 0.9406502576941673, 1.0769174866863302,  (gDx*73, gDy*0, gDz*0)), rgb(0.1197621033428757,0.6190964198211956,0.5361155660121234)  );
  draw(  ellipsoid( (-0.9994125499302735,0.021219215889863387,-0.026912820715929476), (0.029401534333294174,0.9343455001518117,-0.3551535388038656), (-0.0176097933183929,0.35573618205502,0.9344204963271092), 0.38667612572113275, 0.9995814113972957, 1.0667528863504867,  (gDx*74, gDy*0, gDz*0)), rgb(0.14675735512282942,0.5139240954085408,0.5569144381624103)  );
  draw(  ellipsoid( (0.8232026006400256,-0.28601298012021975,-0.49044271174343035), (0.41211577431454255,-0.293144682602056,0.8626857965813886), (-0.39051000865615004,-0.9122843691880775,-0.12344700431555689), 0.9523284941170606, 1.01078382202668, 1.0563024576069564,  (gDx*75, gDy*0, gDz*0)), rgb(0.28277511069272687,0.10263307980354834,0.42438371222405735)  );
  draw(  ellipsoid( (-0.9999696573082368,0.0065460077376790745,-0.004223061158178085), (-0.003156735847756048,0.1551013569779225,0.9878935185951949), (0.007121761132961322,0.9878768743352107,-0.1550759867679691), 0.176488951848482, 0.9927491944191799, 1.114786037453763,  (gDx*76, gDy*0, gDz*0)), rgb(0.13080974215556984,0.6526089677531661,0.5209509718414836)  );
  draw(  ellipsoid( (-0.5617854027861571,0.7724292193872726,-0.2962267075284804), (0.8143914493294884,0.4533949827258898,-0.36221479386961186), (0.14547758753640205,0.4447314815433646,0.8837704344731341), 0.9422739114397264, 1.0483433975324072, 1.0872452345885595,  (gDx*77, gDy*0, gDz*0)), rgb(0.2828142070891329,0.1372586333785476,0.4545206896760407)  );
  draw(  ellipsoid( (-0.9993269859370472,-0.0026013899877513087,-0.03658972462466298), (0.018571292567583005,-0.8960792510343434,-0.4435054486227871), (-0.031633562403660304,-0.44388648169984246,0.8955244882714202), 0.5389801798062125, 1.0478273019156261, 1.0818460677529382,  (gDx*78, gDy*0, gDz*0)), rgb(0.1803868080965296,0.4305437748987712,0.5573042636035489)  );
  draw(  ellipsoid( (-0.03387167778611513,-0.9974482742575891,-0.06284623795034108), (-0.0509045339749219,0.06452249894756484,-0.9966170656527799), (0.9981289685530371,-0.030557933668995372,-0.0529601248594795), 0.8940116767581493, 0.9722485699218771, 3.0448604755441613,  (gDx*79, gDy*0, gDz*0)), rgb(0.13062850627256276,0.5575145669073055,0.552198000187389)  );
  draw(  ellipsoid( (-0.9997072076474618,0.015210915899154217,-0.018818262810992078), (-0.0040072107695231585,0.6628945870882087,0.7487020159389194), (0.023862967953784092,0.7485582104597208,-0.6626395432765667), 0.3553246626319819, 0.9872813247714219, 1.0599650890438597,  (gDx*80, gDy*0, gDz*0)), rgb(0.14017444887689848,0.5310898892246319,0.5555650331494315)  );
  draw(  ellipsoid( (-0.02116256707915072,-0.9690266369102291,0.24604780574732113), (-0.08840850182002458,-0.2433250101784528,-0.9659072813824288), (0.9958594692829703,-0.0421937955167209,-0.0805208113429937), 0.922156339450878, 1.084181103442816, 2.2808445992267856,  (gDx*81, gDy*0, gDz*0)), rgb(0.16142780250404742,0.4766280874272284,0.5581279113490868)  );
  draw(  ellipsoid( (-0.992914762562141,-0.10246467051029479,0.060176952260678145), (0.09575538685723614,-0.3900560549612474,0.9157986568432437), (-0.07036462302882203,0.915072273257848,0.39710395936168436), 0.6068495877630593, 0.9162538186953623, 1.1253000704617162,  (gDx*82, gDy*0, gDz*0)), rgb(0.20215993822356992,0.3816736240482481,0.5541076917738501)  );
  draw(  ellipsoid( (-0.9999825888365022,-0.005716330290565362,0.0014647838940139754), (0.0007989255154227659,0.11479199148014871,0.9933892290588026), (-0.005846686400672144,0.9933731032497461,-0.11478542589589263), 0.13263137702510697, 0.9428404525768322, 1.0520261011433383,  (gDx*83, gDy*0, gDz*0)), rgb(0.15276958923574885,0.6791308176054711,0.5048974940782688)  );
  draw(  ellipsoid( (0.031081199416862337,0.8539461559270433,0.5194323072549829), (0.06511496835277969,-0.5203093608174765,0.8514917556512955), (0.9973936033177804,0.007357433189107442,-0.07177651592019539), 0.9270471327528843, 1.0087299041674194, 3.543347275864634,  (gDx*84, gDy*0, gDz*0)), rgb(0.12408495844830068,0.5792278617146052,0.5480068980831214)  );
  draw(  ellipsoid( (-0.9949088514775114,0.09871290205975318,-0.02030123687465814), (0.09966761031235473,0.9936001963572482,-0.05315089137034751), (-0.014924634210725774,0.054903668053959874,0.9983801092409126), 0.5695223785633832, 0.9230258432359394, 0.9931907991456916,  (gDx*85, gDy*0, gDz*0)), rgb(0.206120553679759,0.37312559844852733,0.5532596582132867)  );
  draw(  ellipsoid( (-0.9963515830382782,-0.07468712988963624,0.04129595144764026), (-0.07766871078064172,0.5929847187206063,-0.8014591035913914), (-0.03537081201768305,0.8017424499131226,0.5966221163052153), 0.5539926769047478, 0.921020524215208, 0.9587153631563597,  (gDx*86, gDy*0, gDz*0)), rgb(0.20495524969997322,0.3756335489457673,0.55352126990006)  );
  draw(  ellipsoid( (-0.005906037166762301,-0.9894044108561922,-0.14506560758255507), (-0.0006097343821050678,0.14507167380049085,-0.9894209608072326), (-0.9999823733191341,0.005755105479497139,0.0014600725844155448), 0.8977613233917977, 1.0126553766284132, 1.4429423803962663e7,  (gDx*87, gDy*0, gDz*0)), rgb(0.8188511132870122,0.8839403827992922,0.10864338962993435)  );
  draw(  ellipsoid( (-0.05510925884608759,-0.5665062118178,0.8222126741672624), (0.11808992969721072,-0.8213825642423945,-0.5580192215889128), (0.9914725100039551,0.06634301116493187,0.11216446307109455), 0.9695468280490984, 1.0631313644161993, 1.5838881292371039,  (gDx*88, gDy*0, gDz*0)), rgb(0.2205931873741977,0.34215636187710985,0.5492295528704221)  );
  draw(  ellipsoid( (-0.9999766904645889,-0.0004286982639668606,0.006814304460943553), (-0.006620183369416647,0.3051060299399858,-0.9522953762706274), (0.0016708380062899386,0.9523182906528987,0.3051017561212944), 0.06071067403495489, 0.959977442833425, 1.0590397412294799,  (gDx*89, gDy*0, gDz*0)), rgb(0.2571957458752781,0.7442371027905702,0.44592690327595047)  );
  draw(  ellipsoid( (0.006208750795086133,0.997541975148005,-0.06979583964235699), (-0.029798002698337506,0.06995075041046842,0.9971052961208271), (0.9995366578814177,-0.004111001682079093,0.030159065244393057), 0.9667836217505377, 1.0696667216443994, 3.3513459328595934,  (gDx*90, gDy*0, gDz*0)), rgb(0.12996418203891918,0.5594893095646979,0.5518789744254697)  );
  draw(  ellipsoid( (-0.9994465971249478,0.029031792748491114,0.01623744146013254), (0.030206575352512137,0.5876803648460915,0.8085291284671428), (-0.013930624567318365,-0.8085721636218807,0.5882320918778531), 0.2924900143868391, 0.9978603619856233, 1.0241497001099171,  (gDx*91, gDy*0, gDz*0)), rgb(0.12722327987893076,0.5680879676466539,0.5503349462900767)  );
  draw(  ellipsoid( (-0.999903453486501,0.005744469839220431,-0.012652461105853876), (0.01115248629462052,0.8749253990816188,-0.484129288611336), (-0.008288893485692778,0.48422365401551404,0.8749049932059174), 0.19842658525473578, 0.9142359195180811, 1.0100059988918133,  (gDx*92, gDy*0, gDz*0)), rgb(0.12043915990723926,0.6245189396406577,0.5340084826844617)  );
  draw(  ellipsoid( (-0.16257326708224695,0.4515612578436987,-0.8773040312484726), (-0.13978539847042432,-0.8907052536815436,-0.43255542238950323), (0.9767445803303282,-0.05231234537577453,-0.20792653345981754), 1.0077246000981328, 1.0871429375280715, 1.4932923391086688,  (gDx*93, gDy*0, gDz*0)), rgb(0.2410500443661733,0.296917044484306,0.5398212129267019)  );
  draw(  ellipsoid( (0.07752407060786284,0.01390861795237527,0.9968934591133809), (-0.03575513635498029,0.9992982476915101,-0.011161647947953678), (0.9963491299241566,0.034778765178369586,-0.07796697244374673), 0.9424609751014537, 1.0307951242343136, 1.4942331940120845,  (gDx*94, gDy*0, gDz*0)), rgb(0.22684990549682524,0.32866169982097415,0.5469159803514609)  );
  draw(  ellipsoid( (-0.9998949478317595,-0.013834775176356683,-0.0043234588401974096), (0.007324696580953791,-0.7396777280874189,0.6729213976323173), (-0.012507682459999506,0.6728190377562567,0.7397013588687156), 0.1313748806012759, 0.9219383724566526, 1.1195469892756669,  (gDx*95, gDy*0, gDz*0)), rgb(0.15666930174359225,0.6827012625248106,0.5024284063344527)  );
  draw(  ellipsoid( (-0.5920736528471653,0.07639074294123652,-0.8022550990782796), (-0.3498478808213468,0.8724359720225492,0.3412651974724089), (-0.725985709149311,-0.4827213783477532,0.4898212132982986), 0.9550511949084519, 1.0504606706382407, 1.1776515067879219,  (gDx*96, gDy*0, gDz*0)), rgb(0.2780586421442949,0.1800875482337517,0.48650791022583156)  );
  draw(  ellipsoid( (0.07064590741172294,0.28825950120612986,0.954942729031625), (-0.08145867653153188,-0.9524700214374481,0.2935393368539875), (0.9941698244181953,-0.09852572368341088,-0.04380687148102081), 0.9198051120926117, 1.008177392384475, 2.3405899144554727,  (gDx*97, gDy*0, gDz*0)), rgb(0.15563747808788503,0.49122769301291547,0.5578942665954894)  );
  draw(  ellipsoid( (-0.018499882609360897,0.32894815527366256,0.944166757244447), (-0.05470324517824491,-0.9432469094731559,0.3275558314796256), (0.9983312623124695,-0.04558924118030671,0.0354444886857624), 0.938566116586178, 0.998407557200671, 2.7408625763851644,  (gDx*98, gDy*0, gDz*0)), rgb(0.1416134608198669,0.527298563004796,0.5559146947764088)  );
  draw(  ellipsoid( (-0.9999689235885677,-0.007871302291840427,0.0004409731872652278), (-0.006434947733239007,0.7826224775507707,-0.6224633716773735), (-0.004554481835719854,0.6224468653889469,0.7826488078715016), 0.12788116618180023, 0.9909210068966059, 1.100626490669341,  (gDx*99, gDy*0, gDz*0)), rgb(0.16254657352005528,0.68774609623563,0.49880982971440685)  );
