import settings;
import three;
surface ellipsoid(triple v1,triple v2,triple v3,real l1,real l2, real l3, triple pos=O) {
  transform3 T = identity(4);
  T[0][0] = l1*v1.x;
  T[1][0] = l1*v1.y;
  T[2][0] = l1*v1.z;
  T[0][1] = l2*v2.x;
  T[1][1] = l2*v2.y;
  T[2][1] = l2*v2.z;
  T[0][2] = l3*v3.x;
  T[1][2] = l3*v3.y;
  T[2][2] = l3*v3.z;
  T[0][3] = pos.x;
  T[1][3] = pos.y;
  T[2][3] = pos.z;
  return T*unitsphere;
}

size(200);

real gDx=1.2411587025619668;
real gDy=1.2411587025619668;
real gDz=1.2411587025619668;

currentprojection=perspective(up=Y, camera = (gDx*23.5,gDy*0.0,gDz*11.0), target = (gDx*23.5,gDy*0.0,gDz*0.0) );
currentlight=Viewport;

  draw(  ellipsoid( (0.9010673205613504,0.40566058868362875,-0.15335309128035257), (0.3340171119257801,-0.8746952213852146,-0.35119914382958234), (0.2766048675586698,-0.2652315148596084,0.9236568576956098), 1.08929035537141, 1.1390468188268814, 1.2329775291005816,  (gDx*0, gDy*0, gDz*0)), rgb(0.283222126482797,0.11968217758800856,0.43962407036311757)  );
  draw(  ellipsoid( (0.511803710239486,0.8031380471204843,0.305002031882725), (0.807722167282736,-0.32891187073934136,-0.4892871158806722), (0.29264630984376966,-0.4967758634980577,0.8170507198335873), 0.7650009874358725, 0.7992883702375517, 0.9352575135837317,  (gDx*1, gDy*0, gDz*0)), rgb(0.2778807051677914,0.18109390681021173,0.4871756728449882)  );
  draw(  ellipsoid( (0.042783552055109836,-0.920957352590268,-0.38730752946911856), (0.9601530462478323,-0.0692618009624547,0.27075622007341854), (-0.2761805486535137,-0.3834584170902521,0.881296741686977), 0.6583298406945417, 0.8206495421419574, 0.8860328272314794,  (gDx*2, gDy*0, gDz*0)), rgb(0.2626636245278775,0.24068155267064265,0.5201218059702649)  );
  draw(  ellipsoid( (-0.47061309806120194,-0.7081308738034751,-0.5263781696647046), (-0.2385331361701128,-0.4722504602803078,0.848576128413879), (0.8494852882081525,-0.5249096763552416,-0.053334574026119), 0.5913316816103988, 0.7717189805165091, 0.8820906569499901,  (gDx*3, gDy*0, gDz*0)), rgb(0.24310198049052387,0.2921178042138212,0.538523007609171)  );
  draw(  ellipsoid( (0.11314470213212281,-0.10314758757802744,0.9882099228181562), (0.5458220892954413,0.8375302561101096,0.024926229905335964), (0.8302267902305926,-0.5365665338771765,-0.15106234311184233), 0.5105849000042137, 0.750242145260895, 0.8669678634452522,  (gDx*4, gDy*0, gDz*0)), rgb(0.21592141670926093,0.35215140907917275,0.5507110695046766)  );
  draw(  ellipsoid( (0.2883934541947751,-0.29697521798792176,0.9102938731413238), (0.8884351869330985,-0.271549737109252,-0.3700589938037535), (0.35708841229695026,0.9154596988272733,0.18553006663697658), 0.5578647349531416, 0.8099184108072348, 0.8703993509093225,  (gDx*5, gDy*0, gDz*0)), rgb(0.22902296897425958,0.3239257699184095,0.5460113389918748)  );
  draw(  ellipsoid( (-0.8212246638642346,0.1754339298240457,-0.5429668385155455), (0.07782089274776038,-0.908237135029255,-0.41115594998223315), (-0.5652733499051733,-0.37990557092564836,0.7322143108862602), 0.4556933064923488, 0.6981047399165121, 1.1773546928764025,  (gDx*6, gDy*0, gDz*0)), rgb(0.16285587894241246,0.47305450608116106,0.558143850999015)  );
  draw(  ellipsoid( (-0.48535065161729235,-0.5296209628577278,-0.6956553605603303), (0.7657284533542987,-0.641529321811737,-0.045826465927517684), (-0.4220126546660695,-0.5549250084087272,0.7169125151259885), 0.3990042908443765, 0.5198255230305293, 1.4033678109825773,  (gDx*7, gDy*0, gDz*0)), rgb(0.13322012672685896,0.55001667553382,0.553330482123285)  );
  draw(  ellipsoid( (-0.029784597166057025,-0.7922485971254407,-0.6094711134454421), (0.9388827759222604,-0.23137561915492738,0.25488125850517973), (-0.34294607571477764,-0.5646303952263333,0.750719991700227), 0.41906658016678716, 0.6376191741416718, 1.1691214193726505,  (gDx*8, gDy*0, gDz*0)), rgb(0.15546193952115245,0.4916727526504939,0.5578826846694368)  );
  draw(  ellipsoid( (0.1463820227586613,-0.9207723911070004,-0.3615943959579302), (0.8930420553164677,-0.03422260275215544,0.4486699242171323), (-0.4254975803094794,-0.3885962136150659,0.817278894817927), 0.3231210496006184, 0.7503414962769446, 1.2023430776283313,  (gDx*9, gDy*0, gDz*0)), rgb(0.13289647712019434,0.5509338073291491,0.5532001751607865)  );
  draw(  ellipsoid( (0.39323827175186793,-0.8999696946404572,-0.18819726448162388), (0.8655903646560661,0.2933510420871325,0.40583061333636694), (-0.31002738950644765,-0.3224898678023164,0.8943619529701954), 0.42762323562350446, 0.8162260861279362, 1.0505558680859979,  (gDx*10, gDy*0, gDz*0)), rgb(0.16514898417115495,0.4673437858694396,0.5581405308988231)  );
  draw(  ellipsoid( (0.5477357499845116,-0.8364395837638943,0.01882474174558762), (-0.703748308765004,-0.4484424890926658,0.5510332584216409), (0.4524642152693418,0.31506849523438196,0.8342709255460369), 0.345948507601232, 0.6656954682277743, 1.0061191158902587,  (gDx*11, gDy*0, gDz*0)), rgb(0.15160050705998257,0.5014961262073677,0.5575524324607609)  );
  draw(  ellipsoid( (0.5727811031839227,-0.7735768888559376,-0.27110994976831265), (-0.4594211845678505,-0.5768697297231542,0.675391360693493), (0.6788622710135553,0.2622977543882211,0.6858176908167466), 1.5509556081031903, 1.5943201156538063, 2.0583185224019798,  (gDx*12, gDy*0, gDz*0)), rgb(0.26197893611106765,0.24275659361141697,0.5210391035117193)  );
  draw(  ellipsoid( (0.5410532414785605,-0.06253960007973802,-0.8386597571765375), (-0.5556177729885324,0.7220136246435095,-0.41229263414279527), (0.6313083875767896,0.6890465327182248,0.35589969868515803), 3.1627219697915727, 3.7181981965032835, 3.723476107685901,  (gDx*13, gDy*0, gDz*0)), rgb(0.2803324778491609,0.16507090216383366,0.4760431178154484)  );
  draw(  ellipsoid( (-0.3666894889895075,0.8277741650345924,-0.4246513279926219), (0.1886712423560311,0.5131263561705297,0.8373198342992877), (0.9110115152798266,0.22691688853947845,-0.34433522143852247), 2.407038321809276, 2.701953305824647, 3.8135795227351323,  (gDx*14, gDy*0, gDz*0)), rgb(0.22877788093244644,0.32446137016672916,0.5461158525295815)  );
  draw(  ellipsoid( (0.241995914159934,0.6032587902881408,0.7599452674173232), (0.41001051646613895,-0.773439423006258,0.48340752510373336), (-0.879391467957853,-0.19460290563050542,0.4345116283865102), 1.1268105982863172, 1.2449470276963213, 2.3937677056996054,  (gDx*15, gDy*0, gDz*0)), rgb(0.17665291893795912,0.4393587414895448,0.5576234132284734)  );
  draw(  ellipsoid( (0.09846552897002403,-0.9330230757893462,-0.3460816083660641), (0.5428643297941486,-0.24110614120545312,0.8044663747542006), (-0.8340280924775875,-0.2670875675084945,0.48276430298914214), 0.1708655928488916, 0.3343450200207705, 1.7060337098862886,  (gDx*16, gDy*0, gDz*0)), rgb(0.15634156380318248,0.6824062404010451,0.5026343089171817)  );
  draw(  ellipsoid( (-0.09808567764583087,-0.8553117360153374,-0.5087445666296478), (0.5289888692657634,-0.4778176798229512,0.7013280552220487), (-0.8429412648777418,-0.2003299754980309,0.49931745902108304), 0.1615091381230308, 0.3597196862843963, 2.086216376009977,  (gDx*17, gDy*0, gDz*0)), rgb(0.18349331915631742,0.7033337492273668,0.4865745027953564)  );
  draw(  ellipsoid( (0.24366640407346107,0.5807143192904495,0.7767866907310778), (0.3519603322181044,-0.7992732827671208,0.4871202561992179), (-0.9037425563017548,-0.15470326055290562,0.3991444514251318), 0.12733088916350926, 0.36702128215165153, 1.7968578799241313,  (gDx*18, gDy*0, gDz*0)), rgb(0.1888945128262765,0.7069284047618827,0.4835205387530167)  );
  draw(  ellipsoid( (0.016297878825348167,-0.8338723522274074,-0.5517166658136448), (0.23774242971041698,-0.532733034479993,0.8122032080022376), (-0.9711914930955592,-0.1444036501078454,0.18956442064466947), 0.14705109711622585, 0.36785567589345913, 1.636371573117547,  (gDx*19, gDy*0, gDz*0)), rgb(0.16308877197552984,0.6881856159361978,0.4984836663659911)  );
  draw(  ellipsoid( (-0.04316794346126884,-0.8929249841009852,-0.4481311207956665), (0.3062290304849263,-0.43878459431717565,0.8448028531427754), (-0.9509786062502074,-0.10076235685099455,0.29238098073617236), 0.6191285070919947, 0.7250946375607872, 1.7696036313247796,  (gDx*20, gDy*0, gDz*0)), rgb(0.14703986944033198,0.5131955371125285,0.5569591811447197)  );
  draw(  ellipsoid( (-0.028160460497049844,-0.7160704654739328,-0.697459731411455), (0.11476098940422969,-0.6954388971929947,0.7093621469897823), (0.9929939092338665,0.06006520412797839,-0.10176083469345114), 1.164684096461357, 1.5165393860159777, 2.2275587000313006,  (gDx*21, gDy*0, gDz*0)), rgb(0.19856707775554294,0.3894930190192397,0.5547992885027522)  );
  draw(  ellipsoid( (-0.06255147226843527,0.6805546223774455,0.7300224101202262), (-0.10045675061621806,-0.7320333108819109,0.6738216923006402), (0.9929731892516946,-0.031187140297884275,0.11415606732608619), 0.9978311272322395, 1.169949583981468, 1.9455737476072468,  (gDx*22, gDy*0, gDz*0)), rgb(0.19195953916260552,0.40408833589456394,0.5558942604819588)  );
  draw(  ellipsoid( (0.005010664375283171,-0.12063020250604124,0.9926848681660609), (-0.11675264780610989,-0.9859786969576149,-0.11922595512734147), (0.9931483839149017,-0.11530118554948121,-0.019024303879601186), 0.7703552458225277, 0.9473210630147738, 1.6117608855483798,  (gDx*23, gDy*0, gDz*0)), rgb(0.1834680053463956,0.423378377392418,0.5569900895609223)  );
  draw(  ellipsoid( (-0.0709426433200947,0.37587388070298755,0.9239512796484639), (0.25867584774952335,0.901528591580923,-0.34689047890246677), (0.9633555663148593,-0.21439455302640875,0.16118631605314124), 0.7866062936989554, 0.8738294049942577, 2.105309374407536,  (gDx*24, gDy*0, gDz*0)), rgb(0.15121813855513833,0.5024729955359711,0.5575108014931739)  );
  draw(  ellipsoid( (0.2150340887039982,0.9385641851681638,0.2699214904650277), (-0.3333506788321176,-0.18924806949678832,0.9236138225004566), (0.9179529757113962,-0.28858696871369616,0.27217622209008785), 0.5209406115786678, 0.660073053437547, 2.0208846055030554,  (gDx*25, gDy*0, gDz*0)), rgb(0.1264390263535722,0.570681624067126,0.549831037674171)  );
  draw(  ellipsoid( (0.3051252553495899,0.9460896994869494,0.10868697747449496), (-0.35549438236777314,0.007278403080849316,0.9346500783467298), (0.8834717441168127,-0.32382295374677583,0.3385503979822065), 0.28430466901287405, 0.42101133244685846, 2.0788870573077034,  (gDx*26, gDy*0, gDz*0)), rgb(0.13372468411516622,0.6571906129806651,0.5184519041090287)  );
  draw(  ellipsoid( (0.07625498693144273,0.8694168407444014,0.48815933259347805), (0.5551052194060113,0.36967892098712873,-0.745114548754751), (0.8282773523139998,-0.3277984936021163,0.45442796484799874), 0.3315646336923036, 0.5096070990252297, 2.3409041163197166,  (gDx*27, gDy*0, gDz*0)), rgb(0.1301207537491464,0.6514726533890964,0.5215604495458482)  );
  draw(  ellipsoid( (0.136032424920437,0.908938185669533,0.3941148994925761), (-0.5997976791571646,-0.24105976042452917,0.7629763665945016), (0.7885035976125566,-0.3401787273417408,0.5123870705006215), 0.14782158962263936, 0.24520244703710198, 1.838980096633491,  (gDx*28, gDy*0, gDz*0)), rgb(0.18919397854503256,0.7071244935828129,0.4833518741527978)  );
  draw(  ellipsoid( (-0.5353918159019593,0.048728719617487926,0.8431969611838286), (0.3111190597717687,0.9395125844839556,0.14325164656299536), (0.7852136869107246,-0.3390304049502333,0.5181677821008824), 1.1488066852539247, 1.211084064992899, 2.6561237663851642,  (gDx*29, gDy*0, gDz*0)), rgb(0.16401282851141885,0.4701686274950644,0.558146180429236)  );
  draw(  ellipsoid( (-0.7014791818124319,-0.3316867032258576,0.6308017821684739), (0.586787650715048,0.23353849603754206,0.775332202244198), (0.4044838815726486,-0.9140260946885951,-0.030807268237199488), 2.655728369932178, 2.8616562376344636, 3.2159263797053543,  (gDx*30, gDy*0, gDz*0)), rgb(0.27983864297240457,0.16869248249248633,0.47863725585837946)  );
  draw(  ellipsoid( (0.6161049438374584,-0.4287959989090855,0.6607183132762418), (0.7461833339291188,0.5863641490443312,-0.3152578577639938), (0.25224022348837927,-0.687248918540493,-0.6812222791567049), 2.818483299330803, 3.111204179532929, 4.11404616768132,  (gDx*31, gDy*0, gDz*0)), rgb(0.24611729962487877,0.284911084972696,0.5364385480123898)  );
  draw(  ellipsoid( (0.977914961613656,0.13564615189701112,-0.1590045575689414), (0.18752715804775824,-0.23355803248110754,0.9540881565442918), (0.09228159538441541,-0.9628347557805997,-0.2538372317336844), 1.9291263791614623, 2.3578550428914444, 3.1371690074804266,  (gDx*32, gDy*0, gDz*0)), rgb(0.22685199000919257,0.32865717280623524,0.5469151396662256)  );
  draw(  ellipsoid( (0.9480192452033225,-0.006321855812401522,0.3181501923042166), (-0.2823438658577815,-0.4778521943658154,0.8318288416208337), (0.14677006553315214,-0.8784175057903061,-0.45479801383090046), 0.486284249312826, 0.6724833748889198, 0.9250720561626221,  (gDx*33, gDy*0, gDz*0)), rgb(0.19995504592262825,0.38646432128392066,0.5545409961409206)  );
  draw(  ellipsoid( (-0.5727638234964911,-0.814651158212398,-0.09102248577620083), (0.8192973415649077,-0.5724951802992476,-0.03164071173040682), (-0.02633379194789129,-0.09269713564792906,0.995346056627701), 0.538436538737916, 0.6507528833432934, 0.978364738075877,  (gDx*34, gDy*0, gDz*0)), rgb(0.20513111150964225,0.37525506168351147,0.5534817887814295)  );
  draw(  ellipsoid( (-0.08741618077208971,-0.9335341836181376,-0.3476669949184691), (0.991528880505061,-0.04788122247712312,-0.1207388407202774), (0.09606711437116044,-0.3552763945866847,0.9298116975957469), 0.3771690602935337, 0.5160327988999838, 1.3195462606492865,  (gDx*35, gDy*0, gDz*0)), rgb(0.13467014536534672,0.5459546906763366,0.5538829855920553)  );
  draw(  ellipsoid( (0.23398234702345055,-0.9279703476034092,-0.290040161443558), (0.9507772687936414,0.28073583930438795,-0.13118678925625263), (0.20316211858193736,-0.24506819968912402,0.9479803431898947), 0.3909202496630763, 0.5557428155666279, 1.3281333655468035,  (gDx*36, gDy*0, gDz*0)), rgb(0.13762024362946737,0.5378967380322545,0.5548594897615746)  );
  draw(  ellipsoid( (0.3845767871263056,-0.8485955441768583,-0.36329918415376317), (0.9010411972582448,0.4306055012082306,-0.05199676117449373), (0.2005628471253761,-0.30735078449938963,0.9302204252867019), 0.30102655494979025, 0.5470266564876758, 1.4174471276648255,  (gDx*37, gDy*0, gDz*0)), rgb(0.12193356335321007,0.5885674601377731,0.5457466053830944)  );
  draw(  ellipsoid( (0.21157559017974123,-0.8543190663141386,-0.4747364559123645), (0.961341835983641,0.2694927713922911,-0.05652893555432116), (0.17623179062727717,-0.44442387323302135,0.878310751882762), 0.2801964628579669, 0.48800244961246064, 1.5099255783558472,  (gDx*38, gDy*0, gDz*0)), rgb(0.11943921365556176,0.6104711391966225,0.5392071694188127)  );
  draw(  ellipsoid( (0.8506640503671861,-0.355861807717219,-0.3869535465932916), (0.5140141448584397,0.7174143740090052,0.470219177459527), (0.11027298988573966,-0.5988981464101389,0.7931966199676843), 0.3846326513131375, 0.6248368496045695, 1.5720097756441893,  (gDx*39, gDy*0, gDz*0)), rgb(0.12732186045877253,0.5677622538743337,0.550398161639482)  );
  draw(  ellipsoid( (0.8509439527534719,-0.2533307781299321,-0.4601281409829009), (0.5062043984238312,0.629317399802077,0.5896750947112487), (0.14018379467208075,-0.7346993447379934,0.6637509898696192), 0.414128144261789, 0.5721059192434098, 1.4594678237249066,  (gDx*40, gDy*0, gDz*0)), rgb(0.13434005650182845,0.546873350688033,0.5537612294579685)  );
  draw(  ellipsoid( (0.20047626614789832,0.7068726074759324,0.6783364825155532), (0.894173397574043,0.150908427704303,-0.4215217450128847), (0.4003288670359526,-0.6910555428096872,0.6018131229623687), 0.5982375154524127, 0.7137898701494008, 0.9031922572272608,  (gDx*41, gDy*0, gDz*0)), rgb(0.24184891746110304,0.2950520824058499,0.5393198648554925)  );
  draw(  ellipsoid( (0.7399860109938041,-0.3999866715312782,-0.5407692355624596), (0.6612758670829971,0.28557442330003957,0.6936580399378934), (-0.12302410799151575,-0.8708948911057975,0.47582261137814036), 0.8526562283497346, 0.8693525980518372, 0.9141548738162962,  (gDx*42, gDy*0, gDz*0)), rgb(0.2804770353659517,0.07525606564445779,0.3988935306228176)  );
  draw(  ellipsoid( (0.9411864779617893,-0.25777563696528794,-0.218448471473303), (0.3365873632634988,0.6586091281401011,0.6730103737847296), (-0.029613520446035352,-0.7069552583563378,0.7066380276273815), 0.7347959499695728, 0.7992865147824163, 0.8709662749631144,  (gDx*43, gDy*0, gDz*0)), rgb(0.28171330849590787,0.1526921453047754,0.4667930693674394)  );
  draw(  ellipsoid( (0.5480982296672483,0.8360194952536528,0.02568529134457552), (0.17604143860523475,-0.1453256861750184,0.9735963521046901), (0.8176782634566162,-0.5291047613597778,-0.22682682596418105), 0.7364753871430734, 0.7884896223949298, 0.8734820110057713,  (gDx*44, gDy*0, gDz*0)), rgb(0.28159521945354415,0.1539235032559913,0.4677367872723083)  );
  draw(  ellipsoid( (-0.21400804331539225,-0.9684050715178215,-0.12803192904459582), (0.32006304525966767,-0.19334897594725917,0.9274566407974305), (-0.9229085569304389,0.15750489185644156,0.3513289122544079), 0.7621942130568138, 0.875914165539954, 1.0059984122507817,  (gDx*45, gDy*0, gDz*0)), rgb(0.2681914470149143,0.22276009863614937,0.5116026270945845)  );
  draw(  ellipsoid( (-0.19899175608089442,-0.8084862570935749,-0.5538521942744862), (0.3511717876645186,-0.5864504238928421,0.7299001821238381), (0.9149211204034738,0.04925314616070042,-0.4006163639105683), 0.6817643393453445, 0.7933321011917461, 0.8445767592070017,  (gDx*46, gDy*0, gDz*0)), rgb(0.276796697193056,0.18696690361962837,0.49101145809568864)  );
  draw(  ellipsoid( (0.39277260161350475,-0.8944690678835057,0.21366976861823894), (-0.11198206786181163,0.18409456738016652,0.9765086823671882), (0.912792254513124,0.40747303820096126,0.02785719368720147), 0.5527521736809984, 0.7077026606012715, 0.7432807560543094,  (gDx*47, gDy*0, gDz*0)), rgb(0.2609632417781464,0.24576154506478193,0.5223296251561649)  );
