import settings;
import three;
surface ellipsoid(triple v1,triple v2,triple v3,real l1,real l2, real l3, triple pos=O) {
  transform3 T = identity(4);
  T[0][0] = l1*v1.x;
  T[1][0] = l1*v1.y;
  T[2][0] = l1*v1.z;
  T[0][1] = l2*v2.x;
  T[1][1] = l2*v2.y;
  T[2][1] = l2*v2.z;
  T[0][2] = l3*v3.x;
  T[1][2] = l3*v3.y;
  T[2][2] = l3*v3.z;
  T[0][3] = pos.x;
  T[1][3] = pos.y;
  T[2][3] = pos.z;
  return T*unitsphere;
}

size(200);

real gDx=2;
real gDy=2;
real gDz=2;

currentprojection=perspective(up=Y, camera = (gDx*9.5,gDy*0.0,gDz*11.0), target = (gDx*9.5,gDy*0.0,gDz*0.0) );
currentlight=Viewport;

  draw(  ellipsoid( (-0.415772249782404,-0.405487411669164,0.8140721069344657), (0.909422290976685,-0.19441192942009577,0.3676344629844618), (-0.009194182160259634,-0.8931875282811546,-0.4495903761619082), 0.6768846899024326, 0.717224682917122, 0.9169472194969679,  (gDx*0, gDy*0, gDz*0)), rgb(0.2600382808002669,0.24845282136162392,0.5234608942920863)  );
  draw(  ellipsoid( (0.7280120141926711,-0.3055343518323843,0.6137159498021008), (-0.6020127254351526,0.14337710257019376,0.7855085517502122), (0.32799266090153567,0.9413244745086263,0.07955531462944067), 0.389266909386465, 0.6109545727635304, 1.2113562405802503,  (gDx*1, gDy*0, gDz*0)), rgb(0.14619454147284858,0.5153754999158496,0.5568253029942983)  );
  draw(  ellipsoid( (0.7708797712917745,-0.35152412413244183,0.5312016268480934), (-0.5048812319142266,0.17127567344196032,0.846025759269643), (0.38838038039261746,0.9203778755706389,0.04544498086877366), 0.17295096715308836, 0.3789887994189851, 1.1408703994683902,  (gDx*2, gDy*0, gDz*0)), rgb(0.122355174610872,0.6332924402626748,0.5303356409109755)  );
  draw(  ellipsoid( (0.5430941305119202,-0.6358883447443751,0.5483564337379111), (0.6355332897569258,-0.11551079916828394,-0.7633837127462466), (-0.5487678953931625,-0.7630879820137145,-0.3413949746144426), 0.6091995852485489, 0.6547722886361882, 1.17984874043014,  (gDx*3, gDy*0, gDz*0)), rgb(0.18818264445455873,0.41258848928623687,0.5564227012857816)  );
  draw(  ellipsoid( (-0.5240742930198834,-0.5743717217180946,0.6288427948909818), (0.5143024218642098,-0.8019657095250938,-0.3038815881400538), (-0.6788513491629208,-0.16415884391803248,-0.7156903797754846), 0.4265685016181767, 0.5587821718973587, 1.0213643668410786,  (gDx*4, gDy*0, gDz*0)), rgb(0.16847783892429086,0.45912553168953435,0.5580699634052216)  );
  draw(  ellipsoid( (0.696479880800695,0.6011121148332186,-0.3918928438241573), (-0.29031731493738744,0.7354891507823651,0.6121858914814856), (0.6562252908014106,-0.312601878564686,0.6867666512218205), 0.35228254809964044, 0.6883833782200451, 1.2452022035698986,  (gDx*5, gDy*0, gDz*0)), rgb(0.13733549561599684,0.538666310306546,0.5547710548058492)  );
  draw(  ellipsoid( (0.7693050720240722,0.5044452109888443,-0.39205195480759636), (0.19784323991135283,0.39538675533105455,0.8969544950164193), (0.6074765498185224,-0.7675964713436354,0.20437196138752226), 0.44207035979792203, 0.6048876916277636, 1.4953859190293257,  (gDx*6, gDy*0, gDz*0)), rgb(0.13718404122573738,0.5390756374802208,0.5547240172088743)  );
  draw(  ellipsoid( (0.7657087200081021,0.6114323951233676,0.19960105785605461), (-0.24142186286306294,-0.014419746338905533,0.9703131221658553), (0.5961590729287632,-0.7911652779977286,0.1365718223335029), 0.36670926911441293, 0.5565413701096472, 1.4973254021576943,  (gDx*7, gDy*0, gDz*0)), rgb(0.12658611904902756,0.5701931698864418,0.549926363336372)  );
  draw(  ellipsoid( (-0.6262293902881534,-0.6346918859768375,-0.4527725263468321), (-0.6807605982134322,0.16208685352006894,0.7143478563249516), (0.38000231401850393,-0.7555753184105003,0.5335767794324014), 0.5017891766099447, 0.9551123356314651, 1.0851002319662622,  (gDx*8, gDy*0, gDz*0)), rgb(0.17571644648077686,0.44158838794586064,0.5576935049307957)  );
  draw(  ellipsoid( (-0.7007476923621682,-0.499112555148262,-0.509744376077333), (0.08777749794714129,-0.7694105068063282,0.6326946995748965), (0.707988546872925,-0.39861526477218884,-0.58297348840866), 0.5293804134703811, 0.7844834734462512, 0.8503980178832304,  (gDx*9, gDy*0, gDz*0)), rgb(0.22331865837139286,0.33629907518925933,0.5482719218999982)  );
  draw(  ellipsoid( (0.3318220939433881,0.8567172818864129,-0.3948792181011575), (0.7729508534579455,-0.006956591886032482,0.6344277610319121), (-0.540778213419937,0.5157393767655204,0.6645087050926072), 0.587894680330485, 0.6539777611632253, 0.7520308472033354,  (gDx*10, gDy*0, gDz*0)), rgb(0.27310519417854157,0.20409572828625602,0.5014725725118523)  );
  draw(  ellipsoid( (-0.5617298670547907,-0.5690780570152796,0.6005078862782082), (0.7092735243442837,-0.7049186798260433,-0.004552196892409982), (-0.42589978178304577,-0.4233672399419003,-0.7996058754293466), 0.5822030114294269, 0.6557437769188139, 0.6953298299981328,  (gDx*11, gDy*0, gDz*0)), rgb(0.2809079407382548,0.16040852311624296,0.4726274910844372)  );
  draw(  ellipsoid( (0.8488275718412703,0.48854338553671556,-0.20203245712106957), (-0.25480610925460057,0.7128984100891861,0.6533373581686901), (0.4632122623253679,-0.5030916589853532,0.7296116656761868), 0.4779977307098201, 0.5903248922644415, 0.682860266387856,  (gDx*12, gDy*0, gDz*0)), rgb(0.2529079249982231,0.26792581084609274,0.5309245345794578)  );
  draw(  ellipsoid( (0.9969245218974344,-0.07180943639278715,0.03138315606375536), (0.018001917991890062,0.5995915602574503,0.8001036756675036), (-0.07627206951555093,-0.7970780173314195,0.5990402371283821), 0.38190680250606934, 0.5210148551517977, 0.6227781550496527,  (gDx*13, gDy*0, gDz*0)), rgb(0.22565556968847328,0.33125336200979644,0.5473930975233324)  );
  draw(  ellipsoid( (0.5397537008282001,-0.5740895252758893,0.615700543617403), (-0.43914282598898113,0.43197198466943787,0.7877523613694586), (0.718205764962015,0.6955727290724172,0.01894881912089501), 0.5467422670311047, 0.6039970156811733, 0.7905151762444463,  (gDx*14, gDy*0, gDz*0)), rgb(0.24831585310582946,0.279543570650049,0.5347945635029847)  );
  draw(  ellipsoid( (-0.6522783557312717,0.1334883025855068,0.7461325751616458), (0.34083935191025616,-0.8275804751294767,0.4460258886812134), (-0.677023989851102,-0.5452443766397868,-0.4943147650119153), 0.4548337914950906, 0.5392966631425684, 0.8421598558350214,  (gDx*15, gDy*0, gDz*0)), rgb(0.20101644825416948,0.3841543483821641,0.5543368126078214)  );
  draw(  ellipsoid( (-0.5477027696078947,-0.30128854442397324,0.78054268887917), (-0.6898906645590224,-0.3651839086467772,-0.6250532647861079), (0.4733630183254195,-0.8808325186233452,-0.007843915954599141), 0.5739740830359861, 0.7738428111326299, 0.8630487870247856,  (gDx*16, gDy*0, gDz*0)), rgb(0.24002700782455638,0.2992812272906867,0.5404352512528443)  );
  draw(  ellipsoid( (-0.007271535428229867,-0.0038634092094463586,0.9999660988462541), (0.05428645410986932,-0.9985193979646554,-0.0034630605653232513), (-0.9984989262251076,-0.05425943196885119,-0.007470499964831007), 0.5121220913437863, 0.5486170586573328, 0.7675748741734447,  (gDx*17, gDy*0, gDz*0)), rgb(0.23786402341753246,0.30423670719369367,0.5416818418789068)  );
  draw(  ellipsoid( (-0.3918197304293106,0.9174607227943801,0.06887031999283996), (-0.10228178525273961,-0.11782831344004184,0.9877524613775396), (-0.9143389608081975,-0.3799767238680405,-0.14000697863569553), 0.5515743732289916, 0.6359866756425112, 0.763219956303775,  (gDx*18, gDy*0, gDz*0)), rgb(0.25941313297234575,0.25024924553712596,0.5242035979382094)  );
  draw(  ellipsoid( (-0.6854639400496012,0.31958716106066315,0.6542195605275515), (0.279375405437177,-0.7143021858126402,0.6416554918179206), (-0.6723753190952877,-0.6226045565432933,-0.40034359797933533), 0.703633214203364, 0.7554268107879653, 1.0129904522152973,  (gDx*19, gDy*0, gDz*0)), rgb(0.2473264090585735,0.2819720081301677,0.5355483478844201)  );
