import settings;
import three;
surface ellipsoid(triple v1,triple v2,triple v3,real l1,real l2, real l3, triple pos=O) {
  transform3 T = identity(4);
  T[0][0] = l1*v1.x;
  T[1][0] = l1*v1.y;
  T[2][0] = l1*v1.z;
  T[0][1] = l2*v2.x;
  T[1][1] = l2*v2.y;
  T[2][1] = l2*v2.z;
  T[0][2] = l3*v3.x;
  T[1][2] = l3*v3.y;
  T[2][2] = l3*v3.z;
  T[0][3] = pos.x;
  T[1][3] = pos.y;
  T[2][3] = pos.z;
  return T*unitsphere;
}

size(200);

real gDx=1.5453461396416674;
real gDy=1.5453461396416674;
real gDz=1.5453461396416674;

currentprojection=perspective(up=Y, camera = (gDx*23.5,gDy*0.0,gDz*11.0), target = (gDx*23.5,gDy*0.0,gDz*0.0) );
currentlight=Viewport;

  draw(  ellipsoid( (-0.32554979275392715,-0.4437386321164149,0.8349331463089293), (0.9455178406101402,-0.14936896313834624,0.28928346986807346), (0.0036531528591472184,-0.8836203592145374,-0.4681898282275679), 1.0874271514336697, 1.1022751243560451, 1.2022065202027294,  (gDx*0, gDy*0, gDz*0)), rgb(0.28295159159989486,0.10657870527877025,0.427970973053651)  );
  draw(  ellipsoid( (0.5238718508433902,-0.7385617846588092,-0.4243639642282502), (0.8384349800619747,0.5350020120834912,0.10392127441045015), (0.1502832928252405,-0.4102430222541396,0.8995085294700614), 0.7848379591965876, 0.8019229804431345, 0.8914858960555859,  (gDx*1, gDy*0, gDz*0)), rgb(0.2831374134067137,0.1280242046636157,0.44680591483355236)  );
  draw(  ellipsoid( (-0.004846923764428732,-0.8814218944499937,-0.4723049346706064), (0.8080869189916355,-0.28166698281790326,0.5173579439274756), (-0.5890433249639857,-0.3791558449693781,0.7136307214105411), 0.6745795436893438, 0.8205127189499166, 0.8420780410338136,  (gDx*2, gDy*0, gDz*0)), rgb(0.273761955820626,0.20128663816115472,0.49982774166135546)  );
  draw(  ellipsoid( (-0.013403824740192277,-0.8786875047939873,-0.47720918516018834), (0.6002454825947307,-0.3887652604197217,0.6989756311313041), (0.7997035063740519,0.2770737107877661,-0.5326391467807677), 0.6299990037921163, 0.7986782702848491, 0.8312095357555809,  (gDx*3, gDy*0, gDz*0)), rgb(0.2642773647475366,0.2356929735528114,0.517865325945397)  );
  draw(  ellipsoid( (-0.017885300740656418,-0.8770147829049991,-0.48013038498257304), (0.5156042424991825,-0.41952077228724205,0.7470974412594119), (0.8566401701614631,0.23419520103028096,-0.4596957979796267), 0.6188339814944168, 0.7936782247973022, 0.8356233768689018,  (gDx*4, gDy*0, gDz*0)), rgb(0.2602499862407589,0.2478444648187407,0.5232093787376288)  );
  draw(  ellipsoid( (0.023944555042544703,-0.8872158044828196,-0.4607328668108206), (0.9986104158226256,-0.00041518264425170065,0.05269786555388016), (-0.04694566747184943,-0.4613544666514835,0.8859730020753159), 0.7034118220164265, 0.8099872332926829, 0.847905975061703,  (gDx*5, gDy*0, gDz*0)), rgb(0.27966427731791244,0.16994863212675695,0.4795331522241179)  );
  draw(  ellipsoid( (0.02789418958233364,-0.8876930290647778,-0.4595900350718506), (0.9993161602299251,0.013599994250087776,0.03438389244568533), (-0.024271919801773116,-0.46023485994239705,0.8874653500858152), 0.6350027852104287, 0.7576162156782913, 0.8077459954530165,  (gDx*6, gDy*0, gDz*0)), rgb(0.2727636838285639,0.2055038694804575,0.5022790677191055)  );
  draw(  ellipsoid( (-0.014847746757834984,-0.8781678600957513,-0.4781221119244165), (0.5703629188753104,-0.40018697489158556,0.7173120143279057), (0.821258598243118,0.2620526562009448,-0.5068162588056723), 0.48050371951472326, 0.700981648432388, 0.7501599430463599,  (gDx*7, gDy*0, gDz*0)), rgb(0.22853661479663023,0.324988618258061,0.5462187362818707)  );
  draw(  ellipsoid( (-0.022438751311843447,-0.8751244072125853,-0.4833774656936195), (0.4519591225798204,-0.4401515428701848,0.7758863130806437), (0.8917563871127832,0.20105693524426582,-0.4053969102419739), 0.4825497980907357, 0.7061056767873523, 0.7783914521259083,  (gDx*8, gDy*0, gDz*0)), rgb(0.22367279630072978,0.3355368371977578,0.5481440590835692)  );
  draw(  ellipsoid( (-0.04271715337422338,-0.863837820067512,-0.5019556408972925), (0.31420346308047864,-0.4885375709724698,0.8140068952635189), (0.9483941314642544,0.12294414329006331,-0.2922897689534052), 0.40335658431109683, 0.6560346123314519, 0.8638650191615308,  (gDx*9, gDy*0, gDz*0)), rgb(0.1822677766998725,0.4261567385893938,0.5571187376984301)  );
  draw(  ellipsoid( (-0.009206634250887247,-0.8800997528582779,-0.4746995501415276), (0.6994900691238781,-0.3449092673129255,0.6259003439196476), (0.7145830120306824,0.3262851855975983,-0.6187964904366364), 0.5508522665804843, 0.7452716282440618, 0.7782862399552175,  (gDx*10, gDy*0, gDz*0)), rgb(0.24930715064730496,0.2770815113289739,0.5340073625331101)  );
  draw(  ellipsoid( (0.8578231963634657,-0.39564995507237977,-0.328025116160319), (-0.4874996686152799,-0.8284952210534529,-0.27557166362233804), (0.16273732479292896,-0.39630390074135613,0.9035816406813644), 0.5366938342780577, 0.5721832062594818, 0.7553603436423426,  (gDx*11, gDy*0, gDz*0)), rgb(0.25197281112263625,0.2703465377446457,0.5317695550305835)  );
  draw(  ellipsoid( (0.10980805199080312,-0.4356369566509856,0.8933994815970359), (0.986501519333916,0.1576198034109057,-0.044393129249721386), (0.1214781629341674,-0.8862146690122966,-0.4470644431819257), 1.3718585618293972, 1.6730986621761466, 1.9356701475176528,  (gDx*12, gDy*0, gDz*0)), rgb(0.2555054368974268,0.26107443373088357,0.5284483800844444)  );
  draw(  ellipsoid( (0.12031745091135783,-0.4308532037217313,0.8943652653412439), (0.9804877377622572,0.19265371909462908,-0.03909399719725326), (0.1554590206583205,-0.8816178658362867,-0.4456258874147998), 2.08590034511108, 3.4599980956320455, 4.636038418925002,  (gDx*13, gDy*0, gDz*0)), rgb(0.17785924282970372,0.4364962533140271,0.5575280997606453)  );
  draw(  ellipsoid( (0.1714564050660481,-0.38311522452954666,0.9076482941621729), (0.3037326939814137,0.8969705232385489,0.3212325186651508), (0.9372028338458117,-0.22060508873287243,-0.2701559606163472), 1.74791346372345, 3.0573246119171342, 3.7684995060523,  (gDx*14, gDy*0, gDz*0)), rgb(0.1794733882886982,0.43268889309343617,0.5573882301448898)  );
  draw(  ellipsoid( (0.2188856429997693,0.007259844784355457,0.9757235110123588), (0.009921759243054162,-0.9999371832162084,0.005214241570720948), (-0.9757000737839987,-0.008539571145088964,0.21894392373975022), 1.0941877530107313, 1.2391423106797246, 2.2784536936022795,  (gDx*15, gDy*0, gDz*0)), rgb(0.18058905309575565,0.43006881319561985,0.5572856721377816)  );
  draw(  ellipsoid( (-0.06495572110633274,-0.8440880549824428,-0.5322556807883905), (0.2585197579958535,-0.5294063829802518,0.8080200593955154), (-0.9638196351088317,-0.08511308416291552,0.25260141306602946), 0.16405090673624786, 0.44621614321777436, 1.3130831795185642,  (gDx*16, gDy*0, gDz*0)), rgb(0.13184360935447634,0.6543140735832571,0.5200364150780712)  );
  draw(  ellipsoid( (-0.0719636500223173,-0.8357504285765566,-0.5443734510513604), (0.24772775258864038,-0.5436629599725975,0.8019111837050382), (-0.9661532971908997,-0.07714795582474443,0.24616254637782836), 0.15651488684632492, 0.443269077361796, 1.6845243021030953,  (gDx*17, gDy*0, gDz*0)), rgb(0.1578833776759936,0.6837926045924257,0.5016661225168029)  );
  draw(  ellipsoid( (-0.0713452079997583,-0.8365329004412103,-0.5432518456249245), (0.24860615643909834,-0.5423650759486032,0.802517976977366), (-0.9659735194486698,-0.07779994132826318,0.24666237826889817), 0.13539758892003906, 0.41534871709422594, 1.712155039857175,  (gDx*18, gDy*0, gDz*0)), rgb(0.17508635869310002,0.6974414635774195,0.4913942474091433)  );
  draw(  ellipsoid( (-0.069434284339422,-0.8388924534288457,-0.5398502864113386), (0.25140395024207757,-0.53840471717954,0.8043111427311563), (0.9653884886204886,0.0798737259613671,-0.2482846228426101), 0.14054057827059252, 0.42037940711569227, 1.576609749808493,  (gDx*19, gDy*0, gDz*0)), rgb(0.16189802193529215,0.6872154141397893,0.4992014297506502)  );
  draw(  ellipsoid( (0.10033991376150764,0.7887640197345662,0.606451335952442), (0.21624484817546735,-0.6122457436812884,0.76052173866479), (-0.971169432871475,-0.05483129139746812,0.2319988408156033), 0.5861836881855427, 0.812706241129176, 1.7322229119350347,  (gDx*20, gDy*0, gDz*0)), rgb(0.14871664669854698,0.5088798441731495,0.5572047534821285)  );
  draw(  ellipsoid( (0.2150510753301699,-0.15467861485450152,0.9642756665528953), (0.037812633608230506,0.9879559358624321,0.15004423858914345), (0.9758705035705031,-0.004194627621004976,-0.2183097921765623), 1.1552515895792648, 1.347081960744569, 2.2349457583077594,  (gDx*21, gDy*0, gDz*0)), rgb(0.1929385054983097,0.4019058758970462,0.555745588072265)  );
  draw(  ellipsoid( (0.21481450074348096,0.15410084230459137,0.9644208939417191), (0.04842281385414815,-0.987939635368407,0.1470731381544089), (-0.975453720772429,-0.015106530678974828,0.21968575593804365), 1.0351815304238692, 1.124828143607582, 1.8311514996734986,  (gDx*22, gDy*0, gDz*0)), rgb(0.2041756845092223,0.3773152622273845,0.5536879498219484)  );
  draw(  ellipsoid( (-0.1376397813256871,-0.687332546372663,-0.7131824880726448), (0.1823860373037497,-0.7253108291397846,0.6638219147702142), (-0.9735453887689325,-0.038706224685827184,0.22519148335875844), 0.861022443612601, 0.9670919111288251, 1.544536803545792,  (gDx*23, gDy*0, gDz*0)), rgb(0.20378727964423493,0.37815328794151487,0.5537706969453586)  );
  draw(  ellipsoid( (-0.14400104589038654,-0.6645858535931646,-0.7332048431279758), (0.17615387373637426,-0.7463087452375009,0.6418668627914175), (-0.9737728233782994,-0.036727373794918194,0.22453861241217304), 0.8460952103393862, 0.9717051230622528, 1.7705446827394096,  (gDx*24, gDy*0, gDz*0)), rgb(0.1805917949791044,0.4300623740273331,0.5572854200888774)  );
  draw(  ellipsoid( (-0.08806122386320892,-0.8119024060208143,-0.5771132505404172), (0.2283159842189657,-0.5803916305897232,0.7816759984108039), (-0.9695963243545423,-0.06292883471839061,0.23648029423008318), 0.5914605238116557, 0.8043077331264704, 1.4115279777306027,  (gDx*25, gDy*0, gDz*0)), rgb(0.1697032566340449,0.45612233872009444,0.558027567528619)  );
  draw(  ellipsoid( (-0.05984352661762038,-0.8494750935571079,-0.5242240148525331), (0.2678121401101303,-0.5195746081759538,0.8113685254854517), (-0.961610841209477,-0.09183840136319366,0.25859291966999975), 0.35907146009556573, 0.6298708075220651, 1.0701616884500527,  (gDx*26, gDy*0, gDz*0)), rgb(0.15030457648614104,0.5048082354753157,0.5574085273260302)  );
  draw(  ellipsoid( (-0.06256151530303389,-0.8466807799812619,-0.5284105540328563), (0.2626973632025344,-0.5247478284941741,0.8097097083875704), (0.9628479382381332,0.08815539292051766,-0.25524982767791476), 0.43503675579286283, 0.6882974754522041, 1.095928462314281,  (gDx*27, gDy*0, gDz*0)), rgb(0.16546967922771247,0.4665495311126988,0.5581358273713268)  );
  draw(  ellipsoid( (-0.02387344368582428,-0.8744860058100922,-0.4844628823025471), (0.4356858349963654,-0.445260634631803,0.7822536803561898), (0.8997821468945134,0.19239852621471887,-0.391631070320403), 0.20228243836063725, 0.4669807330069899, 0.5869072110106884,  (gDx*28, gDy*0, gDz*0)), rgb(0.14791464792218917,0.5109419667252091,0.5570921824248324)  );
  draw(  ellipsoid( (0.17753376914830182,-0.37147224543563845,0.9113123129218668), (0.23040894817676372,0.9159740676751176,0.3284862614277445), (0.9567619753167844,-0.151657107376159,-0.24820685802415132), 1.223026701611669, 1.4962404890664707, 1.6626572932477228,  (gDx*29, gDy*0, gDz*0)), rgb(0.26198531459263835,0.24273772274953967,0.521030999135965)  );
  draw(  ellipsoid( (0.10860860289476323,-0.43612967796027535,0.8933057009666477), (0.9869989751499327,0.1544106800059698,-0.04461350639746401), (0.1184786665616649,-0.8865372219497388,-0.4472298734067408), 1.8851133710375116, 2.795699103804498, 3.7606233715131037,  (gDx*30, gDy*0, gDz*0)), rgb(0.19261301450476176,0.4026296871942303,0.5557961951056853)  );
  draw(  ellipsoid( (0.09930932488704355,-0.43963794856462257,0.892667985407996), (0.9900945202857787,0.13313773452520278,-0.044577848148718936), (0.09924967954886929,-0.8882526767915687,-0.44850494231620214), 2.074414400741958, 3.1603475319702823, 4.602437242531763,  (gDx*31, gDy*0, gDz*0)), rgb(0.17912271914355427,0.4335124210672182,0.5574204655694124)  );
  draw(  ellipsoid( (-0.16314639833048644,-0.4603234730051649,0.872631395786476), (0.9865299893728984,-0.06543777949927776,0.14992156976937324), (0.011909356813001613,-0.8853362057516155,-0.4647988489719327), 1.7810135598488326, 2.0048114809816093, 3.4762136930390284,  (gDx*32, gDy*0, gDz*0)), rgb(0.18972283341424853,0.40910756509868695,0.5562150160894749)  );
  draw(  ellipsoid( (0.9757628011761373,-0.013354879521607743,-0.2184229910834976), (0.05976882067913447,0.9764491714014054,0.20730340987097762), (0.2105104365952525,-0.21533384049533982,0.9535809840920717), 0.5385227195939729, 0.7640119680612069, 0.8750870390132469,  (gDx*33, gDy*0, gDz*0)), rgb(0.22450164879993267,0.3337475697508163,0.5478331117321207)  );
  draw(  ellipsoid( (0.9071133035403074,-0.29905013427602245,-0.2961662906707702), (0.38640667073622065,0.8706608556038691,0.3043674741651757), (0.16683926201808738,-0.3905364153425798,0.9053430117588736), 0.6143879021806974, 0.6531159800610873, 0.807948922866288,  (gDx*34, gDy*0, gDz*0)), rgb(0.2664591259953482,0.22865738855598292,0.5145385237006734)  );
  draw(  ellipsoid( (0.3974767310991357,-0.8069627258312365,-0.43683338626273255), (0.9060426662947153,0.42049781153948396,0.04762643534916057), (0.1452547248398774,-0.41472008585252423,0.8982807552776395), 0.49611879450869983, 0.5333318069072766, 0.715685593792815,  (gDx*35, gDy*0, gDz*0)), rgb(0.24696378428455715,0.2828620145887272,0.5358246049317318)  );
  draw(  ellipsoid( (0.8018243220566919,-0.48065295531438834,-0.3550359039672899), (0.5757974204461225,0.7803498155364215,0.24394978171718879), (0.15979701863901447,-0.4000336260113856,0.9024621936093862), 0.5245573879002139, 0.5564488269361998, 0.7438114385081437,  (gDx*36, gDy*0, gDz*0)), rgb(0.24985371152119706,0.27571663075024005,0.5335651838305684)  );
  draw(  ellipsoid( (0.5224815591937446,-0.7394404583602774,-0.4245477933547839), (0.8393106265184549,0.5337521455708538,0.10327787426021552), (0.15023545691903856,-0.4102882592013242,0.8994958876203242), 0.46460947861647567, 0.4974092287845917, 0.6952649122352974,  (gDx*37, gDy*0, gDz*0)), rgb(0.23817479868102032,0.30352755230110484,0.5415061437378169)  );
  draw(  ellipsoid( (0.1975518834060356,-0.8737365440207474,-0.44447463932760983), (0.9718262925506066,0.2340186095304569,-0.02808820928386625), (0.12855703197441537,-0.4264032622249885,0.8953509633064661), 0.42015813662056967, 0.48427068673028284, 0.65979874395543,  (gDx*38, gDy*0, gDz*0)), rgb(0.23217099992578405,0.3170037886560372,0.5445969653023737)  );
  draw(  ellipsoid( (0.9758635326549812,-0.006062481085602367,-0.21829707271795318), (0.042853139203142154,0.9854958850752658,0.16419947917138683), (0.21413541065077668,-0.16959099864911845,0.9619692921723738), 0.4435838146120761, 0.7315501000705745, 0.8585918340089945,  (gDx*39, gDy*0, gDz*0)), rgb(0.19316663261371847,0.40139857773334897,0.5557101190830076)  );
  draw(  ellipsoid( (0.9757539853626498,-0.013754490917184947,-0.21843757467183827), (0.06059487251058604,0.9759894290390696,0.20921973097539395), (0.21031505289524957,-0.21738318330450362,0.9531590266802643), 0.46408611403079963, 0.7147426386463074, 0.8465635398385984,  (gDx*40, gDy*0, gDz*0)), rgb(0.20358721418830047,0.3785849509089386,0.5538133195859708)  );
  draw(  ellipsoid( (0.05306088622788439,-0.8894218358958191,-0.453997070678239), (0.9972102907036282,0.07109656094101209,-0.022735767793199538), (0.05249931873364497,-0.45152417084146373,0.8907130540631094), 0.6376051862374592, 0.7376374082564177, 0.8076527974487056,  (gDx*41, gDy*0, gDz*0)), rgb(0.27433648571818675,0.19877644005758482,0.49834104750983)  );
  draw(  ellipsoid( (0.6105314458181382,-0.6773626845239746,-0.4104036394596031), (0.7770503453228507,0.6124960109427653,0.14505653178274497), (0.15311471026930237,-0.4074658638385232,0.9002929830368964), 0.8563043389767899, 0.867598610393028, 0.9295253691294744,  (gDx*42, gDy*0, gDz*0)), rgb(0.28190619875627126,0.0894669091025653,0.4122287572805703)  );
  draw(  ellipsoid( (0.9530321980886363,-0.16671886958165338,-0.25285262097071104), (0.2465117261082193,0.9120235379381906,0.32778809486900506), (0.17595908131576787,-0.3747237446067716,0.910285953385193), 0.7432890852661954, 0.7872905728768519, 0.8873873617259515,  (gDx*43, gDy*0, gDz*0)), rgb(0.28091997083646625,0.16029934555214373,0.4725457129535806)  );
  draw(  ellipsoid( (0.04392006075033746,-0.8890317257181289,-0.45573415378961046), (0.9984838119987558,0.054214288547321035,-0.009533524728096841), (0.033182908855615506,-0.45462446214865443,0.8900648813294043), 0.747300129414653, 0.8263049382482909, 0.871177950634608,  (gDx*44, gDy*0, gDz*0)), rgb(0.2825203330522068,0.14246322943452516,0.45874807844606075)  );
  draw(  ellipsoid( (-0.05149756714020798,-0.8571311007892908,-0.5125175866625249), (0.2866913005908168,-0.5042857222181012,0.8145575538490292), (0.9566379141264398,0.10498660117704217,-0.27170151789989516), 0.7777717162815645, 0.891237134015969, 0.9864066918858189,  (gDx*45, gDy*0, gDz*0)), rgb(0.27434497874066527,0.19873796179205655,0.4983178295198747)  );
  draw(  ellipsoid( (-0.01150311942584964,-0.879344750234152,-0.47604672930197844), (0.6432112851537147,-0.3710177924826321,0.669794774772259), (0.7656023255544495,0.2984938992625327,-0.5698723288673242), 0.6713268874882863, 0.8228718560852063, 0.8493261988021198,  (gDx*46, gDy*0, gDz*0)), rgb(0.2718392191642027,0.20925744714568667,0.5044081616362635)  );
  draw(  ellipsoid( (0.04501737224524828,-0.889091775181988,-0.4555098807928037), (0.9983425177436653,0.05640531123532302,-0.011430578711747585), (0.03585601011506809,-0.4542403066309593,0.8901573402328603), 0.5837832098965363, 0.7018935751533243, 0.7749864923057991,  (gDx*47, gDy*0, gDz*0)), rgb(0.2664534111585613,0.22867608224509622,0.5145474842461581)  );
