import settings;
import three;
surface ellipsoid(triple v1,triple v2,triple v3,real l1,real l2, real l3, triple pos=O) {
  transform3 T = identity(4);
  T[0][0] = l1*v1.x;
  T[1][0] = l1*v1.y;
  T[2][0] = l1*v1.z;
  T[0][1] = l2*v2.x;
  T[1][1] = l2*v2.y;
  T[2][1] = l2*v2.z;
  T[0][2] = l3*v3.x;
  T[1][2] = l3*v3.y;
  T[2][2] = l3*v3.z;
  T[0][3] = pos.x;
  T[1][3] = pos.y;
  T[2][3] = pos.z;
  return T*unitsphere;
}

size(200);

real gDx=6.205780179476499;
real gDy=6.205780179476499;
real gDz=6.205780179476499;

currentprojection=perspective(up=Y, camera = (gDx*23.5,gDy*0.0,gDz*11.0), target = (gDx*23.5,gDy*0.0,gDz*0.0) );
currentlight=Viewport;

  draw(  ellipsoid( (0.9010673205613499,0.4056605886836303,-0.1533530912803523), (0.33401711192578176,-0.8746952213852136,-0.3511991438295828), (0.2766048675586702,-0.2652315148596084,0.9236568576956097), 5.446411776857049, 5.695194094134406, 6.164847645502907,  (gDx*0, gDy*0, gDz*0)), rgb(0.28322213069168334,0.11968284798468574,0.43962465816040036)  );
  draw(  ellipsoid( (0.51180371023949,0.803138047120482,0.30500203188272373), (0.8077221672827337,-0.3289118707393446,-0.4892871158806739), (0.29264630984376955,-0.4967758634980589,0.8170507198335865), 3.824964937179364, 3.9964018511877586, 4.676247567918659,  (gDx*1, gDy*0, gDz*0)), rgb(0.2778804666962092,0.1810952270953609,0.4871765422613146)  );
  draw(  ellipsoid( (0.042783552055109725,-0.9209573525902681,-0.3873075294691189), (0.960153046247832,-0.0692618009624549,0.2707562200734187), (-0.27618054865351405,-0.3834584170902524,0.8812967416869768), 3.291609203472709, 4.103207710709787, 4.430124136157397,  (gDx*2, gDy*0, gDz*0)), rgb(0.2626630186112598,0.2406834022062856,0.5201226304141875)  );
  draw(  ellipsoid( (-0.4706130980612019,-0.7081308738034751,-0.5263781696647044), (-0.23853313617011243,-0.4722504602803076,0.848576128413879), (0.8494852882081526,-0.5249096763552414,-0.05333457402611912), 2.956618408051994, 3.858554902582546, 4.41041328474995,  (gDx*3, gDy*0, gDz*0)), rgb(0.24310104599989094,0.29211999249599097,0.5385236018774681)  );
  draw(  ellipsoid( (0.11314470213212272,-0.10314758757802714,0.9882099228181563), (0.5458220892954431,0.8375302561101083,0.024926229905335422), (0.8302267902305914,-0.5365665338771783,-0.15106234311184208), 2.5528845000210696, 3.7511707263044762, 4.334799317226264,  (gDx*4, gDy*0, gDz*0)), rgb(0.21592020655781782,0.3521539939424017,0.5507114220435646)  );
  draw(  ellipsoid( (0.28839345419477513,-0.29697521798792176,0.9102938731413239), (0.8884351869330991,-0.27154973710925123,-0.3700589938037531), (0.3570884122969488,0.9154596988272742,0.1855300666369769), 2.7892836747657084, 4.049552054036175, 4.351956754546613,  (gDx*5, gDy*0, gDz*0)), rgb(0.22902187793474238,0.3239281542086916,0.5460118042467232)  );
  draw(  ellipsoid( (0.8212246638642345,-0.17543392982404626,0.5429668385155456), (0.07782089274776016,-0.9082371350292546,-0.4111559499822337), (-0.5652733499051732,-0.3799055709256485,0.73221431088626), 2.278426532461744, 3.490483699582561, 5.886733464382012,  (gDx*6, gDy*0, gDz*0)), rgb(0.16285485642304753,0.4730570606558388,0.5581438454830643)  );
  draw(  ellipsoid( (-0.48535065161729324,-0.5296209628577269,-0.6956553605603304), (0.7657284533542982,-0.6415293218117379,-0.04582646592751872), (-0.42201265466606935,-0.5549250084087273,0.7169125151259886), 1.994981454221883, 2.5990876151526474, 7.016799054912888,  (gDx*7, gDy*0, gDz*0)), rgb(0.13321922037474648,0.5500192438803373,0.5533301172101558)  );
  draw(  ellipsoid( (-0.029784597166056748,-0.7922485971254408,-0.6094711134454421), (0.9388827759222605,-0.23137561915492733,0.2548812585051799), (-0.3429460757147777,-0.5646303952263334,0.7507199917002269), 2.095292900833938, 3.188055870708359, 5.8455670968632525,  (gDx*8, gDy*0, gDz*0)), rgb(0.15546087557037416,0.4916754501861785,0.5578826144706226)  );
  draw(  ellipsoid( (0.14638202275866102,-0.920772391107,-0.36159439595793025), (0.8930420553164677,-0.03422260275215594,0.448669924217132), (-0.42549758030947926,-0.3885962136150657,0.8172788948179271), 1.6155652480030915, 3.751667481384722, 6.011675388141655,  (gDx*9, gDy*0, gDz*0)), rgb(0.13289530841220548,0.5509371191183,0.553199704618617)  );
  draw(  ellipsoid( (0.3932382717518682,-0.899969694640457,-0.18819726448162397), (0.8655903646560659,0.2933510420871326,0.40583061333636733), (-0.3100273895064478,-0.32248986780231675,0.8943619529701952), 2.138076178117525, 4.081090430639682, 5.252739340429989,  (gDx*10, gDy*0, gDz*0)), rgb(0.16514782909538153,0.46734664660710507,0.5581405478399344)  );
  draw(  ellipsoid( (0.5477357499845121,-0.8364395837638939,0.01882474174558744), (-0.7037483087650034,-0.44844248909266615,0.5510332584216415), (0.4524642152693421,0.3150684952343823,0.8342709255460365), 1.729702538006161, 3.328437341138873, 5.030555579451295,  (gDx*11, gDy*0, gDz*0)), rgb(0.15159920185079145,0.5014994607362582,0.5575522903540737)  );
  draw(  ellipsoid( (0.5727811031839236,-0.7735768888559367,-0.2711099497683139), (-0.45942118456784864,-0.5768697297231552,0.6753913606934936), (-0.6788622710135558,-0.2622977543882219,-0.6858176908167459), 7.75473804051595, 7.971560578269034, 10.291552612009902,  (gDx*12, gDy*0, gDz*0)), rgb(0.2619786717595966,0.24275737570038924,0.5210394393916037)  );
  draw(  ellipsoid( (-0.54105324147856,0.06253960007973725,0.8386597571765378), (0.5556177729885415,-0.7220136246434997,0.4122926341427995), (0.6313083875767819,0.6890465327182348,0.3558996986851524), 15.813569848957865, 18.59095098251642, 18.617340538429502,  (gDx*13, gDy*0, gDz*0)), rgb(0.28033244010500386,0.1650712052254013,0.4760433394161356)  );
  draw(  ellipsoid( (-0.3666894889895077,0.8277741650345924,-0.42465132799262156), (0.1886712423560311,0.5131263561705295,0.8373198342992877), (0.9110115152798264,0.22691688853947878,-0.34433522143852235), 12.035151609046377, 13.509726529123235, 19.067857613675663,  (gDx*14, gDy*0, gDz*0)), rgb(0.22877763572456628,0.3244619060288647,0.5461159570942221)  );
  draw(  ellipsoid( (0.24199591415993454,0.6032587902881402,0.7599452674173238), (0.41001051646613856,-0.7734394230062589,0.48340752510373247), (-0.8793914679578533,-0.19460290563050564,0.43451162838651003), 5.634012991431587, 6.224695138481606, 11.968798528498029,  (gDx*15, gDy*0, gDz*0)), rgb(0.17665246088188877,0.4393598310375806,0.5576234479735609)  );
  draw(  ellipsoid( (0.0984655289700237,-0.9330230757893455,-0.3460816083660648), (0.5428643297941489,-0.24110614120545368,0.8044663747542004), (-0.8340280924775874,-0.2670875675084944,0.48276430298914225), 0.8542879642444592, 1.6716851001038524, 8.530128549431431,  (gDx*16, gDy*0, gDz*0)), rgb(0.1563456037675917,0.68240987708369,0.5026317707944824)  );
  draw(  ellipsoid( (-0.09808567764583154,-0.8553117360153366,-0.5087445666296487), (0.5289888692657634,-0.47781767982295226,0.701328055222048), (-0.8429412648777417,-0.2003299754980309,0.49931745902108315), 0.8075056906151552, 1.7985584314219818, 10.431041880049882,  (gDx*17, gDy*0, gDz*0)), rgb(0.18349827973232136,0.7033371229992338,0.4865716830995226)  );
  draw(  ellipsoid( (-0.24366640407346107,-0.5807143192904489,-0.7767866907310779), (0.3519603322181041,-0.7992732827671214,0.4871202561992174), (-0.9037425563017548,-0.15470326055290573,0.3991444514251318), 0.6366144458175473, 1.8350664107582584, 8.984249399620655,  (gDx*18, gDy*0, gDz*0)), rgb(0.18890100336055066,0.7069326547348622,0.4835168831647473)  );
  draw(  ellipsoid( (0.016297878825348056,-0.833872352227407,-0.5517166658136454), (0.2377424297104172,-0.5327330344799939,0.8122032080022369), (-0.9711914930955592,-0.14440365010784606,0.18956442064466952), 0.7352154855811315, 1.8392383794672962, 8.181817865587737,  (gDx*19, gDy*0, gDz*0)), rgb(0.16309386033181963,0.6881897406857435,0.4984806054289695)  );
  draw(  ellipsoid( (-0.04316794346126851,-0.8929249841009854,-0.4481311207956657), (0.3062290304849264,-0.4387845943171748,0.8448028531427758), (-0.9509786062502074,-0.10076235685099444,0.29238098073617247), 3.0956025354599723, 3.6254331878039356, 8.847978156623896,  (gDx*20, gDy*0, gDz*0)), rgb(0.14703917207291473,0.5131973355092319,0.5569590706997047)  );
  draw(  ellipsoid( (-0.028160460497049844,-0.7160704654739314,-0.6974597314114566), (0.11476098940423018,-0.6954388971929961,0.7093621469897808), (0.9929939092338665,0.06006520412797911,-0.10176083469345124), 5.8233804823067885, 7.582656930079893, 11.137753500156503,  (gDx*21, gDy*0, gDz*0)), rgb(0.19856658316790526,0.3894940999992438,0.5547993786533416)  );
  draw(  ellipsoid( (-0.06255147226843549,0.6805546223774452,0.7300224101202262), (-0.10045675061621773,-0.732033310881911,0.67382169230064), (0.9929731892516946,-0.03118714029788383,0.11415606732608621), 4.989115636161197, 5.849707919907339, 9.727828738036234,  (gDx*22, gDy*0, gDz*0)), rgb(0.1919589813056586,0.4040895841237233,0.5558943422535738)  );
  draw(  ellipsoid( (0.005010664375283115,-0.12063020250604208,0.9926848681660609), (-0.11675264780610983,-0.9859786969576145,-0.11922595512734227), (0.9931483839149016,-0.11530118554948066,-0.019024303879601186), 3.8517362291126385, 4.736565315073864, 8.058764427741897,  (gDx*23, gDy*0, gDz*0)), rgb(0.18346732074694982,0.423379962144241,0.5569901629406436)  );
  draw(  ellipsoid( (-0.07094264332009459,0.3758738807029881,0.9239512796484638), (0.25867584774952324,0.9015285915809229,-0.3468904789024674), (0.9633555663148592,-0.21439455302640875,0.1611863160531412), 3.9329914684947767, 4.369107024971287, 10.526506872037682,  (gDx*24, gDy*0, gDz*0)), rgb(0.15121756765229996,0.502474454069991,0.5575107393352365)  );
  draw(  ellipsoid( (0.21503408870399843,0.9385641851681636,0.2699214904650274), (-0.3333506788321177,-0.18924806949678802,0.9236138225004568), (0.9179529757113962,-0.28858696871369616,0.27217622209008796), 2.6046630578933385, 3.300325267187735, 10.104383027515274,  (gDx*25, gDy*0, gDz*0)), rgb(0.12643848240483974,0.5706835168443489,0.5498306498731388)  );
  draw(  ellipsoid( (0.30512525534958923,0.9460896994869494,0.10868697747449571), (-0.3554943823677735,0.007278403080848372,0.9346500783467298), (0.8834717441168128,-0.3238229537467754,0.3385503979822067), 1.4214833450643656, 2.1050166622342923, 10.394395286538517,  (gDx*26, gDy*0, gDz*0)), rgb(0.13372638106376808,0.6571931486027096,0.5184504955856842)  );
  draw(  ellipsoid( (0.07625498693144217,0.869416840744401,0.48815933259347866), (-0.5551052194060115,-0.3696789209871295,0.7451145487547505), (0.8282773523139995,-0.3277984936021161,0.45442796484799886), 1.6577831684615207, 2.5479954951261488, 11.704480581598595,  (gDx*27, gDy*0, gDz*0)), rgb(0.1301220991261669,0.651474872252606,0.5215592594281476)  );
  draw(  ellipsoid( (0.136032424920438,0.9089381856695332,0.3941148994925749), (-0.5997976791571644,-0.24105976042452754,0.7629763665945024), (0.7885035976125567,-0.3401787273417408,0.5123870705006216), 0.7390679481131959, 1.2259722351855096, 9.194860483167467,  (gDx*28, gDy*0, gDz*0)), rgb(0.1891995299355002,0.7071281286086044,0.4833487475075918)  );
  draw(  ellipsoid( (-0.535391815901958,0.04872871961749281,0.8431969611838291), (0.31111905977177123,0.9395125844839552,0.14325164656299086), (0.7852136869107244,-0.33903040495023296,0.518167782100883), 5.74399342626962, 6.055380324964495, 13.280578831925816,  (gDx*29, gDy*0, gDz*0)), rgb(0.16401240386961202,0.47016968340733206,0.5581461824215233)  );
  draw(  ellipsoid( (-0.7014791818124302,-0.33168670322585636,0.6308017821684765), (0.5867876507150501,0.2335384960375423,0.7753322022441962), (0.4044838815726476,-0.9140260946885957,-0.03080726823719963), 13.278601849660893, 14.30824118817232, 16.079591898526772,  (gDx*30, gDy*0, gDz*0)), rgb(0.2798385928463669,0.16869284360605574,0.4786375134075803)  );
  draw(  ellipsoid( (0.6161049438374591,-0.42879599890908415,0.6607183132762416), (0.7461833339291182,0.5863641490443312,-0.31525785776399495), (-0.25224022348837905,0.6872489185404935,0.6812222791567043), 14.092376496654015, 15.555980897664645, 20.570190838406603,  (gDx*31, gDy*0, gDz*0)), rgb(0.24611711330012026,0.2849115346242884,0.5364386816515179)  );
  draw(  ellipsoid( (0.9779149616136559,0.13564615189701118,-0.15900455756894147), (0.18752715804775813,-0.23355803248110737,0.9540881565442919), (0.09228159538441538,-0.9628347557806,-0.2538372317336841), 9.645591895807312, 11.789235214457221, 15.685805037402135,  (gDx*32, gDy*0, gDz*0)), rgb(0.2268516822079775,0.32865784126983333,0.546915263802662)  );
  draw(  ellipsoid( (0.9480192452033225,-0.0063218558124013,0.3181501923042166), (-0.2823438658577817,-0.4778521943658145,0.8318288416208343), (0.1467700655331522,-0.8784175057903064,-0.45479801383089974), 2.431381246564131, 3.3623768744445997, 4.625320280813113,  (gDx*33, gDy*0, gDz*0)), rgb(0.19995384261699836,0.38646694008672056,0.5545412276226006)  );
  draw(  ellipsoid( (-0.572763823496492,-0.8146511582123975,-0.09102248577620088), (0.8192973415649074,-0.5724951802992483,-0.0316407117304069), (-0.026333791947891295,-0.09269713564792918,0.995346056627701), 2.6921426936895814, 3.2537244167164676, 4.891783690379385,  (gDx*34, gDy*0, gDz*0)), rgb(0.20513001563224698,0.37525742021511016,0.5534820348067918)  );
  draw(  ellipsoid( (-0.08741618077208918,-0.9335341836181378,-0.3476669949184689), (0.9915288805050612,-0.04788122247712273,-0.12073884072027717), (0.09606711437116042,-0.3552763945866845,0.929811697595747), 1.8858053014676661, 2.580123994499919, 6.597691303246431,  (gDx*35, gDy*0, gDz*0)), rgb(0.13466916649153116,0.5459574149494952,0.5538826245259767)  );
  draw(  ellipsoid( (0.23398234702345044,-0.9279703476034095,-0.29004016144355804), (0.9507772687936416,0.28073583930438784,-0.13118678925625268), (0.20316211858193747,-0.2450681996891243,0.9479803431898947), 1.9545612483153822, 2.7786740778331396, 6.6406268277340175,  (gDx*36, gDy*0, gDz*0)), rgb(0.13761925803561997,0.5378994017407362,0.554859183663045)  );
  draw(  ellipsoid( (0.3845767871263055,-0.8485955441768583,-0.36329918415376317), (0.9010411972582449,0.4306055012082305,-0.05199676117449386), (0.2005628471253762,-0.30735078449938974,0.9302204252867019), 1.5050927747489506, 2.7350932824383785, 7.087195638324126,  (gDx*37, gDy*0, gDz*0)), rgb(0.12193291608641743,0.5885705369517913,0.5457458253222114)  );
  draw(  ellipsoid( (0.21157559017974095,-0.8543190663141388,-0.4747364559123645), (0.9613418359836411,0.2694927713922909,-0.05652893555432135), (0.17623179062727715,-0.4444238732330213,0.8783107518827621), 1.4009423142898332, 2.4399722480623036, 7.549587891779234,  (gDx*38, gDy*0, gDz*0)), rgb(0.11943913934328675,0.6104742093790408,0.5392061373966563)  );
  draw(  ellipsoid( (0.8506640503671861,-0.3558618077172192,-0.3869535465932917), (0.5140141448584401,0.717414374009005,0.4702191774595268), (0.1102729898857397,-0.5988981464101393,0.7931966199676844), 1.9231232565656875, 3.124144248022848, 7.860008878220945,  (gDx*39, gDy*0, gDz*0)), rgb(0.12732109342858633,0.5677647881695856,0.5503976697770756)  );
  draw(  ellipsoid( (0.8509439527534711,-0.2533307781299331,-0.4601281409829017), (0.5062043984238328,0.6293173998020767,0.5896750947112475), (0.14018379467208067,-0.7346993447379924,0.6637509898696198), 2.070600721308945, 2.8604895962170476, 7.297299118624528,  (gDx*40, gDy*0, gDz*0)), rgb(0.13433916736917043,0.5468758252053775,0.5537609014936925)  );
  draw(  ellipsoid( (0.20047626614789843,0.7068726074759324,0.6783364825155529), (0.894173397574043,0.1509084277043029,-0.42152174501288503), (0.40032886703595283,-0.6910555428096867,0.6018131229623688), 2.991147577262063, 3.5689093507470044, 4.515921286136304,  (gDx*41, gDy*0, gDz*0)), rgb(0.24184800418409913,0.29505422101239476,0.5393204456334593)  );
  draw(  ellipsoid( (0.7399860109938061,-0.39998667153127276,-0.5407692355624613), (0.6612758670829951,0.28557442330003613,0.6936580399378968), (-0.12302410799151456,-0.8708948911058015,0.47582261137813386), 4.263241141748675, 4.346722990259186, 4.570734369081485,  (gDx*42, gDy*0, gDz*0)), rgb(0.2804771019408108,0.07525664857265005,0.39889407914869035)  );
  draw(  ellipsoid( (0.9411864779617882,-0.25777563696529093,-0.2184484714733038), (0.3365873632635019,0.658609128140104,0.6730103737847253), (-0.029613520446035074,-0.7069552583563335,0.7066380276273856), 3.6739397498478628, 3.9963925739120794, 4.35479137481557,  (gDx*43, gDy*0, gDz*0)), rgb(0.2817131923332906,0.15269335657518204,0.4667939976901657)  );
  draw(  ellipsoid( (0.5480982296672492,0.8360194952536522,0.025685291344575867), (0.17604143860523425,-0.14532568617501873,0.9735963521046901), (0.8176782634566161,-0.5291047613597789,-0.22682682596418072), 3.6823369357153677, 3.94240811197465, 4.367370055028857,  (gDx*44, gDy*0, gDz*0)), rgb(0.2815951029639704,0.15392471793569362,0.4677377182079332)  );
  draw(  ellipsoid( (-0.21400804331539314,-0.9684050715178213,-0.1280319290445963), (0.3200630452596677,-0.19334897594726003,0.9274566407974303), (-0.9229085569304387,0.15750489185644234,0.35132891225440827), 3.8109310652840698, 4.379530827699771, 5.0299520612539075,  (gDx*45, gDy*0, gDz*0)), rgb(0.26819101749617535,0.2227616150937271,0.5116034063185058)  );
  draw(  ellipsoid( (-0.19899175608089426,-0.8084862570935749,-0.5538521942744861), (0.351171787664521,-0.5864504238928416,0.7299001821238372), (0.9149211204034731,0.049253146160701644,-0.40061636391056976), 3.408781696726723, 3.9666205059587307, 4.222843796035008,  (gDx*46, gDy*0, gDz*0)), rgb(0.2767964003189791,0.18696843410024178,0.49101243809596584)  );
  draw(  ellipsoid( (0.392772601613505,-0.8944690678835057,0.21366976861823922), (-0.11198206786181186,0.18409456738016672,0.9765086823671881), (0.9127922545131238,0.4074730382009615,0.02785719368720153), 2.7637208684049934, 3.538473303006358, 3.716363780271548,  (gDx*47, gDy*0, gDz*0)), rgb(0.26096248659817334,0.24576377927943105,0.5223305846732845)  );
